Down,Distance,Yardline,Run_EP,Pass_EP,Kick_EP,Punt_EP,EP,Opt_Choice
1,20,99,-2.1725,-0.62234,-3.41916,-3.35117,-0.62234,1
1,19,99,-2.27643,-0.487474,-3.41916,-3.35117,-0.487474,1
1,18,99,-1.7956,-0.913835,-3.41916,-3.35117,-0.913835,1
1,17,99,-1.21808,-1.18191,-3.41916,-3.35117,-1.18191,1
1,15,99,-1.7301,-1.01479,-3.41916,-3.35117,-1.01479,1
1,13,99,-0.990159,-0.350232,-3.41916,-3.35117,-0.350232,1
1,12,99,-0.341618,-0.37349,-3.41916,-3.35117,-0.341618,0
1,10,99,-0.237679,-0.644185,-3.41916,-3.35117,-0.644185,0
1,9,99,-0.460314,-0.632223,-3.41916,-3.35117,-0.632223,0
1,7,99,-0.110797,-0.139456,-3.41916,-3.35117,-0.139456,0
1,4,99,-0.298409,0.132676,-3.41916,-3.35117,0.132676,1
1,3,99,-0.274145,-0.538827,-3.41916,-3.35117,-0.538827,0
1,2,99,-0.244538,-0.114777,-3.41916,-3.35117,-0.114777,1
1,1,99,-1.78048,-0.446953,-3.41916,-3.35117,-0.446953,1
1,20,98,-1.88652,-0.585478,-3.41916,-3.12829,-0.585478,1
1,19,98,-1.89904,-0.347562,-3.41916,-3.12829,-0.347562,1
1,18,98,-1.5878,-0.816816,-3.41916,-3.12829,-0.816816,1
1,17,98,-0.91205,-1.03576,-3.41916,-3.12829,-1.03576,0
1,15,98,-1.16129,-0.907799,-3.41916,-3.12829,-0.907799,1
1,13,98,-0.388518,-0.325025,-3.41916,-3.12829,-0.388518,1
1,12,98,-0.0268763,-0.0475133,-3.41916,-3.12829,-0.0475133,0
1,9,98,-0.0561265,-0.567499,-3.41916,-3.12829,-0.567499,0
1,7,98,0.00153056,0.0428999,-3.41916,-3.12829,0.0428999,1
1,4,98,-0.267678,0.278792,-3.41916,-3.12829,0.278792,1
1,3,98,-0.101765,-0.254708,-3.41916,-3.12829,-0.254708,0
1,2,98,-0.0403116,0.0739722,-3.41916,-3.12829,0.0739722,1
1,1,98,-1.59377,-0.299475,-3.41916,-3.12829,-0.299475,1
1,20,97,-1.80247,-0.706954,-3.41916,-2.81209,-1.80247,1
1,19,97,-1.78175,-0.373907,-3.41916,-2.81209,-0.373907,1
1,18,97,-1.44558,-0.718522,-3.41916,-2.81209,-0.718522,1
1,17,97,-1.05219,-1.07341,-3.41916,-2.81209,-1.07341,0
1,15,97,-1.06889,-0.888501,-3.41916,-2.81209,-0.888501,1
1,13,97,-0.364869,-0.140574,-3.41916,-2.81209,-0.140574,1
1,12,97,0.0951692,0.111137,-3.41916,-2.81209,0.111137,1
1,7,97,0.0304594,0.0951098,-3.41916,-2.81209,0.0951098,1
1,4,97,-0.173452,0.289134,-3.41916,-2.81209,0.289134,1
1,3,97,-0.199897,-0.270216,-3.41916,-2.81209,-0.270216,0
1,2,97,0.0656083,0.346299,-3.41916,-2.81209,0.346299,1
1,20,96,-1.22692,-0.397264,-3.41916,-2.99602,-0.397264,1
1,19,96,-1.41629,-0.368447,-3.41916,-2.99602,-0.368447,1
1,18,96,-1.04389,-0.794199,-3.41916,-2.99602,-0.794199,1
1,17,96,-0.878111,-0.94687,-3.41916,-2.99602,-0.94687,0
1,15,96,-0.846405,-0.7921,-3.41916,-2.99602,-0.7921,1
1,13,96,-0.203361,-0.155031,-3.41916,-2.99602,-0.203361,1
1,12,96,0.236129,0.280561,-3.41916,-2.99602,0.280561,1
1,9,96,0.102472,-0.355174,-3.41916,-2.99602,-0.355174,0
1,7,96,0.158603,0.113447,-3.41916,-2.99602,0.113447,0
1,4,96,-0.133413,0.221312,-3.41916,-2.99602,0.221312,1
1,3,96,-0.0112716,-0.116076,-3.41916,-2.99602,-0.116076,0
1,2,96,0.244107,0.215848,-3.41916,-2.99602,0.215848,0
1,19,95,-1.47118,-0.366206,-3.41916,-2.85377,-0.366206,1
1,17,95,-0.789347,-0.88746,-3.41916,-2.85377,-0.88746,0
1,15,95,-0.918406,-0.951532,-3.41916,-2.85377,-0.951532,0
1,13,95,-0.164567,-0.050307,-3.41916,-2.85377,-0.050307,1
1,7,95,0.232909,0.176639,-3.41916,-2.85377,0.176639,0
1,4,95,-0.07934,0.349197,-3.41916,-2.85377,0.349197,1
1,2,95,0.152947,0.456851,-3.41916,-2.85377,0.456851,1
1,1,95,-0.382269,-0.187954,-3.41916,-2.85377,-0.187954,1
1,19,94,-1.26153,-0.154879,-3.41916,-2.55553,-0.154879,1
1,17,94,-0.783118,-0.795059,-3.41916,-2.55553,-0.795059,0
1,15,94,-0.765628,-0.627425,-3.41916,-2.55553,-0.627425,1
1,13,94,-0.0480298,0.0227417,-3.41916,-2.55553,0.0227417,1
1,7,94,0.352922,0.289479,-3.41916,-2.55553,0.289479,0
1,4,94,-0.0768081,0.300266,-3.41916,-2.55553,0.300266,1
1,2,94,0.328721,0.31739,-3.41916,-2.55553,0.31739,0
1,1,94,-0.0595087,-0.21684,-3.41916,-2.55553,-0.21684,0
1,19,93,-1.3591,-0.267408,-3.41916,-2.51688,-0.267408,1
1,17,93,-0.664658,-0.65946,-3.41916,-2.51688,-0.65946,1
1,15,93,-0.791505,-0.575361,-3.41916,-2.51688,-0.575361,1
1,13,93,-0.0271152,-0.00352828,-3.41916,-2.51688,-0.00352828,1
1,7,93,0.439327,0.441943,-3.41916,-2.51688,0.441943,1
1,4,93,0.0541182,0.4634,-3.41916,-2.51688,0.4634,1
1,2,93,0.404617,0.437529,-3.41916,-2.51688,0.437529,1
1,1,93,-0.257911,-0.162953,-3.41916,-2.51688,-0.162953,1
1,19,92,-1.30298,-0.21374,-6.43894,-2.39982,-0.21374,1
1,17,92,-0.473624,-0.643082,-6.43894,-2.39982,-0.643082,0
1,15,92,-0.97726,-0.460307,-6.43894,-2.39982,-0.460307,1
1,13,92,0.166689,0.067964,-6.43894,-2.39982,0.067964,0
1,7,92,0.567824,0.472788,-6.43894,-2.39982,0.472788,0
1,4,92,0.0811283,0.534453,-6.43894,-2.39982,0.534453,1
1,2,92,0.277497,0.319941,-6.43894,-2.39982,0.319941,1
1,1,92,-0.172649,-0.0567471,-6.43894,-2.39982,-0.0567471,1
1,19,91,-1.18832,-0.0371152,-6.29331,-2.45927,-0.0371152,1
1,17,91,-0.553651,-0.521659,-6.29331,-2.45927,-0.521659,1
1,15,91,-0.863863,-0.363448,-6.29331,-2.45927,-0.863863,1
1,13,91,0.19629,-0.0649657,-6.29331,-2.45927,-0.0649657,0
1,7,91,0.86571,0.780221,-6.29331,-2.45927,0.780221,0
1,4,91,0.194362,0.68581,-6.29331,-2.45927,0.68581,1
1,2,91,0.515441,0.357031,-6.29331,-2.45927,0.357031,0
1,1,91,-0.271189,0.0915325,-6.29331,-2.45927,0.0915325,1
1,19,90,-1.05725,-0.143264,-6.05291,-2.36134,-0.143264,1
1,17,90,-0.753451,-0.658959,-6.05291,-2.36134,-0.658959,1
1,15,90,-0.801796,-0.254938,-6.05291,-2.36134,-0.801796,1
1,13,90,-0.109175,0.0308568,-6.05291,-2.36134,0.0308568,1
1,7,90,0.657445,0.793171,-6.05291,-2.36134,0.793171,1
1,4,90,0.370547,0.832183,-6.05291,-2.36134,0.832183,1
1,2,90,0.587207,0.556501,-6.05291,-2.36134,0.556501,0
1,1,90,-0.169504,0.129994,-6.05291,-2.36134,0.129994,1
1,19,89,-1.19312,-0.268678,-5.75042,-2.39784,-0.268678,1
1,17,89,-0.578809,-0.447639,-5.75042,-2.39784,-0.578809,1
1,15,89,-0.854273,-0.296677,-5.75042,-2.39784,-0.296677,1
1,13,89,0.259352,0.0254789,-5.75042,-2.39784,0.0254789,0
1,7,89,1.12089,1.00348,-5.75042,-2.39784,1.00348,0
1,4,89,0.466161,0.95553,-5.75042,-2.39784,0.95553,1
1,2,89,0.875627,0.451445,-5.75042,-2.39784,0.451445,0
1,1,89,-0.0479777,0.450277,-5.75042,-2.39784,0.450277,1
1,19,88,-0.956932,0.12372,-5.55605,-2.24038,-0.956932,1
1,17,88,-0.646365,-0.537341,-5.55605,-2.24038,-0.537341,1
1,15,88,-0.859794,-0.270756,-5.55605,-2.24038,-0.270756,1
1,13,88,0.0870567,0.159859,-5.55605,-2.24038,0.159859,1
1,7,88,1.17292,1.06808,-5.55605,-2.24038,1.06808,0
1,4,88,0.814345,1.16214,-5.55605,-2.24038,1.16214,1
1,2,88,0.892754,0.874403,-5.55605,-2.24038,0.874403,0
1,1,88,-0.265173,0.420092,-5.55605,-2.24038,0.420092,1
1,19,87,-0.89081,0.192548,-5.60239,-2.09737,0.192548,1
1,17,87,-0.723881,-0.515619,-5.60239,-2.09737,-0.515619,1
1,15,87,-0.727486,-0.000583488,-5.60239,-2.09737,-0.000583488,1
1,13,87,0.191668,0.177001,-5.60239,-2.09737,0.177001,0
1,7,87,1.02305,0.955046,-5.60239,-2.09737,0.955046,0
1,4,87,0.885597,1.06023,-5.60239,-2.09737,1.06023,1
1,2,87,1.07918,0.826857,-5.60239,-2.09737,0.826857,0
1,1,87,0.196785,0.473772,-5.60239,-2.09737,0.473772,1
1,19,86,-0.779396,0.203642,-5.61978,-2.01828,0.203642,1
1,17,86,-0.301127,-0.306506,-5.61978,-2.01828,-0.301127,0
1,15,86,-0.814089,-0.129915,-5.61978,-2.01828,-0.129915,1
1,13,86,0.143624,0.119132,-5.61978,-2.01828,0.143624,0
1,7,86,1.09174,1.03271,-5.61978,-2.01828,1.03271,0
1,4,86,1.16279,1.17128,-5.61978,-2.01828,1.17128,1
1,2,86,1.24305,1.13069,-5.61978,-2.01828,1.13069,0
1,1,86,0.258593,0.626699,-5.61978,-2.01828,0.626699,1
1,19,85,0.0578432,0.147113,-5.14185,-2.10808,0.147113,1
1,17,85,0.136832,-0.604929,-5.14185,-2.10808,-0.604929,0
1,15,85,-0.052071,-0.117055,-5.14185,-2.10808,-0.117055,0
1,13,85,0.260579,0.401428,-5.14185,-2.10808,0.401428,1
1,7,85,0.907021,0.164455,-5.14185,-2.10808,0.164455,0
1,4,85,1.33644,1.36195,-5.14185,-2.10808,1.36195,1
1,2,85,1.16574,-0.129299,-5.14185,-2.10808,-0.129299,0
1,1,85,1.28747,1.32542,-5.14185,-2.10808,1.32542,1
1,19,84,-0.255148,-0.167918,-5.35927,-2.00544,-0.167918,1
1,17,84,0.192323,-0.588997,-5.35927,-2.00544,-0.588997,0
1,15,84,0.216665,0.295742,-5.35927,-2.00544,0.295742,1
1,13,84,0.049206,0.255408,-5.35927,-2.00544,0.255408,1
1,7,84,0.878452,0.130483,-5.35927,-2.00544,0.130483,0
1,4,84,1.35056,1.37899,-5.35927,-2.00544,1.37899,1
1,2,84,1.35521,-0.00326819,-5.35927,-2.00544,-0.00326819,0
1,1,84,1.17543,1.28223,-5.35927,-2.00544,1.28223,1
1,19,83,0.124117,0.134444,-5.22327,-1.89942,0.124117,1
1,17,83,0.0765772,-0.266163,-5.22327,-1.89942,-0.266163,0
1,15,83,0.273298,0.394325,-5.22327,-1.89942,0.394325,1
1,13,83,0.0430606,0.263418,-5.22327,-1.89942,0.263418,1
1,7,83,1.08781,0.29681,-5.22327,-1.89942,0.29681,0
1,4,83,1.52306,1.48599,-5.22327,-1.89942,1.48599,0
1,2,83,1.44106,0.0359067,-5.22327,-1.89942,0.0359067,0
1,1,83,1.32352,1.32371,-5.22327,-1.89942,1.32371,1
1,19,82,-0.214227,-0.31642,-5.04662,-1.89873,-0.31642,0
1,17,82,0.252715,-0.780612,-5.04662,-1.89873,0.252715,0
1,15,82,0.316298,0.426714,-5.04662,-1.89873,0.426714,1
1,13,82,0.381393,0.355017,-5.04662,-1.89873,0.355017,0
1,9,82,0.86558,-0.512194,-5.04662,-1.89873,-0.512194,0
1,7,82,1.13555,0.277788,-5.04662,-1.89873,0.277788,0
1,4,82,1.46104,1.43954,-5.04662,-1.89873,1.43954,0
1,2,82,1.35347,0.0399962,-5.04662,-1.89873,0.0399962,0
1,1,82,1.37151,1.32002,-5.04662,-1.89873,1.32002,0
1,19,81,-0.0768938,0.205816,-4.70389,-1.77463,0.205816,1
1,17,81,0.415744,-0.438188,-4.70389,-1.77463,-0.438188,0
1,15,81,0.393694,0.629923,-4.70389,-1.77463,0.629923,1
1,13,81,0.524633,0.46058,-4.70389,-1.77463,0.46058,0
1,7,81,1.13214,0.240157,-4.70389,-1.77463,0.240157,0
1,4,81,1.49085,1.6093,-4.70389,-1.77463,1.6093,1
1,2,81,1.35365,0.104253,-4.70389,-1.77463,0.104253,0
1,1,81,1.51089,1.457,-4.70389,-1.77463,1.457,0
1,19,80,0.237495,0.341554,-4.82344,-1.66435,0.341554,1
1,17,80,-0.0022534,-0.762415,-4.82344,-1.66435,-0.762415,0
1,15,80,0.286751,0.188961,-4.82344,-1.66435,0.188961,0
1,13,80,0.549569,0.443839,-4.82344,-1.66435,0.443839,0
1,7,80,1.17308,0.423107,-4.82344,-1.66435,0.423107,0
1,4,80,1.72339,1.71374,-4.82344,-1.66435,1.71374,0
1,2,80,1.43363,0.144689,-4.82344,-1.66435,0.144689,0
1,1,80,1.56987,1.70682,-4.82344,-1.66435,1.70682,1
1,19,79,0.515521,0.547835,-4.30456,-1.7295,0.547835,1
1,17,79,0.226015,-0.281434,-4.30456,-1.7295,-0.281434,0
1,15,79,0.486201,0.65746,-4.30456,-1.7295,0.65746,1
1,13,79,0.736156,0.543758,-4.30456,-1.7295,0.543758,0
1,9,79,0.710183,-0.396742,-4.30456,-1.7295,-0.396742,0
1,7,79,1.35767,0.583559,-4.30456,-1.7295,0.583559,0
1,4,79,1.69577,1.83032,-4.30456,-1.7295,1.83032,1
1,2,79,1.63964,0.0999444,-4.30456,-1.7295,0.0999444,0
1,1,79,1.57309,1.69108,-4.30456,-1.7295,1.69108,1
1,19,78,0.431929,0.512015,-4.65291,-1.66623,0.512015,1
1,17,78,0.368137,-0.149909,-4.65291,-1.66623,-0.149909,0
1,15,78,0.254947,0.381947,-4.65291,-1.66623,0.381947,1
1,13,78,0.487848,0.478434,-4.65291,-1.66623,0.478434,0
1,9,78,0.936985,-0.0285316,-4.65291,-1.66623,-0.0285316,0
1,7,78,1.07559,0.465053,-4.65291,-1.66623,0.465053,0
1,4,78,1.72424,1.82439,-4.65291,-1.66623,1.82439,1
1,2,78,1.76553,0.317666,-4.65291,-1.66623,0.317666,0
1,1,78,1.56489,1.73094,-4.65291,-1.66623,1.73094,1
1,19,77,0.578746,0.637405,-4.67517,-1.58996,0.637405,1
1,17,77,0.573507,0.0514117,-4.67517,-1.58996,0.0514117,0
1,15,77,0.29377,0.60003,-4.67517,-1.58996,0.60003,1
1,13,77,0.680487,0.977958,-4.67517,-1.58996,0.977958,1
1,9,77,1.09005,0.0762285,-4.67517,-1.58996,0.0762285,0
1,7,77,1.07764,0.524283,-4.67517,-1.58996,0.524283,0
1,4,77,1.8254,1.78897,-4.67517,-1.58996,1.78897,0
1,2,77,1.7764,0.387116,-4.67517,-1.58996,0.387116,0
1,1,77,1.76118,1.71037,-4.67517,-1.58996,1.71037,0
1,19,76,0.672303,0.756637,-4.75214,-1.45125,0.756637,1
1,17,76,0.596957,0.0927867,-4.75214,-1.45125,0.0927867,0
1,15,76,0.369484,0.767109,-4.75214,-1.45125,0.767109,1
1,13,76,0.37954,0.778629,-4.75214,-1.45125,0.778629,1
1,9,76,1.04838,0.0854544,-4.75214,-1.45125,0.0854544,0
1,7,76,1.13127,0.650718,-4.75214,-1.45125,0.650718,0
1,4,76,2.00306,1.97623,-4.75214,-1.45125,1.97623,0
1,2,76,1.82341,0.410103,-4.75214,-1.45125,0.410103,0
1,1,76,1.7394,1.79816,-4.75214,-1.45125,1.79816,1
1,19,75,0.492928,0.314246,-4.90201,-1.41384,0.314246,0
1,17,75,0.732957,0.170154,-4.90201,-1.41384,0.170154,0
1,15,75,0.684222,1.04879,-4.90201,-1.41384,1.04879,1
1,13,75,0.602262,0.639162,-4.90201,-1.41384,0.639162,1
1,9,75,1.40615,0.221045,-4.90201,-1.41384,0.221045,0
1,7,75,1.38943,0.805007,-4.90201,-1.41384,0.805007,0
1,4,75,1.72261,1.8989,-4.90201,-1.41384,1.8989,1
1,2,75,1.81048,0.551303,-4.90201,-1.41384,0.551303,0
1,1,75,1.87475,1.77013,-4.90201,-1.41384,1.77013,0
1,19,74,0.616504,0.468522,-4.86797,-1.45906,0.468522,0
1,17,74,0.78872,0.327858,-4.86797,-1.45906,0.78872,0
1,15,74,0.753412,1.07605,-4.86797,-1.45906,1.07605,1
1,13,74,0.70194,0.856741,-4.86797,-1.45906,0.856741,1
1,9,74,1.08827,-0.180187,-4.86797,-1.45906,-0.180187,0
1,7,74,1.4211,0.760373,-4.86797,-1.45906,0.760373,0
1,4,74,1.76881,1.91079,-4.86797,-1.45906,1.91079,1
1,2,74,1.92855,0.570766,-4.86797,-1.45906,0.570766,0
1,1,74,1.91394,2.06474,-4.86797,-1.45906,2.06474,1
1,19,73,0.706218,0.431052,-4.58061,-1.30758,0.431052,0
1,17,73,0.404397,0.141816,-4.58061,-1.30758,0.141816,0
1,15,73,0.756372,1.18703,-4.58061,-1.30758,1.18703,1
1,13,73,0.968475,1.21127,-4.58061,-1.30758,1.21127,1
1,9,73,1.53662,0.539687,-4.58061,-1.30758,0.539687,0
1,7,73,1.6797,0.860983,-4.58061,-1.30758,0.860983,0
1,4,73,1.87255,1.89459,-4.58061,-1.30758,1.89459,1
1,2,73,1.95435,0.470625,-4.58061,-1.30758,0.470625,0
1,1,73,2.05902,2.13106,-4.58061,-1.30758,2.13106,1
1,19,72,0.704724,0.57155,-4.69937,-1.21867,0.57155,0
1,17,72,0.531962,0.342359,-4.69937,-1.21867,0.342359,0
1,15,72,0.852605,1.36744,-4.69937,-1.21867,1.36744,1
1,13,72,1.10014,1.02205,-4.69937,-1.21867,1.02205,0
1,9,72,1.17672,0.335163,-4.69937,-1.21867,0.335163,0
1,7,72,1.4799,0.780903,-4.69937,-1.21867,0.780903,0
1,4,72,1.88798,2.11817,-4.69937,-1.21867,2.11817,1
1,2,72,2.0031,0.495933,-4.69937,-1.21867,0.495933,0
1,1,72,1.94404,2.17019,-4.69937,-1.21867,2.17019,1
1,19,71,0.422256,0.45879,-4.4203,-1.13959,0.45879,1
1,17,71,0.466448,0.340833,-4.4203,-1.13959,0.466448,0
1,15,71,0.61054,1.0093,-4.4203,-1.13959,1.0093,1
1,13,71,1.0846,1.32973,-4.4203,-1.13959,1.32973,1
1,7,71,1.75044,1.0844,-4.4203,-1.13959,1.0844,0
1,4,71,1.91691,2.06704,-4.4203,-1.13959,2.06704,1
1,2,71,1.97109,0.641381,-4.4203,-1.13959,0.641381,0
1,1,71,1.95117,2.15785,-4.4203,-1.13959,2.15785,1
1,19,70,0.103627,0.352331,-4.23657,-1.06699,0.352331,1
1,17,70,-0.0396183,1.08584,-4.23657,-1.06699,1.08584,1
1,15,70,0.380895,1.14805,-4.23657,-1.06699,1.14805,1
1,13,70,1.34614,0.401343,-4.23657,-1.06699,0.401343,0
1,7,70,1.83354,1.95205,-4.23657,-1.06699,1.95205,1
1,16,86,-0.0708017,-0.818927,-5.61978,-2.01828,-0.818927,0
1,5,70,1.97591,1.83158,-4.23657,-1.06699,1.83158,0
1,4,70,2.14367,2.15256,-4.23657,-1.06699,2.15256,1
1,2,70,2.08967,1.93642,-4.23657,-1.06699,1.93642,0
1,1,70,2.03427,2.24559,-4.23657,-1.06699,2.24559,1
1,19,69,-0.116343,0.502012,-4.38821,-0.937499,0.502012,1
1,9,87,0.671066,0.265225,-5.60239,-2.09737,0.265225,0
1,18,69,1.21565,0.994067,-4.38821,-0.937499,0.994067,0
1,17,69,-0.0592205,0.944905,-4.38821,-0.937499,0.944905,1
1,15,69,0.397112,1.14163,-4.38821,-0.937499,1.14163,1
1,13,69,1.2349,0.422877,-4.38821,-0.937499,0.422877,0
1,9,69,1.98177,2.49814,-4.38821,-0.937499,2.49814,1
1,7,69,1.78465,1.91971,-4.38821,-0.937499,1.91971,1
1,16,81,-0.0371706,0.328359,-4.70389,-1.77463,0.328359,1
1,5,69,2.10722,1.92672,-4.38821,-0.937499,1.92672,0
1,4,69,2.16534,2.12799,-4.38821,-0.937499,2.12799,0
1,2,69,2.05326,1.90816,-4.38821,-0.937499,1.90816,0
1,1,69,2.14798,2.25025,-4.38821,-0.937499,2.25025,1
1,19,68,-0.0686605,0.537414,-4.27007,-1.01066,0.537414,1
1,17,68,0.141847,1.10965,-4.27007,-1.01066,1.10965,1
1,15,68,0.381128,1.14116,-4.27007,-1.01066,1.14116,1
1,13,68,1.25196,0.446323,-4.27007,-1.01066,0.446323,0
1,9,68,1.90023,2.53442,-4.27007,-1.01066,2.53442,1
1,7,68,1.93293,2.1162,-4.27007,-1.01066,2.1162,1
1,4,68,2.32267,2.3194,-4.27007,-1.01066,2.3194,0
1,2,68,2.16825,2.05603,-4.27007,-1.01066,2.05603,0
1,1,68,2.18983,2.3136,-4.27007,-1.01066,2.3136,1
1,19,67,0.263994,0.726939,-4.33476,-0.933887,0.726939,1
1,9,81,1.04164,-0.27182,-4.70389,-1.77463,-0.27182,0
1,18,67,1.22723,0.986264,-4.33476,-0.933887,0.986264,0
1,17,67,0.0441221,1.06279,-4.33476,-0.933887,1.06279,1
1,15,67,0.222915,0.825676,-4.33476,-0.933887,0.825676,1
1,13,67,1.34832,0.470899,-4.33476,-0.933887,0.470899,0
1,7,67,2.03497,2.27237,-4.33476,-0.933887,2.27237,1
1,4,67,2.27823,2.31295,-4.33476,-0.933887,2.31295,1
1,3,67,2.54405,1.7884,-4.33476,-0.933887,1.7884,0
1,2,67,2.21136,2.08078,-4.33476,-0.933887,2.08078,0
1,1,67,2.18925,2.38912,-4.33476,-0.933887,2.38912,1
1,19,66,0.472065,0.861101,-4.06104,-0.806488,0.861101,1
1,9,86,0.382957,0.622002,-5.61978,-2.01828,0.622002,1
1,18,66,1.34689,1.12129,-4.06104,-0.806488,1.12129,0
1,17,66,0.0715594,1.0844,-4.06104,-0.806488,0.0715594,1
1,15,66,0.582691,1.29291,-4.06104,-0.806488,1.29291,1
1,13,66,1.38259,0.553431,-4.06104,-0.806488,0.553431,0
1,7,66,2.04762,1.98636,-4.06104,-0.806488,1.98636,0
1,4,66,2.24521,2.26319,-4.06104,-0.806488,2.26319,1
1,2,66,2.26099,2.11616,-4.06104,-0.806488,2.11616,0
1,1,66,2.26996,2.45373,-4.06104,-0.806488,2.45373,1
1,19,65,0.472018,0.885234,-4.11009,-0.783219,0.885234,1
1,9,83,0.787989,-0.618225,-5.22327,-1.89942,-0.618225,0
1,18,65,1.45363,1.06812,-4.11009,-0.783219,1.06812,0
1,17,65,0.21294,1.29402,-4.11009,-0.783219,0.21294,1
1,15,65,0.564284,1.22338,-4.11009,-0.783219,1.22338,1
1,13,65,0.861352,0.432773,-4.11009,-0.783219,0.432773,0
1,9,65,2.02781,2.67255,-4.11009,-0.783219,2.67255,1
1,7,65,2.13379,2.41323,-4.11009,-0.783219,2.41323,1
1,16,85,-0.217524,0.136129,-5.14185,-2.10808,0.136129,1
1,5,65,2.28763,2.19515,-4.11009,-0.783219,2.28763,0
1,4,65,2.31072,2.43829,-4.11009,-0.783219,2.43829,1
1,3,65,2.46617,1.89838,-4.11009,-0.783219,1.89838,0
1,2,65,2.23178,2.24822,-4.11009,-0.783219,2.24822,1
1,1,65,2.37443,2.5213,-4.11009,-0.783219,2.5213,1
1,19,64,0.509704,1.14625,-3.84075,-0.813937,1.14625,1
1,9,80,0.782645,-0.234443,-4.82344,-1.66435,-0.234443,0
1,18,64,1.49806,1.1247,-3.84075,-0.813937,1.49806,0
1,17,64,0.352212,1.40064,-3.84075,-0.813937,1.40064,1
1,15,64,0.559182,1.41274,-3.84075,-0.813937,1.41274,1
1,13,64,1.52128,0.667834,-3.84075,-0.813937,0.667834,0
1,9,64,2.10409,2.75852,-3.84075,-0.813937,2.75852,1
1,7,64,2.18808,2.46604,-3.84075,-0.813937,2.46604,1
1,4,64,2.47669,2.50281,-3.84075,-0.813937,2.50281,1
1,3,64,2.59584,1.96202,-3.84075,-0.813937,1.96202,0
1,2,64,2.22903,2.25078,-3.84075,-0.813937,2.25078,1
1,1,64,2.36972,2.53548,-3.84075,-0.813937,2.53548,1
1,20,63,0.877791,1.15578,-4.03562,-0.692524,1.15578,1
1,19,63,0.474258,1.16474,-4.03562,-0.692524,1.16474,1
1,18,63,1.53434,1.39013,-4.03562,-0.692524,1.39013,0
1,17,63,0.403201,1.5096,-4.03562,-0.692524,1.5096,1
1,15,63,0.65208,1.42152,-4.03562,-0.692524,1.42152,1
1,13,63,1.32052,0.516112,-4.03562,-0.692524,0.516112,0
1,12,63,1.95262,1.61512,-4.03562,-0.692524,1.61512,0
1,7,63,2.17088,2.47309,-4.03562,-0.692524,2.47309,1
1,16,95,-0.0338411,-1.36235,-3.41916,-2.85377,-1.36235,0
1,5,95,-0.157087,0.276592,-3.41916,-2.85377,0.276592,1
1,6,63,2.32656,2.67575,-4.03562,-0.692524,2.67575,1
1,5,63,2.45422,2.29697,-4.03562,-0.692524,2.29697,0
1,4,63,2.65221,2.59319,-4.03562,-0.692524,2.59319,0
1,2,63,2.43018,2.34291,-4.03562,-0.692524,2.34291,0
1,20,62,0.98676,1.1261,-3.86868,-0.735614,1.1261,1
1,19,62,0.287151,1.06302,-3.86868,-0.735614,1.06302,1
1,18,62,1.55929,1.26962,-3.86868,-0.735614,1.26962,0
1,17,62,0.426109,1.62283,-3.86868,-0.735614,1.62283,1
1,15,62,0.776289,1.57892,-3.86868,-0.735614,1.57892,1
1,13,62,1.35993,0.565913,-3.86868,-0.735614,0.565913,0
1,12,62,1.51142,1.59079,-3.86868,-0.735614,1.59079,1
1,7,62,2.14387,2.51223,-3.86868,-0.735614,2.51223,1
1,16,92,0.0514873,-1.10169,-6.43894,-2.39982,0.0514873,0
1,5,88,0.569701,1.05132,-5.55605,-2.24038,1.05132,1
1,6,62,2.27947,2.4768,-3.86868,-0.735614,2.4768,1
1,5,62,2.5527,2.32012,-3.86868,-0.735614,2.5527,0
1,4,62,2.6488,2.65498,-3.86868,-0.735614,2.65498,1
1,2,62,2.46928,2.47721,-3.86868,-0.735614,2.47721,1
1,20,61,1.02127,1.09495,-3.77303,-0.607646,1.09495,1
1,19,61,0.281221,1.15493,-3.77303,-0.607646,0.281221,1
1,18,61,1.43292,1.14494,-3.77303,-0.607646,1.14494,0
1,17,61,0.427594,1.6466,-3.77303,-0.607646,1.6466,1
1,15,61,0.858491,1.5537,-3.77303,-0.607646,1.5537,1
1,13,61,1.62773,0.771029,-3.77303,-0.607646,0.771029,0
1,12,61,1.55714,1.61358,-3.77303,-0.607646,1.61358,1
1,7,61,2.22734,2.5123,-3.77303,-0.607646,2.5123,1
1,5,93,0.0672019,0.367535,-3.41916,-2.51688,0.367535,1
1,16,89,0.131032,-1.12903,-5.75042,-2.39784,-1.12903,0
1,6,61,2.28161,2.53118,-3.77303,-0.607646,2.53118,1
1,5,61,2.48556,2.29625,-3.77303,-0.607646,2.29625,0
1,2,61,2.54513,2.47319,-3.77303,-0.607646,2.47319,0
1,20,60,1.1171,1.24645,-3.62281,-0.563066,1.24645,1
1,18,60,1.33909,1.35277,-3.62281,-0.563066,1.35277,1
1,15,60,0.811916,1.80529,-3.62281,-0.563066,1.80529,1
1,13,60,1.76678,0.885517,-3.62281,-0.563066,0.885517,0
1,12,60,1.91791,1.7315,-3.62281,-0.563066,1.7315,0
1,8,24,4.27264,4.01987,2.20454,-0.805878,4.01987,0
1,11,60,1.84399,2.50671,-3.62281,-0.563066,2.50671,1
2,18,84,-0.819893,-0.368096,-5.35927,-2.00544,-0.368096,1
1,9,60,2.28785,2.83618,-3.62281,-0.563066,2.83618,1
1,2,60,2.66295,2.56879,-3.62281,-0.563066,2.56879,0
1,18,59,1.4781,1.34757,-3.59803,-0.651593,1.34757,0
1,15,59,0.834043,1.59713,-3.59803,-0.651593,1.59713,1
1,13,59,1.62604,0.960641,-3.59803,-0.651593,0.960641,0
1,12,59,2.09727,1.81286,-3.59803,-0.651593,1.81286,0
2,18,95,-1.0107,-1.78795,-3.41916,-2.85377,-1.78795,0
1,9,59,2.21771,2.75977,-3.59803,-0.651593,2.75977,1
1,2,59,2.69471,2.51819,-3.59803,-0.651593,2.51819,0
1,18,58,1.65032,1.44678,-3.5329,-0.497556,1.44678,0
1,15,58,0.869182,1.56097,-3.5329,-0.497556,1.56097,1
1,13,58,1.92975,1.07921,-3.5329,-0.497556,1.07921,0
1,12,58,2.1198,1.87096,-3.5329,-0.497556,1.87096,0
2,18,94,-1.21154,-1.85018,-3.41916,-2.55553,-1.85018,0
1,9,58,2.25028,2.85899,-3.5329,-0.497556,2.85899,1
1,7,58,2.39324,2.57334,-3.5329,-0.497556,2.57334,1
1,2,58,2.72434,2.53274,-3.5329,-0.497556,2.53274,0
1,18,57,1.969,1.32951,-3.55909,-0.534181,1.32951,0
1,15,57,0.911187,1.57357,-3.55909,-0.534181,1.57357,1
1,13,57,1.76711,1.06137,-3.55909,-0.534181,1.06137,0
1,12,57,2.29896,2.05715,-3.55909,-0.534181,2.05715,0
2,18,89,-1.1014,-1.40676,-5.75042,-2.39784,-1.40676,0
1,9,57,2.52663,3.12021,-3.55909,-0.534181,3.12021,1
1,7,57,2.52159,2.58624,-3.55909,-0.534181,2.58624,1
1,2,57,2.73292,2.56562,-3.55909,-0.534181,2.56562,0
1,18,56,1.96569,1.49557,-3.43957,-0.474568,1.49557,0
1,15,56,0.975377,1.59282,-3.43957,-0.474568,1.59282,1
1,13,56,1.26866,0.915076,-3.43957,-0.474568,0.915076,0
4,15,56,-3.03023,-0.0522648,-3.43957,-0.474568,-0.474568,1
1,12,56,2.09522,1.92214,-3.43957,-0.474568,1.92214,0
2,18,88,-1.40912,-1.81013,-5.55605,-2.24038,-1.81013,0
1,9,56,2.68648,3.2441,-3.43957,-0.474568,3.2441,1
1,7,56,2.44892,2.79992,-3.43957,-0.474568,2.79992,1
1,2,56,2.7402,2.63082,-3.43957,-0.474568,2.63082,0
1,20,55,1.76699,1.45405,-3.26052,-0.458097,1.45405,0
1,18,55,2.0499,1.45208,-3.26052,-0.458097,1.45208,0
1,15,55,1.09053,1.87503,-3.26052,-0.458097,1.87503,1
1,13,55,1.75079,1.0651,-3.26052,-0.458097,1.0651,0
1,12,55,1.7457,1.95378,-3.26052,-0.458097,1.95378,1
2,18,35,2.67304,2.79518,1.44812,-0.805878,2.79518,1
1,9,55,2.64628,3.32266,-3.26052,-0.458097,3.32266,1
1,7,55,2.66228,2.82863,-3.26052,-0.458097,2.82863,1
1,2,55,2.75745,2.58322,-3.26052,-0.458097,2.58322,0
1,20,54,1.72264,1.6075,-3.28628,-0.56961,1.6075,0
1,18,54,1.66541,1.66567,-3.28628,-0.56961,1.66541,1
1,15,54,1.10837,1.80712,-3.28628,-0.56961,1.80712,1
1,13,54,1.82616,1.16729,-3.28628,-0.56961,1.16729,0
1,12,54,2.13953,1.95168,-3.28628,-0.56961,1.95168,0
2,18,34,2.71449,2.76795,1.42834,-0.805878,2.76795,1
1,9,54,2.94097,3.3544,-3.28628,-0.56961,3.3544,1
1,2,54,2.83273,2.70997,-3.28628,-0.56961,2.70997,0
1,20,53,2.03558,1.51969,-3.24637,-0.595251,1.51969,0
1,18,53,1.98166,1.81961,-3.24637,-0.595251,1.81961,0
1,15,53,1.18283,1.9565,-3.24637,-0.595251,1.9565,1
1,13,53,1.91697,1.43033,-3.24637,-0.595251,1.43033,0
1,12,53,2.17674,1.97226,-3.24637,-0.595251,1.97226,0
2,18,93,-1.1589,-1.7414,-3.41916,-2.51688,-1.1589,0
1,9,53,2.71444,3.46765,-3.24637,-0.595251,3.46765,1
1,2,53,2.89973,2.85846,-3.24637,-0.595251,2.85846,0
1,20,52,2.11582,1.67767,-3.16282,-0.404636,1.67767,0
1,18,52,2.59739,1.85368,-3.16282,-0.404636,1.85368,0
1,15,52,1.13861,1.91918,-3.16282,-0.404636,1.91918,1
1,13,52,1.74958,1.44631,-3.16282,-0.404636,1.44631,0
1,12,52,2.37425,2.1837,-3.16282,-0.404636,2.1837,0
2,18,92,-1.16189,-1.85452,-6.43894,-2.39982,-1.85452,0
1,9,52,2.61604,3.17233,-3.16282,-0.404636,3.17233,1
1,2,52,2.98069,2.85859,-3.16282,-0.404636,2.85859,0
1,20,51,2.07001,1.58967,-3.03783,-0.448822,1.58967,0
1,18,51,2.51822,1.80097,-3.03783,-0.448822,1.80097,0
1,15,51,1.34024,2.09849,-3.03783,-0.448822,2.09849,1
1,13,51,1.94459,1.60241,-3.03783,-0.448822,1.60241,0
1,12,51,2.37816,2.23105,-3.03783,-0.448822,2.23105,0
2,18,39,1.55864,2.28144,0.982003,-0.317489,2.28144,1
1,9,51,2.7803,3.51192,-3.03783,-0.448822,3.51192,1
1,4,51,3.09059,3.30302,-3.03783,-0.448822,3.30302,1
1,2,51,2.99103,3.04687,-3.03783,-0.448822,3.04687,1
1,20,50,1.75336,1.48221,-2.70986,-0.510597,1.48221,0
1,18,50,1.33033,2.51855,-2.70986,-0.510597,2.51855,1
1,15,50,2.52976,2.28018,-2.70986,-0.510597,2.52976,0
1,13,50,2.00668,1.69968,-2.70986,-0.510597,1.69968,0
1,12,50,2.53481,2.61807,-2.70986,-0.510597,2.61807,1
1,18,94,-1.20048,-0.998035,-3.41916,-2.55553,-0.998035,1
2,18,38,2.11868,2.31663,0.671689,-0.230343,2.31663,1
1,9,50,2.4878,3.0144,-2.70986,-0.510597,3.0144,1
1,4,50,3.14577,3.25222,-2.70986,-0.510597,3.25222,1
1,2,50,3.12364,3.08656,-2.70986,-0.510597,3.08656,0
1,20,49,1.8731,1.6462,-2.3856,-0.416188,1.6462,0
1,18,49,1.33774,2.67318,-2.3856,-0.416188,2.67318,1
1,15,49,2.64343,2.40349,-2.3856,-0.416188,2.64343,0
1,13,49,2.44914,2.04795,-2.3856,-0.416188,2.44914,0
4,15,15,-0.479294,-0.479294,2.8676,-0.805878,2.8676,2
1,12,49,2.44305,2.59492,-2.3856,-0.416188,2.59492,1
1,8,21,3.97932,4.91534,2.59473,-0.805878,4.91534,1
1,11,49,3.00806,2.52055,-2.3856,-0.416188,2.52055,0
2,18,33,2.59361,2.41182,1.60775,-0.805878,2.41182,0
1,9,49,2.64414,2.98683,-2.3856,-0.416188,2.98683,1
1,4,49,3.17455,3.43105,-2.3856,-0.416188,3.43105,1
2,8,41,2.19881,2.36285,0.201755,-0.28101,2.36285,1
2,6,59,1.7056,2.13927,-3.59803,-0.651593,2.13927,1
1,14,41,2.8179,2.20399,0.201755,-0.28101,2.20399,0
1,3,49,2.92453,3.55464,-2.3856,-0.416188,3.55464,1
1,2,49,3.27556,3.13378,-2.3856,-0.416188,3.13378,0
1,20,48,1.55554,1.50326,-2.02538,-0.386848,1.50326,0
1,18,48,1.51845,2.58056,-2.02538,-0.386848,2.58056,1
1,15,48,2.56969,2.33008,-2.02538,-0.386848,2.33008,0
1,13,48,2.48581,2.01119,-2.02538,-0.386848,2.01119,0
1,12,48,2.69403,2.77987,-2.02538,-0.386848,2.77987,1
2,18,32,2.83156,3.12203,1.7249,-0.805878,3.12203,1
1,9,48,2.70564,3.11067,-2.02538,-0.386848,3.11067,1
1,4,48,3.21263,3.35026,-2.02538,-0.386848,3.35026,1
1,2,48,3.4983,3.28868,-2.02538,-0.386848,3.28868,0
1,20,47,0.887126,1.50763,-1.66582,-0.377744,1.50763,1
1,18,47,1.56371,2.61948,-1.66582,-0.377744,2.61948,1
1,15,47,2.76787,2.58656,-1.66582,-0.377744,2.58656,0
1,13,47,2.49792,2.05472,-1.66582,-0.377744,2.05472,0
4,15,49,-2.61941,-2.61941,-2.3856,-0.416188,-0.416188,3
1,12,47,2.89175,2.97205,-1.66582,-0.377744,2.97205,1
1,18,93,-0.922086,-0.859079,-3.41916,-2.51688,-0.859079,1
2,18,43,1.36912,2.07285,-0.351569,-0.382527,2.07285,1
1,9,47,2.52429,3.13753,-1.66582,-0.377744,3.13753,1
1,7,47,3.24358,3.26725,-1.66582,-0.377744,3.26725,1
2,8,43,2.07903,2.12639,-0.351569,-0.382527,2.12639,1
2,6,61,1.63155,2.08535,-3.77303,-0.607646,2.08535,1
1,14,39,3.49336,2.49284,0.982003,-0.317489,2.49284,0
1,3,47,2.64239,3.58214,-1.66582,-0.377744,3.58214,1
1,2,47,3.39811,3.33204,-1.66582,-0.377744,3.33204,0
1,18,46,1.46426,2.72455,-1.27338,-0.395639,2.72455,1
1,17,46,2.33257,2.73074,-1.27338,-0.395639,2.33257,1
1,15,46,2.96104,2.70275,-1.27338,-0.395639,2.70275,0
1,13,46,2.38236,1.90545,-1.27338,-0.395639,1.90545,0
4,15,50,-2.7155,-2.7155,-2.70986,-0.510597,-0.510597,3
1,12,46,2.97173,3.05387,-1.27338,-0.395639,2.97173,1
1,18,90,-0.97945,-0.656086,-6.05291,-2.36134,-0.656086,1
2,18,42,1.36908,2.01396,-0.0637023,-0.353411,2.01396,1
1,9,46,2.45035,3.27672,-1.27338,-0.395639,3.27672,1
2,6,58,1.54121,1.77884,-3.5329,-0.497556,1.77884,1
2,8,42,2.20067,2.16774,-0.0637023,-0.353411,2.16774,0
1,14,40,3.34229,2.26998,0.424054,-0.32524,3.34229,0
1,3,46,3.00063,3.66861,-1.27338,-0.395639,3.66861,1
1,2,46,3.45159,3.34687,-1.27338,-0.395639,3.34687,0
1,20,45,1.16242,1.71265,-0.989663,-0.351506,1.71265,1
1,18,45,1.65026,2.6057,-0.989663,-0.351506,2.6057,1
1,15,45,2.97756,2.72404,-0.989663,-0.351506,2.72404,0
1,13,45,2.6876,2.25743,-0.989663,-0.351506,2.25743,0
4,15,51,-2.78547,0.0215434,-3.03783,-0.448822,-0.448822,1
1,12,45,2.89617,3.10959,-0.989663,-0.351506,3.10959,1
1,18,95,-1.25716,-0.617993,-3.41916,-2.85377,-0.617993,1
2,18,37,2.2177,2.18344,0.962271,-0.077702,2.18344,0
1,9,45,2.73051,3.43997,-0.989663,-0.351506,3.43997,1
2,8,45,1.44007,2.01463,-0.989663,-0.351506,1.44007,1
1,14,37,3.65303,3.45958,0.962271,-0.077702,3.45958,0
2,6,63,1.65116,2.28,-4.03562,-0.692524,2.28,1
1,3,45,3.08589,3.81782,-0.989663,-0.351506,3.81782,1
1,2,45,3.68195,3.26178,-0.989663,-0.351506,3.26178,0
1,20,44,3.05446,2.41406,-0.646582,-0.45329,2.41406,0
1,18,44,2.91852,2.2563,-0.646582,-0.45329,2.2563,0
1,15,44,2.74509,2.54027,-0.646582,-0.45329,2.54027,0
1,13,44,2.749,1.57417,-0.646582,-0.45329,1.57417,0
4,15,52,-2.89315,-0.153293,-3.16282,-0.404636,-0.404636,1
1,12,44,2.68903,2.8608,-0.646582,-0.45329,2.8608,1
1,18,92,-1.06576,-0.984259,-6.43894,-2.39982,-0.984259,1
2,18,36,2.26508,2.12469,1.45696,0.264588,2.12469,0
1,9,44,3.24629,3.1035,-0.646582,-0.45329,3.1035,0
1,14,38,3.72245,3.41461,0.671689,-0.230343,3.41461,0
2,8,44,1.86279,2.26412,-0.646582,-0.45329,2.26412,1
2,6,60,1.75318,2.20131,-3.62281,-0.563066,2.20131,1
1,3,44,2.93122,2.54569,-0.646582,-0.45329,2.54569,0
1,2,44,3.43622,2.24566,-0.646582,-0.45329,2.24566,0
1,18,43,2.81108,2.61397,-0.351569,-0.382527,2.61397,0
1,15,43,2.39209,2.57888,-0.351569,-0.382527,2.57888,1
1,13,43,2.81954,1.59135,-0.351569,-0.382527,1.59135,0
4,15,53,-2.88215,0.00921245,-3.24637,-0.595251,-0.595251,1
1,12,43,2.54497,2.9176,-0.351569,-0.382527,2.9176,1
1,18,89,-1.00247,-0.63953,-5.75042,-2.39784,-0.63953,1
2,18,47,1.53605,1.62466,-1.66582,-0.377744,1.62466,1
1,9,43,3.26906,3.1742,-0.351569,-0.382527,3.1742,0
2,8,47,0.885653,1.98778,-1.66582,-0.377744,1.98778,1
1,14,35,3.58512,3.51961,1.44812,-0.805878,3.51961,0
2,6,33,3.14807,4.08352,1.60775,-0.805878,4.08352,1
1,3,43,2.94842,2.69795,-0.351569,-0.382527,2.69795,0
1,2,43,2.93173,2.29118,-0.351569,-0.382527,2.29118,0
1,20,42,3.1186,2.82886,-0.0637023,-0.353411,2.82886,0
1,18,42,2.96253,2.76257,-0.0637023,-0.353411,2.76257,0
1,15,42,2.53812,2.68822,-0.0637023,-0.353411,2.68822,1
1,13,42,2.96556,1.65916,-0.0637023,-0.353411,2.96556,0
4,15,54,-2.99027,-0.25156,-3.28628,-0.56961,-0.56961,1
1,12,42,2.84881,3.0671,-0.0637023,-0.353411,3.0671,1
1,18,86,-0.816984,-0.557104,-5.61978,-2.01828,-0.557104,1
2,18,46,1.66733,1.64115,-1.27338,-0.395639,1.64115,0
1,9,42,3.27838,3.2803,-0.0637023,-0.353411,3.2803,1
2,8,46,1.04423,2.5084,-1.27338,-0.395639,2.5084,1
1,14,36,3.45623,3.58055,1.45696,0.264588,3.58055,1
2,6,62,1.46785,1.88631,-3.86868,-0.735614,1.88631,1
1,3,42,3.00048,2.7745,-0.0637023,-0.353411,2.7745,0
1,2,42,2.97293,2.3029,-0.0637023,-0.353411,2.3029,0
1,18,41,3.02645,2.8603,0.201755,-0.28101,2.8603,0
1,17,41,2.9185,2.24842,0.201755,-0.28101,2.24842,0
1,15,41,2.89038,2.6814,0.201755,-0.28101,2.6814,0
1,13,41,2.66416,1.55634,0.201755,-0.28101,1.55634,0
4,15,55,-3.02202,-0.250297,-3.26052,-0.458097,-0.458097,1
1,12,41,2.83691,3.1422,0.201755,-0.28101,3.1422,1
1,18,91,-1.11356,-0.772924,-6.29331,-2.45927,-0.772924,1
2,18,41,1.54532,2.12346,0.201755,-0.28101,2.12346,1
1,9,41,3.42967,3.49403,0.201755,-0.28101,3.49403,1
1,2,41,3.02824,2.25509,0.201755,-0.28101,2.25509,0
1,18,40,3.20599,3.03262,0.424054,-0.32524,3.03262,0
1,17,40,2.99623,2.27047,0.424054,-0.32524,2.27047,0
1,15,40,3.34017,2.95673,0.424054,-0.32524,2.95673,0
1,13,40,2.73722,1.65828,0.424054,-0.32524,1.65828,0
4,15,40,-2.00091,-1.66983,0.424054,-0.32524,-0.32524,2
1,12,40,2.86984,3.21711,0.424054,-0.32524,3.21711,1
1,18,88,-1.1964,-0.922553,-5.55605,-2.24038,-0.922553,1
2,18,40,1.8631,2.31001,0.424054,-0.32524,2.31001,1
1,9,40,3.39669,3.45144,0.424054,-0.32524,3.45144,1
2,8,32,3.07989,3.7345,1.7249,-0.805878,3.7345,1
1,14,34,3.37486,3.58072,1.42834,-0.805878,3.58072,1
2,6,32,2.85764,3.06398,1.7249,-0.805878,3.06398,1
1,3,40,3.10179,2.49737,0.424054,-0.32524,2.49737,0
1,2,40,2.9463,2.46911,0.424054,-0.32524,2.46911,0
1,18,39,3.38136,2.88424,0.982003,-0.317489,2.88424,0
1,15,39,3.34613,2.88694,0.982003,-0.317489,2.88694,0
1,13,39,2.722,1.48395,0.982003,-0.317489,1.48395,0
4,15,57,-2.97891,-0.224028,-3.55909,-0.534181,-0.534181,1
1,12,39,3.11171,3.09784,0.982003,-0.317489,3.09784,0
1,18,85,-0.0889319,-0.116408,-5.14185,-2.10808,-0.0889319,0
2,18,51,0.161139,1.30684,-3.03783,-0.448822,1.30684,1
1,9,39,3.48118,3.73609,0.982003,-0.317489,3.73609,1
1,2,39,2.94884,2.32726,0.982003,-0.317489,2.32726,0
1,18,38,3.08041,3.35585,0.671689,-0.230343,3.35585,1
1,15,38,3.1218,3.71647,0.671689,-0.230343,3.71647,1
1,13,38,3.56875,3.41673,0.671689,-0.230343,3.41673,0
4,15,58,-3.03783,-0.371457,-3.5329,-0.497556,-0.497556,1
1,12,38,3.37208,3.35933,0.671689,-0.230343,3.35933,0
1,18,82,0.243285,0.0898134,-5.04662,-1.89873,0.0898134,0
2,18,50,1.10882,1.19236,-2.70986,-0.510597,1.19236,1
1,9,38,3.58455,3.25228,0.671689,-0.230343,3.25228,0
1,2,38,3.67867,3.7043,0.671689,-0.230343,3.7043,1
1,18,37,2.54683,3.186,0.962271,-0.077702,3.186,1
1,15,37,3.30797,3.83693,0.962271,-0.077702,3.83693,1
1,13,37,3.217,3.78796,0.962271,-0.077702,3.78796,1
4,15,59,-3.16282,-0.708282,-3.59803,-0.651593,-0.651593,3
1,12,37,3.56218,3.60286,0.962271,-0.077702,3.60286,1
1,18,87,-0.93815,-0.503477,-5.60239,-2.09737,-0.503477,1
2,18,45,1.60768,1.77387,-0.989663,-0.351506,1.77387,1
1,9,37,3.42752,3.08849,0.962271,-0.077702,3.08849,0
1,14,61,1.22902,1.69483,-3.77303,-0.607646,1.22902,1
2,8,37,3.07064,2.62717,0.962271,-0.077702,2.62717,0
2,6,39,2.60531,3.2906,0.982003,-0.317489,3.2906,1
1,3,37,3.83383,3.18853,0.962271,-0.077702,3.18853,0
1,2,37,3.87385,3.76278,0.962271,-0.077702,3.76278,0
1,18,36,2.68647,3.25487,1.45696,0.264588,2.68647,1
1,15,36,2.93576,3.83829,1.45696,0.264588,3.83829,1
1,13,36,3.70208,3.9309,1.45696,0.264588,3.9309,1
4,15,60,-3.24637,-0.0728181,-3.62281,-0.563066,-0.563066,1
1,12,36,3.48549,3.55159,1.45696,0.264588,3.55159,1
1,18,84,-0.0730841,0.114082,-5.35927,-2.00544,0.114082,1
2,18,44,1.23992,1.90159,-0.646582,-0.45329,1.90159,1
1,9,36,3.51475,3.18906,1.45696,0.264588,3.18906,0
1,2,36,4.12311,3.79334,1.45696,0.264588,3.79334,0
1,18,35,2.99212,3.8452,1.44812,-0.805878,3.8452,1
1,15,35,3.36746,4.13739,1.44812,-0.805878,4.13739,1
1,13,35,3.6738,4.11834,1.44812,-0.805878,4.11834,1
4,15,61,-3.28628,-0.250697,-3.77303,-0.607646,-0.607646,1
1,12,35,3.43376,3.74447,1.44812,-0.805878,3.74447,1
1,18,81,-0.0156371,-0.259259,-4.70389,-1.77463,-0.259259,0
2,18,55,0.220679,1.11174,-3.26052,-0.458097,1.11174,1
1,9,35,3.55663,3.05909,1.44812,-0.805878,3.05909,0
2,8,39,2.51784,2.49145,0.982003,-0.317489,2.49145,0
2,6,41,2.58887,3.23509,0.201755,-0.28101,3.23509,1
1,14,59,1.55029,1.77997,-3.59803,-0.651593,1.77997,1
1,3,35,4.47295,3.5133,1.44812,-0.805878,4.47295,0
1,2,35,3.89026,3.71231,1.44812,-0.805878,3.71231,0
1,20,34,3.56031,3.34457,1.42834,-0.805878,3.34457,0
1,18,34,2.9533,3.61606,1.42834,-0.805878,3.61606,1
1,15,34,2.76489,4.03978,1.42834,-0.805878,4.03978,1
1,13,34,3.62108,3.68863,1.42834,-0.805878,3.68863,1
4,15,62,-3.26052,-0.274726,-3.86868,-0.735614,-0.735614,1
1,12,34,3.54462,3.52746,1.42834,-0.805878,3.52746,0
1,18,78,0.417113,0.512392,-4.65291,-1.66623,0.512392,1
2,18,54,0.597759,1.37496,-3.28628,-0.56961,1.37496,1
1,9,34,3.9997,3.23056,1.42834,-0.805878,3.23056,0
2,8,38,3.07757,2.72411,0.671689,-0.230343,2.72411,0
2,6,38,2.73192,3.51549,0.671689,-0.230343,3.51549,1
1,14,60,1.30783,1.81181,-3.62281,-0.563066,1.81181,1
1,3,34,4.50434,3.52727,1.42834,-0.805878,3.52727,0
1,2,34,4.10001,3.72135,1.42834,-0.805878,3.72135,0
1,18,33,2.78603,3.59119,1.60775,-0.805878,3.59119,1
1,15,33,2.88127,4.07944,1.60775,-0.805878,2.88127,1
1,13,33,3.40846,4.15808,1.60775,-0.805878,4.15808,1
4,15,63,-3.43957,-0.683076,-4.03562,-0.692524,-0.692524,1
1,12,33,3.54714,3.77414,1.60775,-0.805878,3.77414,1
1,18,83,-0.0397896,-0.233867,-5.22327,-1.89942,-0.233867,0
2,18,49,1.22408,1.28412,-2.3856,-0.416188,1.28412,1
1,9,33,4.00901,3.47163,1.60775,-0.805878,3.47163,0
2,6,43,2.24323,2.95869,-0.351569,-0.382527,2.95869,1
2,8,57,1.47826,0.593586,-3.55909,-0.534181,0.593586,0
1,14,57,1.51191,1.66641,-3.55909,-0.534181,1.66641,1
1,3,33,4.24427,3.77609,1.60775,-0.805878,3.77609,0
1,2,33,3.6891,3.87012,1.60775,-0.805878,3.87012,1
1,18,32,2.88668,3.23839,1.7249,-0.805878,3.23839,1
1,15,32,3.64382,3.49923,1.7249,-0.805878,3.49923,0
1,13,32,3.09297,3.12761,1.7249,-0.805878,3.12761,1
4,15,48,-2.52467,-2.52467,-2.02538,-0.386848,-0.386848,3
1,12,32,3.42336,3.86016,1.7249,-0.805878,3.86016,1
1,18,80,0.0538806,0.026312,-4.82344,-1.66435,0.026312,0
2,18,48,1.34958,1.34041,-2.02538,-0.386848,1.34041,0
1,9,32,3.81413,4.00436,1.7249,-0.805878,4.00436,1
2,6,40,2.67186,3.32725,0.424054,-0.32524,3.32725,1
2,8,56,1.7092,1.54507,-3.43957,-0.474568,1.54507,0
1,14,58,1.63943,1.76094,-3.5329,-0.497556,1.76094,1
1,3,32,4.00756,3.03747,1.7249,-0.805878,3.03747,0
1,2,32,3.97269,3.88425,1.7249,-0.805878,3.88425,0
1,19,31,2.98702,3.54454,1.72456,-0.805878,3.54454,1
1,18,31,2.8887,3.33392,1.72456,-0.805878,3.33392,1
4,2,2,0.390415,3.6091,2.95846,-0.805878,2.95846,1
4,11,19,-0.760146,-0.760146,2.73033,-0.805878,2.73033,2
1,16,31,3.77766,2.92504,1.72456,-0.805878,2.92504,0
1,15,31,3.56003,3.44404,1.72456,-0.805878,3.44404,0
1,3,7,5.79536,5.16119,2.92731,-0.805878,5.16119,0
1,14,31,3.77747,3.50717,1.72456,-0.805878,3.50717,0
1,13,31,3.5518,3.21299,1.72456,-0.805878,3.21299,0
1,9,31,3.63676,4.17332,1.72456,-0.805878,4.17332,1
1,11,59,2.06078,2.31379,-3.59803,-0.651593,2.31379,1
1,8,31,4.11156,4.2233,1.72456,-0.805878,4.2233,1
1,7,31,3.73707,4.53803,1.72456,-0.805878,4.53803,1
1,16,63,1.98825,1.20054,-4.03562,-0.692524,1.20054,0
4,2,34,3.09683,2.29249,1.42834,-0.805878,1.44748,0
1,6,31,3.3783,4.3387,1.72456,-0.805878,4.3387,1
1,3,31,3.67712,3.01119,1.72456,-0.805878,3.01119,0
1,2,31,3.66667,3.7084,1.72456,-0.805878,3.7084,1
1,19,30,3.27285,3.94019,1.53923,-0.805878,3.94019,1
1,18,30,3.04112,3.70513,1.53923,-0.805878,3.70513,1
1,15,30,3.43147,3.41073,1.53923,-0.805878,3.41073,0
1,13,30,3.86394,3.52124,1.53923,-0.805878,3.52124,0
1,9,30,3.77519,3.92956,1.53923,-0.805878,3.92956,1
1,11,58,2.2003,2.49787,-3.5329,-0.497556,2.49787,1
1,8,30,4.11419,4.2093,1.53923,-0.805878,4.2093,1
1,7,30,3.98816,4.61381,1.53923,-0.805878,4.61381,1
1,3,30,3.76901,3.16029,1.53923,-0.805878,3.16029,0
1,2,30,3.8545,3.65411,1.53923,-0.805878,3.65411,0
1,19,29,3.18085,3.70527,1.67657,-0.805878,3.70527,1
1,18,29,3.32314,3.89774,1.67657,-0.805878,3.32314,1
4,11,17,-0.64769,-0.64769,2.67763,-0.805878,2.67763,2
4,2,12,1.38231,6.945,2.93608,-0.805878,1.77775,1
1,16,29,3.41842,3.04463,1.67657,-0.805878,3.04463,0
1,15,29,3.2754,3.14123,1.67657,-0.805878,3.14123,0
1,13,29,4.12313,3.56432,1.67657,-0.805878,3.56432,0
1,9,29,4.0367,3.85828,1.67657,-0.805878,3.85828,0
4,10,98,-6.29331,-6.29331,-3.41916,-3.12829,-3.12829,3
1,11,57,2.19928,2.56304,-3.55909,-0.534181,2.56304,1
1,8,29,4.08399,4.06166,1.67657,-0.805878,4.06166,0
1,7,29,4.12478,4.70298,1.67657,-0.805878,4.70298,1
4,2,32,2.25897,4.16972,1.7249,-0.805878,1.7249,1
1,16,57,1.92481,1.3652,-3.55909,-0.534181,1.3652,0
1,6,29,3.90439,4.2703,1.67657,-0.805878,4.2703,1
1,3,29,4.1142,3.00959,1.67657,-0.805878,3.00959,0
1,2,29,4.07627,3.81667,1.67657,-0.805878,3.81667,0
1,19,28,3.29847,4.07303,1.70711,-0.805878,4.07303,1
1,18,28,3.30519,3.84213,1.70711,-0.805878,3.84213,1
4,11,16,-0.543395,-0.479294,2.59926,-0.805878,2.59926,2
4,2,13,-0.496319,-0.496319,2.91513,-0.805878,2.91513,2
1,16,28,3.56614,3.26177,1.70711,-0.805878,3.26177,0
1,15,28,3.44476,3.37172,1.70711,-0.805878,3.37172,0
1,13,28,3.86331,3.33675,1.70711,-0.805878,3.33675,0
1,9,28,3.80982,4.07684,1.70711,-0.805878,4.07684,1
4,10,99,-6.43894,-6.43894,-3.41916,-3.35117,-3.35117,3
1,11,56,2.35225,2.86992,-3.43957,-0.474568,2.86992,1
1,8,28,4.06406,4.34174,1.70711,-0.805878,4.34174,1
1,7,28,4.25127,4.49522,1.70711,-0.805878,4.49522,1
1,16,62,2.05272,1.13857,-3.86868,-0.735614,1.13857,0
4,2,35,3.07725,2.29111,1.44812,-0.805878,-0.461906,0
1,6,28,4.13244,4.31625,1.70711,-0.805878,4.31625,1
1,3,28,4.58498,3.25739,1.70711,-0.805878,3.25739,0
1,2,28,4.47137,4.03375,1.70711,-0.805878,4.03375,0
1,19,27,2.89895,3.55814,1.79261,-0.805878,3.55814,1
1,18,27,3.25268,4.05836,1.79261,-0.805878,4.05836,1
1,15,27,3.48885,3.50321,1.79261,-0.805878,3.50321,1
1,13,27,3.59286,3.7578,1.79261,-0.805878,3.7578,1
1,9,27,3.66208,4.38874,1.79261,-0.805878,4.38874,1
1,7,27,3.58932,3.78301,1.79261,-0.805878,3.78301,1
2,9,67,1.55221,0.945209,-4.33476,-0.933887,0.945209,0
1,4,27,4.56225,4.57483,1.79261,-0.805878,4.57483,1
2,6,17,4.79726,4.36616,2.67763,-0.805878,4.36616,0
1,3,27,4.2219,4.16545,1.79261,-0.805878,4.16545,0
1,2,27,4.47649,3.9335,1.79261,-0.805878,3.9335,0
1,19,26,3.32167,3.90097,2.08517,-0.805878,3.90097,1
1,18,26,3.20771,3.62341,2.08517,-0.805878,3.62341,1
1,15,26,3.90832,3.99919,2.08517,-0.805878,3.99919,1
1,13,26,3.85179,3.73495,2.08517,-0.805878,3.73495,0
1,9,26,3.66357,4.62782,2.08517,-0.805878,4.62782,1
1,7,26,3.70045,4.04419,2.08517,-0.805878,4.04419,1
2,9,66,1.48766,1.35194,-4.06104,-0.806488,1.35194,0
1,4,26,4.65396,3.88278,2.08517,-0.805878,3.88278,0
1,3,26,4.56014,3.89072,2.08517,-0.805878,3.89072,0
1,2,26,4.32952,4.08629,2.08517,-0.805878,4.08629,0
1,18,25,3.38808,4.14612,2.04479,-0.805878,4.14612,1
1,15,25,3.63498,3.86046,2.04479,-0.805878,3.86046,1
1,13,25,3.81511,3.91376,2.04479,-0.805878,3.91376,1
1,12,25,3.57658,3.60457,2.04479,-0.805878,3.60457,1
1,9,25,3.79476,4.71888,2.04479,-0.805878,4.71888,1
1,11,61,1.74418,2.33135,-3.77303,-0.607646,2.33135,1
1,8,25,4.30526,4.24748,2.04479,-0.805878,4.24748,0
1,7,25,3.80533,4.14632,2.04479,-0.805878,4.14632,1
2,9,69,1.34189,0.851992,-4.38821,-0.937499,0.851992,0
1,4,25,4.96185,4.02855,2.04479,-0.805878,4.02855,0
2,6,19,4.60546,4.46467,2.73033,-0.805878,4.46467,0
1,3,25,4.48899,4.15798,2.04479,-0.805878,4.15798,0
1,2,25,4.23073,3.75743,2.04479,-0.805878,3.75743,0
1,19,24,3.3198,4.13075,2.20454,-0.805878,4.13075,1
1,18,24,2.84739,3.83641,2.20454,-0.805878,3.83641,1
1,15,24,4.0311,4.04785,2.20454,-0.805878,4.04785,1
1,13,24,4.30507,4.27339,2.20454,-0.805878,4.27339,0
1,9,24,3.81936,4.7079,2.20454,-0.805878,4.7079,1
1,7,24,3.97305,4.24067,2.20454,-0.805878,4.24067,1
2,9,68,1.31921,0.691786,-4.27007,-1.01066,0.691786,0
1,4,24,4.70096,4.279,2.20454,-0.805878,4.279,0
2,6,16,4.96992,4.24687,2.59926,-0.805878,4.24687,0
1,3,24,4.48279,4.3103,2.20454,-0.805878,4.3103,0
1,2,24,4.19715,3.86589,2.20454,-0.805878,3.86589,0
1,20,23,3.22688,2.95001,2.09672,-0.805878,2.95001,0
1,19,23,3.15015,4.49951,2.09672,-0.805878,4.49951,1
1,18,23,3.2303,2.58411,2.09672,-0.805878,2.58411,0
1,6,71,1.57082,0.619902,-4.4203,-1.13959,0.619902,0
4,2,10,-0.323307,6.34037,2.9161,-0.805878,2.9161,1
4,11,27,-1.19634,1.37854,1.79261,-0.805878,1.79261,2
1,16,23,3.47329,3.7132,2.09672,-0.805878,3.7132,1
1,15,23,3.77114,3.69235,2.09672,-0.805878,3.69235,0
1,13,23,4.60318,3.63335,2.09672,-0.805878,3.63335,0
2,18,67,-0.71857,0.279155,-4.33476,-0.933887,0.279155,1
1,9,23,3.48421,4.27728,2.09672,-0.805878,4.27728,1
1,11,51,2.22068,2.85205,-3.03783,-0.448822,2.85205,1
1,8,23,4.2654,4.76232,2.09672,-0.805878,4.76232,1
1,7,23,5.03213,4.54405,2.09672,-0.805878,4.54405,0
2,20,24,3.61471,3.46151,2.20454,-0.805878,3.46151,0
1,5,23,4.23572,4.33043,2.09672,-0.805878,4.33043,1
2,9,71,0.484302,-0.146485,-4.4203,-1.13959,-0.146485,0
1,4,23,4.42252,2.73191,2.09672,-0.805878,2.73191,0
2,6,21,3.80399,4.16831,2.59473,-0.805878,4.16831,1
1,14,15,3.56045,3.75127,2.8676,-0.805878,3.75127,1
1,3,23,4.53204,4.67045,2.09672,-0.805878,4.67045,1
1,2,23,4.54988,4.64177,2.09672,-0.805878,4.64177,1
1,20,22,3.24766,3.05379,2.39276,-0.805878,3.05379,0
1,19,22,3.01998,3.68235,2.39276,-0.805878,3.68235,1
1,18,22,3.25115,2.41176,2.39276,-0.805878,2.41176,0
1,6,68,1.879,2.13506,-4.27007,-1.01066,2.13506,1
4,11,26,-1.12974,1.4331,2.08517,-0.805878,2.08517,2
4,2,11,5.28725,5.32907,2.80572,-0.805878,0.421112,1
1,16,22,3.16205,3.47726,2.39276,-0.805878,3.16205,1
1,15,22,2.79337,3.83775,2.39276,-0.805878,3.83775,1
1,13,22,4.58059,3.99877,2.39276,-0.805878,3.99877,0
2,18,66,-0.352812,0.539112,-4.06104,-0.806488,0.539112,1
1,9,22,3.53748,4.39325,2.39276,-0.805878,4.39325,1
1,11,50,2.91657,2.21741,-2.70986,-0.510597,2.21741,0
1,8,22,3.82452,4.70589,2.39276,-0.805878,4.70589,1
1,7,22,4.93458,4.69211,2.39276,-0.805878,4.69211,0
4,2,37,2.94106,2.17101,0.962271,-0.077702,2.17101,0
1,16,36,2.8363,3.86452,1.45696,0.264588,3.86452,1
1,6,22,4.12468,4.07159,2.39276,-0.805878,4.07159,0
2,9,70,0.883842,0.43494,-4.23657,-1.06699,0.43494,0
1,4,22,4.44769,3.79498,2.39276,-0.805878,4.44769,0
2,6,18,3.64819,3.77802,2.65786,-0.805878,3.77802,1
1,3,22,4.54249,4.86419,2.39276,-0.805878,4.86419,1
1,2,22,4.32191,4.99517,2.39276,-0.805878,4.99517,1
1,20,21,3.43635,3.03934,2.59473,-0.805878,3.03934,0
1,19,21,3.1494,3.51327,2.59473,-0.805878,3.51327,1
1,18,21,3.49545,2.27705,2.59473,-0.805878,3.49545,0
1,6,65,2.01719,2.45755,-4.11009,-0.783219,2.45755,1
4,2,20,-0.805878,3.35026,2.55099,-0.805878,-0.390264,1
4,11,25,-1.10732,1.60572,2.04479,-0.805878,2.04479,2
1,16,21,3.25537,3.21208,2.59473,-0.805878,3.21208,0
1,15,21,3.08157,3.70453,2.59473,-0.805878,3.70453,1
1,13,21,4.39831,3.74297,2.59473,-0.805878,3.74297,0
1,9,21,3.93984,4.55171,2.59473,-0.805878,4.55171,1
1,7,21,4.34638,4.46466,2.59473,-0.805878,4.46466,1
2,9,89,-0.155539,0.553239,-5.75042,-2.39784,0.553239,1
1,4,21,4.40177,3.84969,2.59473,-0.805878,3.84969,0
1,2,21,4.72549,5.02994,2.59473,-0.805878,5.02994,1
1,20,20,4.02758,3.62546,2.55099,-0.805878,3.62546,0
1,19,20,3.52368,3.75718,2.55099,-0.805878,3.75718,1
1,18,20,3.03169,3.13018,2.55099,-0.805878,3.13018,1
1,6,70,1.91625,2.29514,-4.23657,-1.06699,2.29514,1
4,2,21,2.1573,3.60405,2.59473,-0.805878,2.59473,1
4,11,24,-1.02966,1.64389,2.20454,-0.805878,2.20454,2
1,16,20,3.89544,4.13762,2.55099,-0.805878,4.13762,1
1,15,20,3.8547,4.01169,2.55099,-0.805878,4.01169,1
1,13,20,4.51937,4.31191,2.55099,-0.805878,4.31191,0
1,9,20,4.51862,4.80463,2.55099,-0.805878,4.80463,1
1,7,20,4.01207,3.86304,2.55099,-0.805878,3.86304,0
2,9,88,0.113131,0.417896,-5.55605,-2.24038,0.417896,1
1,4,20,5.74256,4.79542,2.55099,-0.805878,4.79542,0
1,2,20,4.23894,4.22753,2.55099,-0.805878,4.22753,0
1,19,19,2.73276,2.92973,2.73033,-0.805878,2.92973,1
1,9,97,-0.0880144,-0.491345,-3.41916,-2.81209,-0.491345,0
1,18,19,3.45127,3.78755,2.73033,-0.805878,3.78755,1
4,2,14,2.31199,5.34579,2.79075,-0.805878,5.10919,1
4,11,23,-0.967684,4.22586,2.09672,-0.805878,2.09672,1
1,16,19,3.26833,3.56047,2.73033,-0.805878,3.56047,1
1,15,19,4.0344,5.06424,2.73033,-0.805878,5.06424,1
1,13,19,3.87796,4.13792,2.73033,-0.805878,4.13792,1
2,18,71,-0.0869635,0.443445,-4.4203,-1.13959,0.443445,1
1,9,19,4.70933,3.61264,2.73033,-0.805878,3.61264,0
1,11,55,2.15774,2.63265,-3.26052,-0.458097,2.63265,1
4,10,80,-4.58061,-4.35579,-4.82344,-1.66435,-1.66435,3
1,8,19,4.97419,4.14532,2.73033,-0.805878,4.14532,0
1,7,19,3.87404,3.57858,2.73033,-0.805878,3.57858,0
4,2,38,2.90119,2.17442,0.671689,-0.230343,0.862757,0
1,16,59,2.11127,1.01642,-3.59803,-0.651593,1.01642,0
1,6,19,4.15504,3.55637,2.73033,-0.805878,3.55637,0
2,20,36,2.02677,2.11212,1.45696,0.264588,2.11212,1
1,5,19,5.20524,4.96107,2.73033,-0.805878,5.20524,0
2,9,91,-0.159513,0.396957,-6.29331,-2.45927,0.396957,1
1,4,19,4.97459,5.48145,2.73033,-0.805878,5.48145,1
1,2,19,4.59882,5.21622,2.73033,-0.805878,5.21622,1
1,18,18,4.13859,4.89633,2.65786,-0.805878,4.89633,1
4,2,15,3.39826,-0.479294,2.8676,-0.805878,-0.765055,0
4,11,22,-0.882782,4.37464,2.39276,-0.805878,2.39276,1
1,16,18,3.20149,2.92479,2.65786,-0.805878,3.20149,0
1,15,18,3.24464,2.93375,2.65786,-0.805878,2.93375,0
1,13,18,4.28828,3.77305,2.65786,-0.805878,3.77305,0
2,18,70,-0.530868,0.211713,-4.23657,-1.06699,0.211713,1
1,9,18,5.04232,4.59569,2.65786,-0.805878,4.59569,0
4,10,81,-4.86797,-4.32951,-4.70389,-1.77463,-1.77463,3
1,11,54,2.08225,2.65953,-3.28628,-0.56961,2.65953,1
1,8,18,4.72188,4.61704,2.65786,-0.805878,4.61704,0
1,7,18,4.83135,5.01467,2.65786,-0.805878,5.01467,1
4,2,33,3.11273,2.38553,1.60775,-0.805878,1.60775,0
1,16,56,1.92745,1.51968,-3.43957,-0.474568,1.51968,0
1,6,18,4.73927,4.11305,2.65786,-0.805878,4.11305,0
2,20,39,1.56063,2.20485,0.982003,-0.317489,2.20485,1
1,5,18,3.80344,3.65141,2.65786,-0.805878,3.65141,0
2,9,90,-0.0619333,0.526618,-6.05291,-2.36134,0.526618,1
1,4,18,3.9729,3.63692,2.65786,-0.805878,3.63692,0
1,2,18,4.593,2.49645,2.65786,-0.805878,2.49645,0
1,6,69,1.91105,2.08697,-4.38821,-0.937499,2.08697,1
4,2,8,4.63997,0.200824,2.93668,-0.805878,-0.518286,0
4,11,21,-0.867753,4.3016,2.59473,-0.805878,2.59473,1
1,16,17,3.44686,3.56186,2.67763,-0.805878,3.56186,1
1,15,17,3.39632,4.67772,2.67763,-0.805878,4.67772,1
1,13,17,3.5223,5.04524,2.67763,-0.805878,5.04524,1
2,18,65,-0.212504,0.372057,-4.11009,-0.783219,0.372057,1
1,9,17,4.53241,5.08456,2.67763,-0.805878,5.08456,1
1,11,53,2.11934,2.71109,-3.24637,-0.595251,2.71109,1
1,8,17,4.5196,5.60125,2.67763,-0.805878,5.60125,1
1,7,17,4.44792,5.02499,2.67763,-0.805878,5.02499,1
4,2,36,2.99978,2.22179,1.45696,0.264588,2.21302,0
1,16,37,2.43025,3.54781,0.962271,-0.077702,3.54781,1
1,6,17,5.25717,4.69611,2.67763,-0.805878,4.69611,0
2,20,38,1.60781,1.58328,0.671689,-0.230343,1.58328,0
1,5,17,3.95318,5.11973,2.67763,-0.805878,5.11973,1
2,9,93,-0.379187,0.283805,-3.41916,-2.51688,0.283805,1
1,4,17,4.55192,4.31335,2.67763,-0.805878,4.31335,0
1,2,17,4.66258,5.11496,2.67763,-0.805878,5.11496,1
4,2,9,4.98701,-0.323307,2.89122,-0.805878,-0.61285,0
4,11,20,-0.805878,-0.805878,2.55099,-0.805878,2.55099,2
1,16,16,4.1761,5.42836,2.59926,-0.805878,5.42836,1
1,15,16,3.18091,5.39259,2.59926,-0.805878,5.39259,1
1,13,16,4.00123,4.32835,2.59926,-0.805878,4.32835,1
2,18,64,-0.243139,0.385082,-3.84075,-0.813937,0.385082,1
1,9,16,5.10132,4.49896,2.59926,-0.805878,5.10132,0
1,11,52,2.04071,2.6947,-3.16282,-0.404636,2.6947,1
1,8,16,4.17428,3.59192,2.59926,-0.805878,3.59192,0
1,7,16,5.06921,4.23882,2.59926,-0.805878,4.23882,0
4,2,39,2.00902,-0.413078,0.982003,-0.317489,-0.336609,0
1,16,58,2.05509,1.24802,-3.5329,-0.497556,1.24802,0
1,6,16,4.81734,5.37645,2.59926,-0.805878,5.37645,1
2,20,25,3.01132,3.12425,2.04479,-0.805878,3.12425,1
1,5,16,5.38459,4.86595,2.59926,-0.805878,5.38459,0
2,9,92,-0.154146,0.38331,-6.43894,-2.39982,0.38331,1
1,4,16,5.65682,4.92245,2.59926,-0.805878,4.92245,0
1,2,16,5.29948,4.50837,2.59926,-0.805878,4.50837,0
1,15,15,4.26829,4.59855,2.8676,-0.805878,4.59855,1
1,13,15,4.31033,3.43938,2.8676,-0.805878,3.43938,0
4,15,17,-0.64769,-1.19634,2.67763,-0.805878,2.67763,2
1,12,15,3.51438,3.98968,2.8676,-0.805878,3.98968,1
2,18,75,-0.21529,0.320847,-4.90201,-1.41384,0.320847,1
1,9,15,4.45931,5.17558,2.8676,-0.805878,5.17558,1
1,7,15,3.97695,4.62739,2.8676,-0.805878,3.97695,1
1,4,15,4.95576,4.85683,2.8676,-0.805878,4.85683,0
1,2,15,4.28986,4.41527,2.8676,-0.805878,4.41527,1
1,13,14,4.21839,3.78928,2.79075,-0.805878,3.78928,0
4,15,18,-0.728975,-0.728975,2.65786,-0.805878,2.65786,2
1,12,14,3.95013,4.46885,2.79075,-0.805878,4.46885,1
2,18,74,-0.558639,0.122988,-4.86797,-1.45906,0.122988,1
1,9,14,4.41667,4.05371,2.79075,-0.805878,4.05371,0
1,7,14,5.0915,5.08062,2.79075,-0.805878,5.08062,0
1,4,14,5.44084,5.56094,2.79075,-0.805878,5.56094,1
1,2,14,5.2264,6.25172,2.79075,-0.805878,6.25172,1
1,13,13,4.62198,4.90165,2.91513,-0.805878,4.90165,1
4,15,19,-0.760146,-0.760146,2.73033,-0.805878,2.73033,2
1,12,13,4.42288,5.14306,2.91513,-0.805878,5.14306,1
2,18,69,-0.421053,0.458077,-4.38821,-0.937499,0.458077,1
1,9,13,4.62749,5.68147,2.91513,-0.805878,5.68147,1
1,7,13,4.65186,5.10016,2.91513,-0.805878,5.10016,1
1,4,13,5.40559,4.85124,2.91513,-0.805878,4.85124,0
1,2,13,4.94532,5.08474,2.91513,-0.805878,5.08474,1
4,15,20,-0.805878,-0.805878,2.55099,-0.805878,2.55099,2
1,12,12,5.2044,5.4327,2.93608,-0.805878,5.4327,1
2,18,68,-0.774956,0.243857,-4.27007,-1.01066,0.243857,1
1,9,12,3.77181,4.24745,2.93608,-0.805878,4.24745,1
1,11,72,0.681992,1.47209,-4.69937,-1.21867,1.47209,1
4,10,83,-4.75214,-4.53423,-5.22327,-1.89942,-1.89942,3
1,8,12,4.98356,5.66759,2.93608,-0.805878,5.66759,1
1,7,12,4.7456,4.58929,2.93608,-0.805878,4.58929,0
1,4,12,4.5071,5.89355,2.93608,-0.805878,5.89355,1
1,2,12,5.10914,6.48675,2.93608,-0.805878,6.48675,1
2,18,79,-0.799484,-0.143307,-4.30456,-1.7295,-0.143307,1
1,9,11,4.75682,5.24769,2.80572,-0.805878,5.24769,1
1,7,11,5.68452,5.01294,2.80572,-0.805878,5.01294,0
1,4,11,4.16314,4.56889,2.80572,-0.805878,4.56889,1
1,2,11,5.02419,5.8389,2.80572,-0.805878,5.8389,1
2,18,78,-0.432992,0.0924495,-4.65291,-1.66623,0.0924495,1
1,9,10,3.6123,5.0928,2.9161,-0.805878,5.0928,1
1,7,10,4.292,5.64177,2.9161,-0.805878,5.64177,1
1,4,10,5.32691,5.57446,2.9161,-0.805878,5.57446,1
1,2,10,5.23851,5.15958,2.9161,-0.805878,5.15958,0
1,7,9,4.51701,5.97527,2.89122,-0.805878,5.97527,1
1,4,9,4.60665,5.62679,2.89122,-0.805878,5.62679,1
1,2,9,5.11824,3.44001,2.89122,-0.805878,3.44001,0
1,7,8,4.71163,4.47725,2.93668,-0.805878,4.47725,0
1,4,8,5.05766,5.25426,2.93668,-0.805878,5.25426,1
1,2,8,5.24041,3.84972,2.93668,-0.805878,3.84972,0
1,4,7,5.51358,5.69644,2.92731,-0.805878,5.69644,1
1,2,7,5.96781,6.945,2.92731,-0.805878,6.945,1
1,4,6,5.66856,4.74143,2.97518,-0.805878,4.74143,0
1,2,6,6.10331,4.17207,2.97518,-0.805878,4.17207,0
2,9,73,1.04646,-0.0500556,-4.58061,-1.30758,-0.0500556,0
1,4,5,5.45393,5.45243,2.97834,-0.805878,5.45393,0
1,2,5,5.09874,6.2917,2.97834,-0.805878,6.2917,1
1,2,4,5.58646,5.98096,2.97261,-0.805878,5.98096,1
1,2,3,6.04657,5.72706,3,-0.805878,5.72706,0
2,18,99,-0.793698,-2.18458,-3.41916,-3.35117,-0.793698,0
2,6,35,2.93477,3.75255,1.44812,-0.805878,3.75255,1
2,8,33,3.09876,3.22625,1.60775,-0.805878,3.22625,1
1,14,33,2.79824,3.4492,1.60775,-0.805878,3.4492,1
1,3,41,2.94396,2.64746,0.201755,-0.28101,2.64746,0
2,17,99,-2.08474,-1.99409,-3.41916,-3.35117,-1.99409,1
2,15,99,-1.63412,-2.05434,-3.41916,-3.35117,-2.05434,0
4,2,85,1.10803,-2.26963,-5.14185,-2.10808,-2.10808,0
4,11,88,-4.70389,-4.70389,-5.55605,-2.24038,-2.24038,3
2,11,99,-1.46685,-1.84044,-3.41916,-3.35117,-1.84044,0
1,4,59,2.68644,2.4973,-3.59803,-0.651593,2.4973,0
2,9,99,-0.961362,-0.422938,-3.41916,-3.35117,-0.422938,1
4,2,3,0.273204,2.81097,3,-0.805878,-0.353603,2
4,11,18,-0.728975,-0.728975,2.65786,-0.805878,2.65786,2
1,16,30,3.02867,2.79434,1.53923,-0.805878,2.79434,0
2,8,99,-0.581835,-0.560307,-3.41916,-3.35117,-0.560307,1
2,7,99,-0.667052,-1.17183,-3.41916,-3.35117,-1.17183,0
1,14,97,-0.977555,-0.588905,-3.41916,-2.81209,-0.588905,1
2,8,97,-0.13533,-0.411268,-3.41916,-2.81209,-0.411268,0
2,6,99,-0.947021,-0.517126,-3.41916,-3.35117,-0.517126,1
4,20,32,-1.51638,-1.51638,1.7249,-0.805878,1.7249,2
2,5,99,-1.2006,-0.17957,-3.41916,-3.35117,-0.17957,1
2,4,99,-0.813101,-0.253006,-3.41916,-3.35117,-0.253006,1
2,18,98,-0.96206,-2.12485,-3.41916,-3.12829,-0.96206,0
2,8,34,2.65195,2.97052,1.42834,-0.805878,2.65195,1
1,14,32,3.46909,3.17398,1.7249,-0.805878,3.17398,0
2,6,34,2.93136,3.88796,1.42834,-0.805878,3.88796,1
1,3,38,3.74505,3.17395,0.671689,-0.230343,3.17395,0
2,17,98,-1.97454,-1.66748,-3.41916,-3.12829,-1.66748,1
2,15,98,-1.78913,-2.15048,-3.41916,-3.12829,-1.78913,0
4,2,84,1.23607,-2.24965,-5.35927,-2.00544,-2.00544,0
4,11,89,-5.04662,-5.04662,-5.75042,-2.39784,-2.39784,3
2,11,98,-1.15561,-1.69058,-3.41916,-3.12829,-1.69058,0
4,11,13,-0.496319,-0.496319,2.91513,-0.805878,2.91513,2
1,16,25,4.11855,3.57064,2.04479,-0.805878,3.57064,0
1,14,96,-0.693355,-0.149985,-3.41916,-2.99602,-0.149985,1
2,6,98,-0.805772,-0.404479,-3.41916,-3.12829,-0.404479,1
2,8,98,-0.1472,-0.505546,-3.41916,-3.12829,-0.505546,0
2,7,98,-0.615175,-0.961148,-3.41916,-3.12829,-0.961148,0
4,20,33,-1.57416,-1.57416,1.60775,-0.805878,1.60775,2
2,5,98,-1.16443,-0.0639901,-3.41916,-3.12829,-0.0639901,1
4,2,7,-0.323307,6.945,2.92731,-0.805878,6.92696,1
4,11,14,-0.580929,-0.580929,2.79075,-0.805878,2.79075,2
1,16,26,3.21902,3.55731,2.08517,-0.805878,3.55731,1
2,4,98,-0.688664,-0.0615191,-3.41916,-3.12829,-0.0615191,1
2,20,97,-1.96905,-1.70581,-3.41916,-2.81209,-1.70581,1
2,18,97,-0.83192,-1.94745,-3.41916,-2.81209,-1.94745,0
1,14,63,0.965803,1.36368,-4.03562,-0.692524,1.36368,1
2,6,37,2.85574,3.47977,0.962271,-0.077702,3.47977,1
2,8,35,2.86603,2.99533,1.44812,-0.805878,2.86603,1
1,3,39,3.2394,2.64697,0.982003,-0.317489,2.64697,0
2,17,97,-1.99941,-1.85334,-3.41916,-2.81209,-1.99941,1
2,15,97,-1.43807,-1.88865,-3.41916,-2.81209,-1.88865,0
4,2,87,-4.82344,-4.82344,-5.60239,-2.09737,-2.09737,3
4,11,94,-5.60239,-5.60239,-3.41916,-2.55553,-2.55553,3
2,11,97,-1.03304,-1.54877,-3.41916,-2.81209,-1.54877,0
2,7,97,-0.50471,-0.919368,-3.41916,-2.81209,-0.919368,0
1,14,99,-1.36293,-0.524195,-3.41916,-3.35117,-0.524195,1
2,6,97,-0.84865,-0.428705,-3.41916,-2.81209,-0.428705,1
4,20,34,-1.65275,-1.65275,1.42834,-0.805878,1.42834,2
2,5,97,-1.09247,-0.0718035,-3.41916,-2.81209,-0.0718035,1
2,2,97,-0.363095,-0.498817,-3.41916,-2.81209,-0.498817,0
2,18,96,-0.965036,-2.22811,-3.41916,-2.99602,-0.965036,0
1,14,62,1.21166,1.5728,-3.86868,-0.735614,1.5728,1
2,6,36,2.79543,3.65419,1.45696,0.264588,3.65419,1
2,8,36,3.02781,2.99848,1.45696,0.264588,2.99848,0
1,3,36,4.19766,3.24575,1.45696,0.264588,3.24575,0
2,17,96,-1.83439,-1.56572,-3.41916,-2.99602,-1.56572,1
2,15,96,-1.37373,-1.73768,-3.41916,-2.99602,-1.73768,0
4,2,86,-4.30456,-4.30456,-5.61978,-2.01828,-2.01828,3
4,11,95,-5.55605,-5.55605,-3.41916,-2.85377,-2.85377,3
2,11,96,-0.932585,-1.49656,-3.41916,-2.99602,-1.49656,0
1,14,98,-0.991125,-0.466243,-3.41916,-3.12829,-0.466243,1
2,8,96,-0.0830804,-0.648623,-3.41916,-2.99602,-0.648623,0
2,6,96,-0.739268,-0.332377,-3.41916,-2.99602,-0.332377,1
4,20,35,-1.73068,-1.73068,1.44812,-0.805878,1.44812,2
2,5,96,-1.0921,-0.0415944,-3.41916,-2.99602,-0.0415944,1
4,11,12,-0.438248,-0.438248,2.93608,-0.805878,2.93608,2
1,16,24,3.44019,3.68728,2.20454,-0.805878,3.68728,1
2,4,96,-0.586152,-0.0134736,-3.41916,-2.99602,-0.0134736,1
2,2,96,-0.281145,-0.593718,-3.41916,-2.99602,-0.593718,0
2,15,95,-1.52831,-1.88939,-3.41916,-2.85377,-1.88939,0
2,13,95,-0.845924,-0.176657,-3.41916,-2.85377,-0.176657,1
2,7,46,2.57082,2.93863,-1.27338,-0.395639,2.93863,1
2,12,95,-0.571487,-0.140735,-3.41916,-2.85377,-0.140735,1
1,14,69,0.932966,1.24466,-4.38821,-0.937499,1.24466,1
2,8,77,0.995708,-0.371468,-4.67517,-1.58996,-0.371468,0
2,6,95,-0.58399,-0.253038,-3.41916,-2.85377,-0.253038,1
4,20,36,-1.77946,-1.77946,1.45696,0.264588,1.45696,2
2,5,95,-1.00882,0.0288425,-3.41916,-2.85377,0.0288425,1
2,4,95,-0.578983,0.0898124,-3.41916,-2.85377,0.0898124,1
2,1,95,-0.110758,-0.187954,-3.41916,-2.85377,-0.187954,0
2,15,94,-1.36601,-1.59618,-3.41916,-2.55553,-1.59618,0
2,13,94,-0.703511,-0.103856,-3.41916,-2.55553,-0.103856,1
2,7,47,2.35897,2.77059,-1.66582,-0.377744,2.77059,1
2,12,94,-0.449413,-0.0646462,-3.41916,-2.55553,-0.0646462,1
4,20,37,-1.84662,-1.84662,0.962271,-0.077702,-0.077702,2
2,5,94,-0.989048,-0.0463417,-3.41916,-2.55553,-0.0463417,1
2,4,94,-0.565847,0.115304,-3.41916,-2.55553,0.115304,1
2,1,94,0.0401904,-0.21684,-3.41916,-2.55553,-0.21684,0
2,15,93,-1.51343,-1.22355,-3.41916,-2.51688,-1.22355,1
2,13,93,-0.691094,-0.189987,-3.41916,-2.51688,-0.189987,1
2,7,40,3.39005,2.97745,0.424054,-0.32524,2.97745,0
2,12,93,-0.246993,0.0783566,-3.41916,-2.51688,0.0783566,1
2,4,93,-0.467265,0.152725,-3.41916,-2.51688,0.152725,1
2,15,92,-1.20135,-1.09176,-6.43894,-2.39982,-1.09176,1
2,13,92,-0.606791,-0.0756875,-6.43894,-2.39982,-0.0756875,1
2,7,41,3.41103,3.14229,0.201755,-0.28101,3.14229,0
2,12,92,-0.267239,0.0811352,-6.43894,-2.39982,0.0811352,1
1,9,63,2.08016,2.8215,-4.03562,-0.692524,2.8215,1
2,18,91,-1.15096,-1.69115,-6.29331,-2.45927,-1.69115,0
2,15,91,-1.61232,-1.14284,-6.29331,-2.45927,-1.14284,1
2,13,91,-0.184026,-0.19922,-6.29331,-2.45927,-0.19922,0
2,7,42,3.19786,3.04797,-0.0637023,-0.353411,3.19786,0
2,12,91,-0.123166,0.0964527,-6.29331,-2.45927,0.0964527,1
1,9,62,2.27366,2.98369,-3.86868,-0.735614,2.98369,1
2,18,90,-0.828788,-1.43213,-6.05291,-2.36134,-1.43213,0
2,13,90,-0.0963886,-0.250576,-6.05291,-2.36134,-0.250576,0
2,7,43,3.21413,2.86082,-0.351569,-0.382527,2.86082,0
2,12,90,-0.0823334,0.173332,-6.05291,-2.36134,0.173332,1
2,13,89,-0.385178,-0.147119,-5.75042,-2.39784,-0.147119,1
2,7,36,2.93092,3.17235,1.45696,0.264588,3.17235,1
2,12,89,-0.0210347,0.417256,-5.75042,-2.39784,0.417256,1
2,1,89,0.450277,-0.16336,-5.75042,-2.39784,0.450277,0
2,13,88,-0.304031,0.0321518,-5.55605,-2.24038,0.0321518,1
2,1,88,0.459576,0.420092,-5.55605,-2.24038,0.420092,0
2,18,87,-0.78461,-1.34757,-5.60239,-2.09737,-1.34757,0
2,14,87,-0.800513,-0.716907,-5.60239,-2.09737,-0.716907,1
2,13,87,-0.349445,0.0159179,-5.60239,-2.09737,0.0159179,1
2,7,54,1.74351,2.47617,-3.28628,-0.56961,2.47617,1
2,12,87,0.0354625,0.6697,-5.60239,-2.09737,0.6697,1
2,18,86,-0.704586,-1.23289,-5.61978,-2.01828,-1.23289,0
2,13,86,-0.25148,0.0908274,-5.61978,-2.01828,0.0908274,1
2,7,55,1.61521,2.32386,-3.26052,-0.458097,2.32386,1
2,12,86,-0.171301,0.748494,-5.61978,-2.01828,0.748494,1
1,9,61,2.03592,2.69806,-3.77303,-0.607646,2.69806,1
2,18,85,-0.879352,-0.356376,-5.14185,-2.10808,-0.356376,1
2,13,85,-0.156808,0.129586,-5.14185,-2.10808,0.129586,1
2,7,48,2.14389,2.10404,-2.02538,-0.386848,2.10404,0
2,12,85,-0.590693,-0.270542,-5.14185,-2.10808,-0.270542,1
2,8,40,2.59455,2.55171,0.424054,-0.32524,2.59455,0
2,6,56,1.84389,2.25299,-3.43957,-0.474568,2.25299,1
1,14,42,2.60898,2.19769,-0.0637023,-0.353411,2.19769,0
1,3,48,2.64565,3.44637,-2.02538,-0.386848,3.44637,1
2,17,84,-0.910391,-1.25283,-5.35927,-2.00544,-1.25283,0
2,13,84,-0.4589,0.0657516,-5.35927,-2.00544,0.0657516,1
2,7,49,1.9867,2.02344,-2.3856,-0.416188,2.02344,1
2,12,84,-0.353952,-0.0783863,-5.35927,-2.00544,-0.0783863,1
2,18,83,-0.919924,-0.291203,-5.22327,-1.89942,-0.291203,1
2,14,83,-0.426762,0.449668,-5.22327,-1.89942,0.449668,1
2,13,83,-0.387265,0.012834,-5.22327,-1.89942,0.012834,1
2,7,50,1.92633,1.97677,-2.70986,-0.510597,1.97677,1
2,12,83,-0.57898,-0.23626,-5.22327,-1.89942,-0.23626,1
2,18,82,-0.514005,-0.146766,-5.04662,-1.89873,-0.146766,1
2,14,82,-0.342771,0.542543,-5.04662,-1.89873,0.542543,1
2,13,82,-0.0840701,0.0777104,-5.04662,-1.89873,0.0777104,1
2,7,51,1.69402,2.36092,-3.03783,-0.448822,1.69402,1
2,12,82,-1.03194,-0.323832,-5.04662,-1.89873,-0.323832,1
2,18,81,-0.858795,-0.404718,-4.70389,-1.77463,-0.404718,1
2,14,81,-0.381086,0.691074,-4.70389,-1.77463,0.691074,1
2,13,81,-0.0453631,0.153316,-4.70389,-1.77463,0.153316,1
2,7,44,2.92087,2.61177,-0.646582,-0.45329,2.61177,0
2,12,81,-0.408262,-0.00743092,-4.70389,-1.77463,-0.00743092,1
2,18,80,-1.23181,-0.415538,-4.82344,-1.66435,-0.415538,1
2,14,80,-0.658198,0.593564,-4.82344,-1.66435,0.593564,1
2,13,80,0.00769487,0.150187,-4.82344,-1.66435,0.150187,1
2,7,45,2.49909,2.98798,-0.989663,-0.351506,2.98798,1
2,12,80,-0.364322,0.0594339,-4.82344,-1.66435,0.0594339,1
1,16,38,2.21399,3.53714,0.671689,-0.230343,3.53714,1
1,6,20,4.23618,4.08328,2.55099,-0.805878,4.08328,0
2,19,79,-1.0451,-1.19747,-4.30456,-1.7295,-1.19747,0
2,16,79,-0.205181,-1.18147,-4.30456,-1.7295,-1.18147,0
2,14,79,-0.22659,0.792338,-4.30456,-1.7295,0.792338,1
2,13,79,0.134801,0.238617,-4.30456,-1.7295,0.238617,1
2,7,62,1.31215,2.01902,-3.86868,-0.735614,2.01902,1
2,12,79,-0.392971,0.153953,-4.30456,-1.7295,0.153953,1
1,16,39,2.63899,2.59716,0.982003,-0.317489,2.59716,0
1,6,23,4.46877,3.88406,2.09672,-0.805878,3.88406,0
2,19,78,-1.06459,-1.18951,-4.65291,-1.66623,-1.18951,0
2,16,78,-0.491548,-0.493618,-4.65291,-1.66623,-0.493618,0
2,14,78,-0.0546507,0.984105,-4.65291,-1.66623,0.984105,1
2,13,78,-0.0899199,0.249525,-4.65291,-1.66623,0.249525,1
2,7,63,1.22005,1.9076,-4.03562,-0.692524,1.9076,1
2,12,78,-1.02275,0.246191,-4.65291,-1.66623,0.246191,1
1,16,32,3.78111,3.00033,1.7249,-0.805878,3.00033,0
1,6,10,4.707,5.99341,2.9161,-0.805878,5.99341,1
2,19,77,-1.09656,-1.17346,-4.67517,-1.58996,-1.17346,0
2,18,77,-0.528372,-0.0101645,-4.67517,-1.58996,-0.0101645,1
2,16,77,-0.199411,-0.235434,-4.67517,-1.58996,-0.235434,0
2,14,77,-0.550829,0.725296,-4.67517,-1.58996,0.725296,1
2,13,77,0.177471,0.492748,-4.67517,-1.58996,0.492748,1
2,7,56,1.46294,2.34129,-3.43957,-0.474568,2.34129,1
2,12,77,-0.379543,0.13766,-4.67517,-1.58996,0.13766,1
1,16,33,3.17768,4.26428,1.60775,-0.805878,4.26428,1
1,6,21,4.16983,3.85794,2.59473,-0.805878,3.85794,0
2,19,76,-0.716147,-0.96385,-4.75214,-1.45125,-0.96385,0
2,18,76,-0.400334,0.166614,-4.75214,-1.45125,0.166614,1
2,16,76,0.0666933,-0.146679,-4.75214,-1.45125,-0.146679,0
2,14,76,-0.162463,0.915257,-4.75214,-1.45125,0.915257,1
2,13,76,-0.171266,0.270563,-4.75214,-1.45125,0.270563,1
2,7,57,1.39364,2.11733,-3.55909,-0.534181,2.11733,1
2,12,76,-0.0511559,0.50825,-4.75214,-1.45125,0.50825,1
1,5,74,1.61714,1.66822,-4.86797,-1.45906,1.61714,1
1,16,34,2.98831,4.08748,1.42834,-0.805878,4.08748,1
1,6,8,4.73138,4.39616,2.93668,-0.805878,4.39616,0
3,14,60,-0.203933,0.0658992,-3.62281,-0.563066,0.0658992,1
2,19,75,-0.814116,-1.02262,-4.90201,-1.41384,-1.02262,0
2,16,75,-0.0438605,-0.262295,-4.90201,-1.41384,-0.262295,0
2,15,75,-0.607565,0.472281,-4.90201,-1.41384,0.472281,1
2,14,75,-0.0335822,1.06351,-4.90201,-1.41384,1.06351,1
2,13,75,-0.370335,-0.0221454,-4.90201,-1.41384,-0.0221454,1
2,7,58,1.53865,2.11282,-3.5329,-0.497556,2.11282,1
2,12,75,-1.42314,0.335155,-4.90201,-1.41384,0.335155,1
1,5,75,1.70123,1.37708,-4.90201,-1.41384,1.37708,0
1,16,35,2.68746,3.98684,1.44812,-0.805878,3.98684,1
1,6,11,4.11837,4.36517,2.80572,-0.805878,4.36517,1
3,14,61,-0.2765,0.138139,-3.77303,-0.607646,0.138139,1
2,19,74,-0.874174,-0.899769,-4.86797,-1.45906,-0.899769,0
2,16,74,0.0640814,-0.0776138,-4.86797,-1.45906,-0.0776138,0
2,15,74,-0.625266,0.467352,-4.86797,-1.45906,0.467352,1
2,13,74,-0.221785,0.260137,-4.86797,-1.45906,0.260137,1
2,7,59,1.10072,1.74021,-3.59803,-0.651593,1.74021,1
2,12,74,-0.438435,0.336435,-4.86797,-1.45906,0.336435,1
1,9,9,5.28725,5.94613,2.89122,-0.805878,5.28725,1
2,18,73,-0.410069,0.177758,-4.58061,-1.30758,0.177758,1
2,16,73,0.302819,0.131414,-4.58061,-1.30758,0.131414,0
2,15,73,-0.772538,0.683529,-4.58061,-1.30758,0.683529,1
2,7,52,1.99491,2.70814,-3.16282,-0.404636,2.70814,1
2,12,73,-0.227126,0.540142,-4.58061,-1.30758,0.540142,1
1,5,73,1.82172,1.74269,-4.58061,-1.30758,1.74269,0
1,16,45,2.92813,2.48611,-0.989663,-0.351506,2.48611,0
1,6,9,4.7567,5.52059,2.89122,-0.805878,5.52059,1
3,14,63,-0.34002,-1.16397,-4.03562,-0.692524,-1.16397,0
2,19,72,-0.633318,-0.907145,-4.69937,-1.21867,-0.907145,0
2,18,72,-0.288458,0.280144,-4.69937,-1.21867,0.280144,1
2,16,72,0.185068,0.00419236,-4.69937,-1.21867,0.00419236,0
2,15,72,-0.252367,0.644821,-4.69937,-1.21867,0.644821,1
2,15,71,-0.666734,0.54757,-4.4203,-1.13959,0.54757,1
2,15,70,0.0305673,0.744402,-4.23657,-1.06699,0.744402,1
2,15,69,-0.0428492,0.697471,-4.38821,-0.937499,0.697471,1
2,15,68,0.0411738,0.767597,-4.27007,-1.01066,0.767597,1
2,15,67,-0.0592196,0.649861,-4.33476,-0.933887,0.649861,1
2,15,66,0.188251,0.842724,-4.06104,-0.806488,0.842724,1
2,16,65,-0.141488,0.259279,-4.11009,-0.783219,0.259279,1
2,15,65,-0.126911,0.862301,-4.11009,-0.783219,0.862301,1
2,15,64,-0.0977921,0.851102,-3.84075,-0.813937,0.851102,1
2,15,63,0.221882,0.820515,-4.03562,-0.692524,0.820515,1
2,15,62,0.356535,1.02505,-3.86868,-0.735614,1.02505,1
2,15,61,0.397118,1.06633,-3.77303,-0.607646,1.06633,1
1,16,99,-0.362496,-1.63322,-3.41916,-3.35117,-1.63322,0
1,5,11,4.97675,5.14419,2.80572,-0.805878,5.14419,1
2,20,60,-0.0111645,0.403247,-3.62281,-0.563066,0.403247,1
2,15,60,0.57639,1.34863,-3.62281,-0.563066,1.34863,1
1,5,54,2.74961,2.69995,-3.28628,-0.56961,2.69995,0
2,20,59,-0.0630887,0.382798,-3.59803,-0.651593,0.382798,1
2,15,59,0.549555,1.39634,-3.59803,-0.651593,1.39634,1
1,16,97,-0.205218,-1.48836,-3.41916,-2.81209,-1.48836,0
1,5,53,2.91143,2.82998,-3.24637,-0.595251,2.82998,0
2,20,58,0.0138366,0.262205,-3.5329,-0.497556,0.262205,1
2,15,58,0.297463,1.39944,-3.5329,-0.497556,1.39944,1
2,17,57,0.463367,-0.166721,-3.55909,-0.534181,-0.166721,0
2,15,57,0.507285,1.45781,-3.55909,-0.534181,1.45781,1
2,17,56,0.216227,-0.176959,-3.43957,-0.474568,-0.176959,0
2,15,56,0.527169,1.49865,-3.43957,-0.474568,1.49865,1
2,20,55,0.0498777,0.474469,-3.26052,-0.458097,0.474469,1
2,17,55,0.359424,0.367411,-3.26052,-0.458097,0.367411,1
2,15,55,0.512673,1.5764,-3.26052,-0.458097,1.5764,1
2,20,54,0.327069,0.696153,-3.28628,-0.56961,0.696153,1
2,17,54,0.285267,0.0213703,-3.28628,-0.56961,0.0213703,0
2,15,54,0.383698,1.33206,-3.28628,-0.56961,1.33206,1
1,5,12,4.8476,5.67118,2.93608,-0.805878,5.67118,1
2,20,53,0.258959,0.552289,-3.24637,-0.595251,0.552289,1
2,17,53,0.507463,0.664759,-3.24637,-0.595251,0.664759,1
2,15,53,0.592867,1.39247,-3.24637,-0.595251,1.39247,1
2,20,52,0.418156,0.732669,-3.16282,-0.404636,0.732669,1
2,17,52,0.615642,0.639775,-3.16282,-0.404636,0.639775,1
2,15,52,0.540336,1.4702,-3.16282,-0.404636,1.4702,1
1,5,14,5.1373,5.0781,2.79075,-0.805878,5.0781,0
2,20,51,0.59759,0.684577,-3.03783,-0.448822,0.684577,1
2,17,51,0.190781,0.850468,-3.03783,-0.448822,0.850468,1
2,15,51,0.822143,1.57746,-3.03783,-0.448822,1.57746,1
1,5,13,5.12215,4.26763,2.91513,-0.805878,4.26763,0
2,20,50,0.0353132,0.539594,-2.70986,-0.510597,0.539594,1
2,17,50,0.344707,2.39681,-2.70986,-0.510597,2.39681,1
2,15,50,0.572786,2.53333,-2.70986,-0.510597,2.53333,1
1,5,8,4.43787,4.3668,2.93668,-0.805878,4.3668,0
2,20,49,0.135584,0.780459,-2.3856,-0.416188,0.780459,1
2,17,49,0.780225,2.37538,-2.3856,-0.416188,2.37538,1
2,15,49,0.595445,2.5759,-2.3856,-0.416188,2.5759,1
1,5,15,4.98354,4.64572,2.8676,-0.805878,4.64572,0
2,20,48,0.264729,0.753623,-2.02538,-0.386848,0.753623,1
2,17,48,0.856472,2.45721,-2.02538,-0.386848,2.45721,1
2,15,48,0.608399,2.51139,-2.02538,-0.386848,2.51139,1
1,5,26,4.16131,4.78357,2.08517,-0.805878,4.78357,1
2,20,47,0.550663,0.74192,-1.66582,-0.377744,0.74192,1
2,17,47,0.825708,2.56515,-1.66582,-0.377744,2.56515,1
2,15,47,0.907484,2.7381,-1.66582,-0.377744,2.7381,1
2,13,47,1.09642,1.37964,-1.66582,-0.377744,1.37964,1
1,5,25,4.36534,4.69975,2.04479,-0.805878,4.36534,1
2,20,46,0.728991,1.12327,-1.27338,-0.395639,1.12327,1
2,17,46,1.01555,2.74949,-1.27338,-0.395639,2.74949,1
2,15,46,0.997044,2.77938,-1.27338,-0.395639,2.77938,1
2,13,46,0.849986,1.28415,-1.27338,-0.395639,1.28415,1
2,20,45,0.765573,1.14684,-0.989663,-0.351506,1.14684,1
2,15,45,1.14418,2.79159,-0.989663,-0.351506,2.79159,1
2,13,45,1.18211,1.7976,-0.989663,-0.351506,1.7976,1
1,5,27,4.38099,4.69026,1.79261,-0.805878,4.38099,1
2,20,44,2.17199,1.92473,-0.646582,-0.45329,1.92473,0
2,15,44,1.57372,2.60144,-0.646582,-0.45329,2.60144,1
2,13,44,2.3479,2.33037,-0.646582,-0.45329,2.33037,0
1,5,6,4.97854,6.3365,2.97518,-0.805878,6.3365,1
2,20,43,2.53816,2.36054,-0.351569,-0.382527,2.36054,0
2,13,43,2.22191,2.31755,-0.351569,-0.382527,2.31755,1
1,5,5,5.38761,4.77553,2.97834,-0.805878,5.38761,0
2,20,42,2.37245,2.08147,-0.0637023,-0.353411,2.08147,0
2,13,42,2.43582,2.35779,-0.0637023,-0.353411,2.35779,0
2,20,41,2.57039,2.25303,0.201755,-0.28101,2.25303,0
2,13,41,2.72698,2.30005,0.201755,-0.28101,2.30005,0
1,5,7,5.81027,5.34382,2.92731,-0.805878,5.81027,0
2,20,40,2.73126,2.13173,0.424054,-0.32524,2.13173,0
2,10,99,-1.7765,-0.121956,-3.41916,-3.35117,-0.121956,1
2,15,40,2.28519,2.79749,0.424054,-0.32524,2.79749,1
2,13,40,2.99297,2.41663,0.424054,-0.32524,2.41663,0
2,17,39,1.87387,1.89758,0.982003,-0.317489,1.89758,1
2,15,39,2.42801,2.77773,0.982003,-0.317489,2.77773,1
2,13,39,2.86797,2.18788,0.982003,-0.317489,2.18788,0
2,7,39,3.63803,3.23437,0.982003,-0.317489,3.23437,0
2,17,38,2.3379,2.36318,0.671689,-0.230343,2.3379,1
2,15,38,2.2703,3.25392,0.671689,-0.230343,3.25392,1
2,13,38,2.7006,3.39559,0.671689,-0.230343,3.39559,1
2,7,38,2.88169,3.12309,0.671689,-0.230343,3.12309,1
2,17,37,2.0282,2.8183,0.962271,-0.077702,2.8183,1
2,15,37,2.37005,3.35968,0.962271,-0.077702,3.35968,1
2,13,37,2.95629,3.76604,0.962271,-0.077702,3.76604,1
2,12,88,-0.0530854,0.560564,-5.55605,-2.24038,0.560564,1
2,7,37,2.9477,3.22378,0.962271,-0.077702,3.22378,1
2,17,36,1.99979,2.90977,1.45696,0.264588,2.90977,1
2,15,36,2.20356,3.18795,1.45696,0.264588,3.18795,1
2,13,36,2.71166,4.15227,1.45696,0.264588,4.15227,1
1,5,30,3.97494,4.15088,1.53923,-0.805878,4.15088,1
2,20,35,2.29516,1.86467,1.44812,-0.805878,1.86467,0
2,17,35,1.92,3.10471,1.44812,-0.805878,3.10471,1
2,15,35,2.33499,3.49026,1.44812,-0.805878,3.49026,1
1,5,29,4.19627,3.97187,1.67657,-0.805878,3.97187,0
2,20,34,2.01894,1.75412,1.42834,-0.805878,1.75412,0
2,17,34,2.43046,3.17464,1.42834,-0.805878,3.17464,1
2,15,34,2.29775,3.40623,1.42834,-0.805878,3.40623,1
1,5,24,4.17535,4.48247,2.20454,-0.805878,4.48247,1
2,20,33,2.23109,2.17103,1.60775,-0.805878,2.17103,0
2,17,33,2.43687,3.22953,1.60775,-0.805878,3.22953,1
2,15,33,2.33875,3.28137,1.60775,-0.805878,3.28137,1
1,5,31,3.75656,3.94694,1.72456,-0.805878,3.94694,1
2,20,32,2.6469,3.05906,1.7249,-0.805878,3.05906,1
2,17,32,2.7146,2.61398,1.7249,-0.805878,2.61398,0
2,20,31,2.77477,3.61419,1.72456,-0.805878,3.61419,1
2,17,31,2.42651,2.52745,1.72456,-0.805878,2.52745,1
1,20,58,1.30494,1.12172,-3.5329,-0.497556,1.12172,0
1,8,64,2.33816,1.57496,-3.84075,-0.813937,1.57496,0
4,10,31,-1.46886,-1.76635,1.72456,-0.805878,1.72456,2
2,14,31,2.94773,3.18376,1.72456,-0.805878,3.18376,1
1,3,13,4.96905,4.7424,2.91513,-0.805878,4.7424,0
2,8,13,4.06576,4.61894,2.91513,-0.805878,4.61894,1
2,6,31,3.23188,3.1753,1.72456,-0.805878,3.1753,0
2,20,30,2.88839,3.37964,1.53923,-0.805878,3.37964,1
2,17,30,2.75906,2.64004,1.53923,-0.805878,2.64004,0
1,20,59,1.02393,1.18916,-3.59803,-0.651593,1.18916,1
1,8,65,2.34092,1.64215,-4.11009,-0.783219,1.64215,0
4,10,30,-1.41916,-1.70689,1.53923,-0.805878,1.53923,2
2,14,30,3.02688,3.1437,1.53923,-0.805878,3.1437,1
2,13,30,2.9858,3.30043,1.53923,-0.805878,3.30043,1
2,6,14,4.67941,5.04192,2.79075,-0.805878,5.04192,1
1,3,58,3.02454,2.30345,-3.5329,-0.497556,2.30345,0
1,14,20,3.7666,2.94293,2.55099,-0.805878,2.94293,0
2,8,30,3.38831,3.82373,1.53923,-0.805878,3.82373,1
1,3,10,5.26019,5.09593,2.9161,-0.805878,5.09593,0
2,8,14,3.95281,4.29721,2.79075,-0.805878,4.29721,1
2,6,30,3.82831,3.31696,1.53923,-0.805878,3.31696,0
2,9,36,3.06199,2.14268,1.45696,0.264588,2.14268,0
2,3,30,3.37713,3.16268,1.53923,-0.805878,3.16268,0
1,5,20,4.83392,4.54717,2.55099,-0.805878,4.54717,0
2,20,29,2.91771,3.3584,1.67657,-0.805878,3.3584,1
2,17,29,2.90903,2.68838,1.67657,-0.805878,2.68838,0
1,20,56,1.57787,1.29143,-3.43957,-0.474568,1.29143,0
1,8,66,2.2922,1.54256,-4.06104,-0.806488,1.54256,0
2,14,29,3.04458,3.03047,1.67657,-0.805878,3.03047,0
2,13,29,2.94722,3.39561,1.67657,-0.805878,3.39561,1
2,6,15,4.52533,4.76675,2.8676,-0.805878,4.76675,1
1,3,61,3.07247,2.13176,-3.77303,-0.607646,2.13176,0
1,14,21,3.13952,4.41897,2.59473,-0.805878,4.41897,1
2,8,29,2.97049,3.53599,1.67657,-0.805878,3.53599,1
1,3,15,4.97518,4.34153,2.8676,-0.805878,4.34153,0
2,8,11,3.54205,3.8703,2.80572,-0.805878,3.8703,1
2,6,29,3.94202,3.16275,1.67657,-0.805878,3.16275,0
2,20,28,2.78837,3.13532,1.70711,-0.805878,3.13532,1
2,17,28,3.3609,2.86225,1.70711,-0.805878,2.86225,0
2,15,28,2.85924,3.43397,1.70711,-0.805878,3.43397,1
1,20,57,1.32809,1.09557,-3.55909,-0.534181,1.09557,0
1,8,67,2.08689,1.46784,-4.33476,-0.933887,1.46784,0
2,14,28,3.02887,2.82339,1.70711,-0.805878,2.82339,0
2,13,28,2.98472,3.22165,1.70711,-0.805878,3.22165,1
2,12,28,3.1764,3.43174,1.70711,-0.805878,3.43174,1
2,6,12,4.13068,4.7842,2.93608,-0.805878,4.7842,1
1,3,60,2.81049,2.31493,-3.62281,-0.563066,2.31493,0
1,14,22,2.90963,3.79897,2.39276,-0.805878,2.90963,1
2,8,28,3.418,3.95123,1.70711,-0.805878,3.95123,1
1,5,22,4.15852,4.65098,2.39276,-0.805878,4.65098,1
2,20,27,2.01133,3.29616,1.79261,-0.805878,3.29616,1
2,17,27,3.26782,2.83687,1.79261,-0.805878,2.83687,0
2,15,27,2.99479,3.08758,1.79261,-0.805878,3.08758,1
1,8,68,2.20527,1.43923,-4.27007,-1.01066,1.43923,0
4,10,27,-1.19634,1.37005,1.79261,-0.805878,1.79261,2
2,14,27,3.11762,2.35451,1.79261,-0.805878,2.35451,0
2,13,27,2.87084,2.73379,1.79261,-0.805878,2.73379,0
2,12,27,3.68042,3.41988,1.79261,-0.805878,3.41988,0
1,3,63,2.97435,2.09445,-4.03562,-0.692524,2.09445,0
2,6,13,4.25914,4.91183,2.91513,-0.805878,4.91183,1
1,14,23,3.86879,3.66931,2.09672,-0.805878,3.66931,0
2,8,27,3.0737,3.92596,1.79261,-0.805878,3.92596,1
2,9,35,2.86774,2.05706,1.44812,-0.805878,2.05706,0
2,3,27,3.70089,3.76158,1.79261,-0.805878,3.76158,1
2,1,27,4.50105,3.61441,1.79261,-0.805878,3.61441,0
1,5,21,3.9837,4.43591,2.59473,-0.805878,4.43591,1
2,20,26,2.57682,3.12147,2.08517,-0.805878,3.12147,1
2,17,26,3.31111,3.14148,2.08517,-0.805878,3.14148,0
2,15,26,3.25243,3.41677,2.08517,-0.805878,3.41677,1
1,8,69,2.01006,1.37657,-4.38821,-0.937499,1.37657,0
4,10,26,-1.12974,1.41075,2.08517,-0.805878,2.08517,2
2,14,26,3.15319,2.57691,2.08517,-0.805878,2.57691,0
2,13,26,2.90155,3.07752,2.08517,-0.805878,3.07752,1
1,3,62,2.93089,2.13339,-3.86868,-0.735614,2.13339,0
2,6,10,5.26385,5.45853,2.9161,-0.805878,5.45853,1
1,14,24,3.76896,3.9143,2.20454,-0.805878,3.9143,1
2,8,26,3.04659,4.06344,2.08517,-0.805878,4.06344,1
2,1,26,4.46125,4.12224,2.08517,-0.805878,4.12224,0
2,17,25,3.10072,3.12946,2.04479,-0.805878,3.12946,1
2,15,25,3.3498,3.0927,2.04479,-0.805878,3.0927,0
1,8,70,1.86371,1.27238,-4.23657,-1.06699,1.86371,0
4,10,29,-1.34672,-1.65247,1.67657,-0.805878,1.67657,2
2,14,25,3.80777,2.80942,2.04479,-0.805878,2.80942,0
2,13,25,3.37092,3.06569,2.04479,-0.805878,3.06569,0
2,17,24,3.17581,2.80972,2.20454,-0.805878,2.80972,0
1,8,71,1.50175,1.77502,-4.4203,-1.13959,1.77502,1
4,10,28,-1.27956,-1.59418,1.70711,-0.805878,1.70711,2
2,14,24,3.53245,2.89874,2.20454,-0.805878,2.89874,0
2,13,24,3.38256,3.36446,2.20454,-0.805878,3.36446,0
2,20,23,2.83774,2.33858,2.09672,-0.805878,2.33858,0
2,17,23,2.67511,2.83861,2.09672,-0.805878,2.83861,1
1,8,72,1.5301,1.85047,-4.69937,-1.21867,1.85047,1
4,10,23,-0.967684,0.221596,2.09672,-0.805878,2.09672,2
1,11,12,4.0812,3.69389,2.93608,-0.805878,3.69389,0
2,14,23,2.64969,3.47684,2.09672,-0.805878,3.47684,1
2,13,23,3.86176,4.33547,2.09672,-0.805878,4.33547,1
2,12,23,1.95151,4.06165,2.09672,-0.805878,4.06165,1
2,1,23,4.57608,4.34917,2.09672,-0.805878,4.34917,0
2,20,22,3.32412,2.3965,2.39276,-0.805878,2.3965,0
2,17,22,2.90548,2.96574,2.39276,-0.805878,2.96574,1
1,8,73,1.22656,1.82878,-4.58061,-1.30758,1.82878,1
4,10,22,-0.882782,0.22287,2.39276,-0.805878,2.39276,2
1,11,13,4.4561,4.67437,2.91513,-0.805878,4.67437,1
2,14,22,2.51789,3.39935,2.39276,-0.805878,3.39935,1
2,13,22,3.5061,4.52116,2.39276,-0.805878,4.52116,1
2,1,22,4.48356,4.40416,2.39276,-0.805878,4.40416,0
2,20,21,2.52262,2.79531,2.59473,-0.805878,2.79531,1
2,17,21,2.5394,2.98322,2.59473,-0.805878,2.98322,1
1,8,74,1.61563,2.01032,-4.86797,-1.45906,2.01032,1
4,10,25,-1.10732,1.55977,2.04479,-0.805878,2.04479,2
1,11,14,3.79542,3.5794,2.79075,-0.805878,3.5794,0
2,14,21,2.52443,4.3851,2.59473,-0.805878,4.3851,1
2,13,21,3.60607,4.08901,2.59473,-0.805878,4.08901,1
2,1,21,4.26645,4.87677,2.59473,-0.805878,4.87677,1
2,20,20,2.95081,3.12116,2.55099,-0.805878,3.12116,1
2,17,20,2.61937,2.57415,2.55099,-0.805878,2.57415,0
1,8,75,1.5439,1.91259,-4.90201,-1.41384,1.91259,1
4,10,24,-1.02966,1.6633,2.20454,-0.805878,2.20454,2
1,11,15,4.14522,4.71927,2.8676,-0.805878,4.71927,1
2,14,20,3.28294,2.70495,2.55099,-0.805878,2.70495,0
2,12,20,3.3074,2.94474,2.55099,-0.805878,2.94474,0
2,7,20,4.10686,2.79024,2.55099,-0.805878,2.79024,0
2,1,20,4.55372,3.56472,2.55099,-0.805878,3.56472,0
2,17,19,4.97762,3.12594,2.73033,-0.805878,3.12594,0
1,8,76,1.52908,1.86172,-4.75214,-1.45125,1.86172,1
4,10,19,-0.760146,-0.695104,2.73033,-0.805878,2.73033,2
2,14,19,3.07604,3.74836,2.73033,-0.805878,3.74836,1
2,13,19,4.53179,3.06162,2.73033,-0.805878,3.06162,0
2,12,19,4.4132,3.27295,2.73033,-0.805878,3.27295,0
2,1,19,4.44302,4.76588,2.73033,-0.805878,4.76588,1
2,17,18,3.84187,3.55989,2.65786,-0.805878,3.55989,0
1,8,77,1.18339,1.77275,-4.67517,-1.58996,1.77275,1
4,10,18,-0.728975,-0.728975,2.65786,-0.805878,2.65786,2
2,14,18,0.611773,2.7088,2.65786,-0.805878,2.7088,1
2,13,18,3.42658,2.92057,2.65786,-0.805878,2.92057,0
2,17,17,3.4862,3.42625,2.67763,-0.805878,3.42625,0
1,8,78,1.10619,1.50828,-4.65291,-1.66623,1.50828,1
4,10,21,-0.867753,0.254672,2.59473,-0.805878,2.59473,2
2,14,17,3.87773,3.72199,2.67763,-0.805878,3.72199,0
2,13,17,3.79529,4.86808,2.67763,-0.805878,4.86808,1
3,16,55,-0.626254,0.417147,-3.26052,-0.458097,0.417147,1
2,4,17,3.82598,3.43392,2.67763,-0.805878,3.43392,0
1,8,79,1.21775,1.55662,-4.30456,-1.7295,1.55662,1
4,10,20,-0.805878,-0.805878,2.55099,-0.805878,2.55099,2
1,11,11,5.00457,5.23003,2.80572,-0.805878,5.23003,1
2,14,16,3.01025,4.19802,2.59926,-0.805878,4.19802,1
2,13,16,3.31747,3.70711,2.59926,-0.805878,3.70711,1
1,8,80,1.42424,1.64525,-4.82344,-1.66435,1.64525,1
4,10,47,-2.78547,3.81725,-1.66582,-0.377744,-1.66582,1
2,14,15,3.51002,3.43804,2.8676,-0.805878,3.43804,0
2,13,15,4.18166,3.5315,2.8676,-0.805878,3.5315,0
3,16,41,1.87776,0.308351,0.201755,-0.28101,0.308351,0
2,4,15,4.83986,4.40791,2.8676,-0.805878,4.40791,0
2,2,15,4.77435,3.438,2.8676,-0.805878,3.438,0
1,8,81,1.23742,1.47575,-4.70389,-1.77463,1.47575,1
4,10,46,-2.7155,3.99425,-1.27338,-0.395639,-1.27338,1
2,14,14,3.84156,3.97869,2.79075,-0.805878,3.97869,1
2,13,14,3.72346,2.92379,2.79075,-0.805878,2.92379,0
2,2,14,4.90993,5.94245,2.79075,-0.805878,5.94245,1
2,13,13,3.41643,3.43627,2.91513,-0.805878,3.43627,1
3,16,43,1.08822,0.0844401,-0.351569,-0.382527,0.0844401,0
2,4,13,4.03745,4.6835,2.91513,-0.805878,4.6835,1
2,2,13,5.16498,5.44232,2.91513,-0.805878,5.44232,1
2,3,12,5.1188,5.42356,2.93608,-0.805878,5.42356,1
2,5,11,3.58933,4.53086,2.80572,-0.805878,4.53086,1
2,2,11,5.13784,4.29056,2.80572,-0.805878,4.29056,0
2,1,11,4.51509,4.13093,2.80572,-0.805878,4.13093,0
2,1,9,4.24378,1.95292,2.89122,-0.805878,1.95292,0
2,1,8,5.82953,5.77421,2.93668,-0.805878,5.77421,0
2,1,7,5.0149,4.18255,2.92731,-0.805878,4.18255,0
3,16,35,1.59931,2.01665,1.44812,-0.805878,2.01665,1
2,4,5,4.83675,4.59507,2.97834,-0.805878,4.59507,0
2,2,3,4.8229,4.02219,3,-0.805878,4.02219,0
2,1,3,4.9254,4.46047,3,-0.805878,4.46047,0
3,3,42,1.91541,1.52703,-0.0637023,-0.353411,1.52703,0
3,17,55,-0.198296,-0.182998,-3.26052,-0.458097,-0.182998,1
3,19,99,-3.3302,-3.09887,-3.41916,-3.35117,-3.09887,1
3,16,99,-3.00802,-2.74971,-3.41916,-3.35117,-2.74971,1
3,15,99,-2.65144,-3.42688,-3.41916,-3.35117,-3.42688,0
3,13,99,-2.77027,-1.4267,-3.41916,-3.35117,-1.4267,1
3,10,99,-2.4073,-1.39488,-3.41916,-3.35117,-1.39488,1
3,9,99,-2.98865,-0.227634,-3.41916,-3.35117,-0.227634,1
3,8,99,-2.74651,-1.12461,-3.41916,-3.35117,-1.12461,1
2,19,35,2.51303,2.05506,1.44812,-0.805878,2.05506,0
3,14,84,-2.71365,-1.65128,-5.35927,-2.00544,-1.65128,1
3,6,99,-1.80794,-1.14449,-3.41916,-3.35117,-1.14449,1
3,5,99,-2.43466,-1.17851,-3.41916,-3.35117,-1.17851,1
2,9,79,0.48242,-1.23419,-4.30456,-1.7295,-1.23419,0
1,4,31,3.7364,3.43891,1.72456,-0.805878,3.43891,0
3,4,99,-1.71778,-1.73115,-3.41916,-3.35117,-1.73115,0
3,2,99,-1.74397,-2.24302,-3.41916,-3.35117,-2.24302,0
3,1,99,-1.40741,-1.82788,-3.41916,-3.35117,-1.82788,0
1,10,98,-0.303284,-0.609834,-3.41916,-3.12829,-0.609834,0
1,14,68,0.898643,1.20886,-4.27007,-1.01066,1.20886,1
2,8,78,0.967355,-1.15477,-4.65291,-1.66623,-1.15477,0
2,6,94,-0.635543,-0.220323,-3.41916,-2.55553,-0.220323,1
2,4,92,-0.624751,0.222822,-6.43894,-2.39982,0.222822,1
4,20,38,-1.89425,-1.89425,0.671689,-0.230343,0.671689,2
2,5,93,-1.39867,0.0727921,-3.41916,-2.51688,0.0727921,1
2,7,95,-0.58455,-1.06209,-3.41916,-2.85377,-1.06209,0
4,2,6,0.504623,-0.0435823,2.97518,-0.805878,-0.678829,2
4,11,15,-0.479294,-0.479294,2.8676,-0.805878,2.8676,2
1,16,27,3.60991,3.48799,1.79261,-0.805878,3.48799,0
2,4,97,-0.647695,-0.0769759,-3.41916,-2.81209,-0.0769759,1
1,4,61,2.8018,2.67831,-3.77303,-0.607646,2.67831,0
2,9,97,-1.04727,-0.53279,-3.41916,-2.81209,-0.53279,1
2,15,41,1.89059,2.61734,0.201755,-0.28101,2.61734,1
2,10,98,-1.22348,-0.107975,-3.41916,-3.12829,-0.107975,1
3,11,99,-2.83583,-1.93723,-3.41916,-3.35117,-1.93723,1
3,3,43,1.26484,2.03863,-0.351569,-0.382527,2.03863,1
3,17,52,-0.602275,-0.536969,-3.16282,-0.404636,-0.536969,3
3,19,98,-2.54007,-2.98034,-3.41916,-3.12829,-2.98034,0
3,16,98,-2.33824,-2.83458,-3.41916,-3.12829,-2.83458,0
3,15,98,-2.32059,-4.00271,-3.41916,-3.12829,-4.00271,0
2,16,98,-2.04913,-2.23747,-3.41916,-3.12829,-2.04913,0
3,13,98,-2.62459,-1.33386,-3.41916,-3.12829,-2.62459,1
3,10,98,-2.26942,-1.29671,-3.41916,-3.12829,-1.29671,1
3,9,98,-2.82877,-0.148123,-3.41916,-3.12829,-0.148123,1
3,8,98,-2.67823,-0.96068,-3.41916,-3.12829,-0.96068,1
2,19,34,2.0072,2.38281,1.42834,-0.805878,2.38281,1
3,14,85,-1.37782,-1.18531,-5.14185,-2.10808,-1.18531,1
3,6,98,-1.70593,-1.04046,-3.41916,-3.12829,-1.04046,1
3,5,98,-2.27351,-1.10743,-3.41916,-3.12829,-1.10743,1
2,9,78,0.557145,-0.328054,-4.65291,-1.66623,-0.328054,0
1,4,30,3.64209,3.37485,1.53923,-0.805878,3.37485,0
3,4,98,-1.63003,-1.65307,-3.41916,-3.12829,-1.65307,0
3,19,43,-0.29944,0.382943,-0.351569,-0.382527,0.382943,1
4,19,83,-4.75214,-4.75214,-5.22327,-1.89942,-1.89942,3
3,3,98,-1.26008,-1.94455,-3.41916,-3.12829,-1.94455,0
1,11,48,2.85213,2.40432,-2.02538,-0.386848,2.40432,0
1,8,20,4.36841,4.12409,2.55099,-0.805878,4.12409,0
3,2,98,-1.5482,-1.9562,-3.41916,-3.12829,-1.9562,0
3,1,98,-1.21803,-1.60413,-3.41916,-3.12829,-1.60413,0
1,1,97,-0.612365,-0.30578,-3.41916,-2.81209,-0.30578,1
1,10,97,-0.0569331,-0.289736,-3.41916,-2.81209,-0.289736,0
1,14,71,1.50259,1.76929,-4.4203,-1.13959,1.76929,1
2,8,75,1.06391,-0.359217,-4.90201,-1.41384,-0.359217,0
2,6,93,-0.304851,0.0335133,-3.41916,-2.51688,0.0335133,1
4,20,39,-1.93459,-1.62093,0.982003,-0.317489,-0.317489,2
2,5,92,-0.738945,0.240077,-6.43894,-2.39982,0.240077,1
2,7,94,-0.292435,-0.596591,-3.41916,-2.55553,-0.596591,0
1,4,60,2.57242,2.65787,-3.62281,-0.563066,2.65787,1
2,9,96,-0.749004,-0.185783,-3.41916,-2.99602,-0.185783,1
2,15,42,1.72505,2.5955,-0.0637023,-0.353411,2.5955,1
2,10,97,-0.978492,0.116759,-3.41916,-2.81209,0.116759,1
3,11,98,-2.53491,-1.74709,-3.41916,-3.12829,-1.74709,1
2,2,98,-0.637439,-0.565125,-3.41916,-3.12829,-0.565125,1
3,3,44,1.01468,1.18646,-0.646582,-0.45329,1.18646,1
3,17,41,0.0782069,1.0504,0.201755,-0.28101,1.0504,1
3,19,97,-2.43082,-3.14276,-3.41916,-2.81209,-3.14276,0
2,1,93,0.0308934,-0.162953,-3.41916,-2.51688,-0.162953,0
3,16,97,-2.2872,-2.61811,-3.41916,-2.81209,-2.61811,0
3,15,97,-2.41431,-3.15628,-3.41916,-2.81209,-3.15628,0
2,16,99,-2.30811,-2.23774,-3.41916,-3.35117,-2.23774,1
3,13,97,-2.59486,-1.13414,-3.41916,-2.81209,-1.13414,1
3,10,97,-2.16275,-1.11368,-3.41916,-2.81209,-1.11368,1
3,9,97,-2.88383,-0.272418,-3.41916,-2.81209,-0.272418,1
3,8,97,-2.55972,-0.91622,-3.41916,-2.81209,-0.91622,1
2,19,33,1.91066,2.02135,1.60775,-0.805878,2.02135,1
3,14,86,-1.78989,-1.15489,-5.61978,-2.01828,-1.15489,1
3,6,97,-1.66943,-1.05928,-3.41916,-2.81209,-1.05928,1
3,5,97,-2.19624,-0.945325,-3.41916,-2.81209,-0.945325,1
2,9,65,1.37631,0.959127,-4.11009,-0.783219,0.959127,0
1,4,29,3.7526,3.35917,1.67657,-0.805878,3.35917,0
3,4,97,-1.57618,-1.56557,-3.41916,-2.81209,-1.56557,1
1,11,63,1.43435,1.71484,-4.03562,-0.692524,1.43435,1
1,8,27,4.25598,3.94853,1.79261,-0.805878,3.94853,0
3,2,97,-1.36334,-1.74028,-3.41916,-2.81209,-1.74028,0
1,1,96,-0.213274,-0.311248,-3.41916,-2.99602,-0.311248,0
1,10,96,0.0599998,-0.19692,-3.41916,-2.99602,-0.19692,0
1,14,70,0.782236,1.07912,-4.23657,-1.06699,1.07912,1
2,8,76,1.13409,-0.353435,-4.75214,-1.45125,-0.353435,0
2,6,92,-0.249703,0.181333,-6.43894,-2.39982,0.181333,1
4,20,40,-2.00091,-1.68085,0.424054,-0.32524,-0.32524,2
2,5,91,-0.593712,0.417783,-6.29331,-2.45927,0.417783,1
2,7,93,-0.192171,-0.513848,-3.41916,-2.51688,-0.513848,0
2,15,43,1.58307,2.61111,-0.351569,-0.382527,2.61111,1
2,10,96,-0.870595,0.187009,-3.41916,-2.99602,0.187009,1
3,11,97,-2.3492,-1.52953,-3.41916,-2.81209,-1.52953,1
2,2,99,-0.838694,-0.775681,-3.41916,-3.35117,-0.775681,1
3,3,45,1.885,0.334821,-0.989663,-0.351506,0.334821,0
3,17,54,-0.345197,-0.319362,-3.28628,-0.56961,-0.319362,1
3,19,96,-2.31047,-2.92146,-3.41916,-2.99602,-2.92146,0
2,1,92,-0.0838644,-0.0567471,-6.43894,-2.39982,-0.0567471,1
3,16,96,-2.76369,-2.7368,-3.41916,-2.99602,-2.7368,1
4,7,13,-0.496319,-0.496319,2.91513,-0.805878,2.91513,2
3,15,96,-2.33094,-3.17913,-3.41916,-2.99602,-3.17913,0
2,16,96,-2.01465,-2.06959,-3.41916,-2.99602,-2.06959,0
3,13,96,-2.49433,-1.35514,-3.41916,-2.99602,-1.35514,1
3,10,96,-1.99148,-1.14383,-3.41916,-2.99602,-1.14383,1
3,9,96,-2.61885,0.0246533,-3.41916,-2.99602,0.0246533,1
3,8,96,-2.35372,-1.42392,-3.41916,-2.99602,-1.42392,1
2,19,32,2.45682,3.10767,1.7249,-0.805878,3.10767,1
3,14,87,-3.06108,-1.67983,-5.60239,-2.09737,-1.67983,1
3,6,96,-1.60954,-0.910927,-3.41916,-2.99602,-0.910927,1
3,5,96,-2.1009,-1.06013,-3.41916,-2.99602,-1.06013,1
2,9,64,1.32255,1.22713,-3.84075,-0.813937,1.22713,0
1,4,28,3.94551,3.73227,1.70711,-0.805878,3.73227,0
3,4,96,-1.54214,-1.51598,-3.41916,-2.99602,-1.51598,1
1,11,62,1.9124,2.27485,-3.86868,-0.735614,1.9124,1
1,8,26,4.3971,4.27321,2.08517,-0.805878,4.27321,0
3,2,96,-1.44406,-1.73082,-3.41916,-2.99602,-1.73082,0
1,14,73,1.33723,1.46033,-4.58061,-1.30758,1.46033,1
2,8,73,1.05982,-0.256649,-4.58061,-1.30758,-0.256649,0
2,6,91,-0.124099,0.286817,-6.29331,-2.45927,0.286817,1
2,2,87,0.429776,0.228127,-5.60239,-2.09737,0.228127,0
2,4,89,-0.0042997,0.635516,-5.75042,-2.39784,0.635516,1
4,20,41,-2.08792,-1.76154,0.201755,-0.28101,-0.28101,2
2,5,90,-0.431717,0.593871,-6.05291,-2.36134,0.593871,1
2,7,92,-0.0601853,-0.317394,-6.43894,-2.39982,-0.317394,0
4,4,36,-0.739825,1.15775,1.45696,0.264588,1.45696,2
2,14,99,-1.14543,-1.57897,-3.41916,-3.35117,-1.14543,0
3,11,96,-2.19771,-1.49022,-3.41916,-2.99602,-1.49022,1
2,9,32,3.14599,2.36449,1.7249,-0.805878,2.36449,0
2,3,26,4.21055,3.58362,2.08517,-0.805878,3.58362,0
4,6,17,-0.64769,4.23858,2.67763,-0.805878,2.67763,1
3,12,97,-2.22105,-2.3079,-3.41916,-2.81209,-2.3079,0
3,3,22,3.78418,4.00681,2.39276,-0.805878,4.00681,1
3,17,51,-0.118924,0.241056,-3.03783,-0.448822,0.241056,1
3,19,95,-2.21382,-2.81198,-3.41916,-2.85377,-2.81198,0
3,18,95,-2.25124,-2.89965,-3.41916,-2.85377,-2.25124,0
2,11,17,4.1351,4.73718,2.67763,-0.805878,4.73718,1
3,3,50,1.86324,0.312518,-2.70986,-0.510597,0.312518,0
4,19,99,-6.43894,-6.43894,-3.41916,-3.35117,-3.35117,3
3,17,95,-2.8588,-1.99026,-3.41916,-2.85377,-1.99026,1
3,16,95,-2.62748,-2.46794,-3.41916,-2.85377,-2.46794,1
4,7,60,-0.354802,-0.040455,-3.62281,-0.563066,-0.563066,1
3,15,95,-2.16279,-3.09442,-3.41916,-2.85377,-3.09442,0
2,16,97,-1.93158,-1.9873,-3.41916,-2.81209,-1.9873,0
3,13,95,-2.4863,-1.05694,-3.41916,-2.85377,-1.05694,1
3,6,95,-1.51033,-0.851082,-3.41916,-2.85377,-0.851082,1
1,9,92,0.663061,0.214482,-6.43894,-2.39982,0.214482,0
1,18,76,0.468285,0.646682,-4.75214,-1.45125,0.646682,1
2,18,52,0.398932,1.34023,-3.16282,-0.404636,1.34023,1
3,5,95,-2.08444,-0.942724,-3.41916,-2.85377,-0.942724,1
2,9,19,4.01403,4.10084,2.73033,-0.805878,4.10084,1
1,4,43,3.11832,3.04329,-0.351569,-0.382527,3.04329,0
3,4,95,-1.48273,-1.45471,-3.41916,-2.85377,-1.45471,1
1,14,72,1.3802,1.70888,-4.69937,-1.21867,1.70888,1
2,8,74,1.17289,-1.22139,-4.86797,-1.45906,1.17289,0
2,6,90,-0.0407399,0.486213,-6.05291,-2.36134,0.486213,1
2,2,86,1.01166,0.491613,-5.61978,-2.01828,0.491613,0
2,4,88,0.329606,0.809721,-5.55605,-2.24038,0.809721,1
4,20,42,-2.16262,-1.83866,-0.0637023,-0.353411,-0.0637023,2
2,5,89,0.412259,0.715197,-5.75042,-2.39784,0.715197,1
2,7,91,0.209319,-0.0082898,-6.29331,-2.45927,-0.0082898,0
3,9,13,3.17699,4.17904,2.91513,-0.805878,4.17904,1
4,4,37,-0.795747,1.04773,0.962271,-0.077702,0.962271,1
2,14,98,-1.09211,-1.4404,-3.41916,-3.12829,-1.4404,0
2,9,33,3.41982,2.54712,1.60775,-0.805878,2.54712,0
2,3,5,5.13625,4.98624,2.97834,-0.805878,4.98624,0
4,6,16,-0.543395,-0.543395,2.59926,-0.805878,2.59926,2
3,12,96,-2.10127,-2.30224,-3.41916,-2.99602,-2.30224,0
3,3,23,4.02024,4.02527,2.09672,-0.805878,4.02024,1
3,17,48,-0.363286,-0.515648,-2.02538,-0.386848,-0.515648,0
3,19,94,-2.15363,-2.73843,-3.41916,-2.55553,-2.15363,0
3,16,94,-2.45754,-3.05788,-3.41916,-2.55553,-2.45754,0
4,7,63,-0.327812,-0.187882,-4.03562,-0.692524,-0.692524,1
3,15,94,-1.96218,-2.98518,-3.41916,-2.55553,-2.98518,0
3,13,94,-2.38626,-0.935043,-3.41916,-2.55553,-0.935043,1
1,19,33,2.70341,2.95764,1.60775,-0.805878,2.95764,1
3,10,94,-1.84675,-0.797059,-3.41916,-2.55553,-0.797059,1
3,6,94,-1.78572,-0.723295,-3.41916,-2.55553,-0.723295,1
1,9,93,0.683781,0.151631,-3.41916,-2.51688,0.151631,0
1,18,79,0.248769,0.155238,-4.30456,-1.7295,0.155238,0
2,18,53,0.50097,1.35333,-3.24637,-0.595251,1.35333,1
3,5,94,-2.01576,-0.772691,-3.41916,-2.55553,-0.772691,1
2,9,18,3.97825,3.88297,2.65786,-0.805878,3.88297,0
1,4,42,3.0033,3.19971,-0.0637023,-0.353411,3.19971,1
3,4,94,-1.44559,-1.32236,-3.41916,-2.55553,-1.32236,1
1,14,75,0.912426,1.47995,-4.90201,-1.41384,1.47995,1
2,8,55,1.82663,1.74198,-3.26052,-0.458097,1.74198,0
2,6,89,0.0186506,0.368104,-5.75042,-2.39784,0.368104,1
2,2,85,0.849107,1.04441,-5.14185,-2.10808,1.04441,1
4,20,43,-2.24665,-1.89626,-0.351569,-0.382527,-0.382527,2
2,5,88,0.501888,0.763211,-5.55605,-2.24038,0.763211,1
2,7,90,-0.0357103,0.171359,-6.05291,-2.36134,0.171359,1
3,9,12,4.20975,3.55178,2.93608,-0.805878,3.55178,0
4,4,26,0.22856,0.887525,2.08517,-0.805878,2.08517,2
2,14,97,-1.15501,-1.4491,-3.41916,-2.81209,-1.15501,0
1,16,66,1.70676,0.803064,-4.06104,-0.806488,0.803064,0
1,5,42,3.46074,3.50384,-0.0637023,-0.353411,3.50384,1
1,6,40,3.47975,3.71096,0.424054,-0.32524,3.71096,1
4,12,38,-1.89425,0.177843,0.671689,-0.230343,0.671689,2
2,3,88,0.194836,-0.0717025,-5.55605,-2.24038,-0.0717025,0
4,6,83,-4.75214,-4.6898,-5.22327,-1.89942,-1.89942,3
4,14,76,-4.38821,-2.28082,-4.75214,-1.45125,-1.45125,3
3,12,95,-1.8234,-2.44331,-3.41916,-2.85377,-2.44331,0
3,3,40,1.36817,1.60934,0.424054,-0.32524,1.60934,1
3,17,53,-0.130519,0.154316,-3.24637,-0.595251,0.154316,1
3,19,93,-2.1462,-2.66913,-3.41916,-2.51688,-2.66913,0
4,7,62,-0.302167,-0.0527641,-3.86868,-0.735614,-3.86868,1
3,15,93,-2.54053,-2.90018,-3.41916,-2.51688,-2.90018,3
3,13,93,-2.29666,-1.14132,-3.41916,-2.51688,-1.14132,1
3,6,93,-1.24956,-0.52809,-3.41916,-2.51688,-0.52809,1
3,5,93,-2.88427,-0.803573,-3.41916,-2.51688,-0.803573,1
2,9,21,3.76512,3.52635,2.59473,-0.805878,3.52635,0
1,4,41,3.08184,3.30791,0.201755,-0.28101,3.30791,1
3,4,93,-1.32748,-1.28717,-3.41916,-2.51688,-1.28717,1
1,14,74,1.13027,1.60582,-4.86797,-1.45906,1.60582,1
2,8,72,1.14049,-0.0881916,-4.69937,-1.21867,-0.0881916,0
2,6,88,0.0612111,0.589889,-5.55605,-2.24038,0.589889,1
4,20,44,-2.26409,-1.95099,-0.646582,-0.45329,-0.45329,3
2,5,87,0.462163,0.746145,-5.60239,-2.09737,0.746145,1
2,7,89,0.123516,0.10809,-5.75042,-2.39784,0.10809,0
3,9,15,3.21421,4.75728,2.8676,-0.805878,4.75728,1
4,4,27,0.2874,0.830888,1.79261,-0.805878,1.79261,2
2,14,96,-0.946603,-1.35504,-3.41916,-2.99602,-1.35504,0
1,16,77,0.356704,0.938261,-4.67517,-1.58996,0.938261,1
1,5,41,3.5525,3.7283,0.201755,-0.28101,3.7283,1
1,6,41,3.43302,3.69179,0.201755,-0.28101,3.69179,1
4,12,41,-2.08792,2.85948,0.201755,-0.28101,0.201755,1
2,3,91,-0.348059,-0.474357,-6.29331,-2.45927,-0.474357,0
4,6,82,-4.90201,-4.54629,-5.04662,-1.89873,-1.89873,3
4,14,77,-4.23657,-2.12451,-4.67517,-1.58996,-1.58996,3
3,12,94,-2.03038,-2.04967,-3.41916,-2.55553,-2.04967,0
3,3,41,1.45345,1.51451,0.201755,-0.28101,1.51451,1
3,17,50,-1.28079,-0.862374,-2.70986,-0.510597,-0.862374,3
3,19,92,-2.09059,-2.56865,-6.43894,-2.39982,-2.56865,0
3,18,92,-2.112,-2.4042,-6.43894,-2.39982,-2.4042,0
4,7,57,-0.159608,0.0884052,-3.55909,-0.534181,-0.0153592,1
3,15,92,-2.41667,-2.81639,-6.43894,-2.39982,-2.81639,3
3,13,92,-2.17367,-0.785885,-6.43894,-2.39982,-0.785885,1
3,6,92,-1.10313,-0.411116,-6.43894,-2.39982,-0.411116,1
3,5,92,-1.93362,-0.464856,-6.43894,-2.39982,-0.464856,1
2,9,20,4.50413,4.67765,2.55099,-0.805878,4.67765,1
1,4,40,3.2816,3.52121,0.424054,-0.32524,3.52121,1
3,4,92,-1.34699,-1.52745,-6.43894,-2.39982,-1.52745,0
3,7,96,-2.34412,-2.83939,-3.41916,-2.99602,-2.83939,0
3,1,92,-0.796354,-1.16579,-6.43894,-2.39982,-1.16579,0
1,14,77,0.436357,1.10783,-4.67517,-1.58996,1.10783,1
2,8,53,1.85472,1.98142,-3.24637,-0.595251,1.98142,1
2,6,87,0.167808,0.663877,-5.60239,-2.09737,0.663877,1
2,2,83,1.02699,1.1076,-5.22327,-1.89942,1.1076,1
4,20,45,-2.28561,-2.28561,-0.989663,-0.351506,-0.351506,3
2,5,86,0.697798,0.855721,-5.61978,-2.01828,0.855721,1
2,7,88,0.283042,0.296772,-5.55605,-2.24038,0.296772,1
1,5,84,1.30862,1.12483,-5.35927,-2.00544,1.30862,0
1,16,64,1.97087,1.07662,-3.84075,-0.813937,1.07662,0
1,6,42,3.3325,3.68968,-0.0637023,-0.353411,3.68968,1
4,12,36,-1.77946,0.469203,1.45696,0.264588,1.45696,2
2,3,94,-0.439041,-0.716175,-3.41916,-2.55553,-0.716175,0
4,14,78,-4.4203,-2.20123,-4.65291,-1.66623,-1.66623,3
3,12,93,-1.62534,-2.05695,-3.41916,-2.51688,-2.05695,0
3,3,18,2.65575,4.26381,2.65786,-0.805878,4.26381,1
3,17,63,-0.872588,0.073288,-4.03562,-0.692524,0.073288,1
3,19,91,-2.03878,-2.49513,-6.29331,-2.45927,-2.49513,0
4,7,56,-0.160841,0.112607,-3.43957,-0.474568,-0.474568,1
3,15,91,-2.0473,-2.78442,-6.29331,-2.45927,-2.78442,0
4,18,97,-6.05291,-6.05291,-3.41916,-2.81209,-2.81209,3
3,13,91,-2.81169,-0.758794,-6.29331,-2.45927,-0.758794,1
3,6,91,-1.0132,-0.352863,-6.29331,-2.45927,-0.352863,1
1,9,88,0.867915,0.503263,-5.55605,-2.24038,0.503263,0
1,18,72,0.447928,0.79553,-4.69937,-1.21867,0.79553,1
2,18,56,0.168661,1.11441,-3.43957,-0.474568,1.11441,1
3,5,91,-1.77503,-0.470987,-6.29331,-2.45927,-0.470987,1
2,9,23,3.4557,2.71302,2.09672,-0.805878,2.71302,0
1,4,39,3.55119,3.36901,0.982003,-0.317489,3.36901,0
3,4,91,-1.266,-1.09458,-6.29331,-2.45927,-1.09458,1
3,2,91,-1.10933,-1.42007,-6.29331,-2.45927,-1.42007,0
3,1,91,-0.776638,-1.13835,-6.29331,-2.45927,-1.13835,0
1,14,76,0.726781,1.35219,-4.75214,-1.45125,1.35219,1
2,8,54,1.5635,1.80247,-3.28628,-0.56961,1.80247,1
2,6,86,-0.633527,0.642452,-5.61978,-2.01828,-0.633527,1
2,2,82,1.06988,1.19163,-5.04662,-1.89873,1.19163,1
4,20,46,-2.41163,-2.41163,-1.27338,-0.395639,-0.395639,3
2,5,85,0.0719234,0.908925,-5.14185,-2.10808,0.908925,1
2,7,87,0.19282,0.342545,-5.60239,-2.09737,0.342545,1
3,6,7,3.94392,3.00099,2.92731,-0.805878,3.00099,0
2,19,31,2.77829,3.08022,1.72456,-0.805878,3.08022,1
3,11,91,-1.64925,-1.08644,-6.29331,-2.45927,-1.08644,1
1,16,67,1.73076,0.967897,-4.33476,-0.933887,0.967897,0
1,5,43,3.34671,3.24301,-0.351569,-0.382527,3.24301,0
1,6,43,2.92649,3.48747,-0.351569,-0.382527,3.48747,1
4,12,39,-1.93459,3.25105,0.982003,-0.317489,-0.317489,1
2,3,89,-0.0136486,-0.190827,-5.75042,-2.39784,-0.190827,0
4,14,79,-4.69937,-2.43301,-4.30456,-1.7295,-1.7295,3
3,12,92,-1.40103,-1.97605,-6.43894,-2.39982,-1.97605,0
3,3,19,3.44465,3.51183,2.73033,-0.805878,3.51183,1
3,17,60,-0.697693,0.122716,-3.62281,-0.563066,0.122716,1
3,19,90,-1.91974,-2.46758,-6.05291,-2.36134,-2.46758,0
1,19,45,1.68192,2.3961,-0.989663,-0.351506,2.3961,1
3,10,90,-1.68866,-0.680909,-6.05291,-2.36134,-0.680909,1
3,6,90,-1.00016,-0.278844,-6.05291,-2.36134,-0.278844,1
1,9,89,0.820491,0.486986,-5.75042,-2.39784,0.486986,0
1,18,75,0.731186,0.782957,-4.90201,-1.41384,0.782957,1
2,18,57,0.023238,0.841562,-3.55909,-0.534181,0.841562,1
3,5,90,-1.65853,-0.289731,-6.05291,-2.36134,-0.289731,1
2,9,22,3.05167,3.23303,2.39276,-0.805878,3.23303,1
1,4,38,3.71074,3.96235,0.671689,-0.230343,3.96235,1
3,4,90,-1.10037,-0.988548,-6.05291,-2.36134,-0.988548,1
3,1,90,-0.642366,-1.18169,-6.05291,-2.36134,-1.18169,0
1,14,79,0.475499,1.09991,-4.30456,-1.7295,0.475499,1
2,8,51,1.29567,1.26068,-3.03783,-0.448822,1.26068,0
2,6,85,-0.335501,-0.473177,-5.14185,-2.10808,-0.473177,0
1,6,97,-0.0652154,0.270966,-3.41916,-2.81209,0.270966,1
1,5,97,-0.410795,0.161975,-3.41916,-2.81209,0.161975,1
4,2,52,0.519044,0.378288,-3.16282,-0.404636,-0.247939,0
1,16,53,1.72544,1.665,-3.24637,-0.595251,1.665,0
1,14,84,-0.074523,0.810825,-5.35927,-2.00544,0.810825,1
2,6,78,0.382936,0.179981,-4.65291,-1.66623,0.179981,0
2,8,94,0.307153,0.0154994,-3.41916,-2.55553,0.0154994,0
2,4,83,1.03188,0.943089,-5.22327,-1.89942,0.943089,0
4,20,47,-2.47724,-2.47724,-1.66582,-0.377744,-0.377744,3
2,5,84,0.0911363,1.30023,-5.35927,-2.00544,1.30023,1
2,7,86,0.216377,0.385936,-5.61978,-2.01828,0.385936,1
2,4,90,-0.181453,0.546329,-6.05291,-2.36134,0.546329,1
2,8,87,0.748537,0.710915,-5.60239,-2.09737,0.710915,0
2,19,28,3.18399,3.51617,1.70711,-0.805878,3.51617,1
3,11,90,-2.08253,-1.19366,-6.05291,-2.36134,-1.19366,1
1,5,86,1.31097,1.15836,-5.61978,-2.01828,1.31097,0
1,16,70,1.53436,0.801385,-4.23657,-1.06699,0.801385,0
1,6,52,2.71184,3.30884,-3.16282,-0.404636,3.30884,1
4,12,34,-1.65275,0.275894,1.42834,-0.805878,-0.805878,2
2,3,92,-0.428358,-0.612248,-6.43894,-2.39982,-0.612248,0
4,14,72,-4.11009,-1.87558,-4.69937,-1.21867,-1.21867,3
3,12,91,-1.30082,-1.90426,-6.29331,-2.45927,-1.90426,0
3,3,20,3.80016,4.31959,2.55099,-0.805878,4.31959,1
3,17,49,-0.987679,-0.639141,-2.3856,-0.416188,-0.639141,3
3,19,89,-1.84397,-2.78217,-5.75042,-2.39784,-2.78217,0
1,19,46,1.58847,2.37732,-1.27338,-0.395639,2.37732,1
3,10,89,-1.5688,-0.654879,-5.75042,-2.39784,-0.654879,1
3,6,89,-0.455314,-0.63164,-5.75042,-2.39784,-0.63164,0
1,9,94,0.389107,-0.0509439,-3.41916,-2.55553,-0.0509439,0
1,18,74,0.327728,0.627156,-4.86797,-1.45906,0.627156,1
2,18,58,0.0950034,0.95841,-3.5329,-0.497556,0.95841,1
3,5,89,-1.58519,-0.319039,-5.75042,-2.39784,-0.319039,1
1,4,37,3.80289,3.84476,0.962271,-0.077702,3.84476,1
3,4,89,-0.932917,-0.864818,-5.75042,-2.39784,-0.864818,1
1,14,78,0.79523,1.25191,-4.65291,-1.66623,1.25191,1
2,8,52,1.5246,1.99094,-3.16282,-0.404636,1.99094,1
2,6,84,-0.28325,-0.449171,-5.35927,-2.00544,-0.449171,0
1,14,83,0.215599,1.07847,-5.22327,-1.89942,1.07847,1
2,8,95,0.152112,-0.0937301,-3.41916,-2.85377,-0.0937301,0
2,4,82,0.749782,0.773219,-5.04662,-1.89873,0.773219,1
4,20,48,-2.52467,-2.52467,-2.02538,-0.386848,-0.386848,3
2,5,83,0.0200471,1.25639,-5.22327,-1.89942,1.25639,1
2,7,85,0.226727,0.400819,-5.14185,-2.10808,0.400819,1
2,4,91,-0.338994,0.429613,-6.29331,-2.45927,0.429613,1
2,8,86,0.753125,0.496306,-5.61978,-2.01828,0.496306,0
3,11,89,-1.84287,-1.397,-5.75042,-2.39784,-1.397,1
1,5,85,1.22018,0.934428,-5.14185,-2.10808,0.934428,0
1,16,65,1.82333,0.900652,-4.11009,-0.783219,1.82333,0
1,6,53,2.86281,3.12099,-3.24637,-0.595251,3.12099,1
4,12,37,-1.84662,0.318387,0.962271,-0.077702,-0.077702,2
2,3,95,-0.464678,-0.815746,-3.41916,-2.85377,-0.815746,0
4,14,73,-4.06104,-1.89151,-4.58061,-1.30758,-1.30758,3
3,12,90,-2.3034,-2.46666,-6.05291,-2.36134,-2.46666,0
3,3,21,3.70789,3.85906,2.59473,-0.805878,3.85906,1
3,17,62,-1.20592,0.136261,-3.86868,-0.735614,0.136261,1
3,19,88,-1.82305,-2.32582,-5.55605,-2.24038,-2.32582,0
3,6,88,-0.935771,-0.246667,-5.55605,-2.24038,-0.246667,1
1,9,95,0.272013,-0.19802,-3.41916,-2.85377,-0.19802,0
1,18,77,0.528697,0.493174,-4.67517,-1.58996,0.493174,0
2,18,59,-0.0543283,0.880773,-3.59803,-0.651593,0.880773,1
3,5,88,-1.02866,-0.202155,-5.55605,-2.24038,-0.202155,1
1,4,36,4.00617,3.94259,1.45696,0.264588,3.94259,0
3,4,88,-0.772048,-0.810965,-5.55605,-2.24038,-0.810965,0
2,8,49,0.694173,1.89294,-2.3856,-0.416188,1.89294,1
1,14,49,2.49072,1.75114,-2.3856,-0.416188,1.75114,0
2,6,83,-0.18293,-0.409499,-5.22327,-1.89942,-0.409499,0
2,2,79,0.854904,1.11889,-4.30456,-1.7295,1.11889,1
4,20,49,-2.61941,-2.61941,-2.3856,-0.416188,-0.416188,3
2,5,82,0.109842,1.2306,-5.04662,-1.89873,1.2306,1
2,7,84,0.3844,0.414546,-5.35927,-2.00544,0.414546,1
2,4,84,0.972258,0.864687,-5.35927,-2.00544,0.864687,0
2,8,85,0.551837,-0.861906,-5.14185,-2.10808,-0.861906,0
4,18,96,-5.75042,-5.75042,-3.41916,-2.99602,-2.99602,3
3,13,90,-2.14413,-0.686819,-6.05291,-2.36134,-0.686819,1
3,16,93,-2.07713,-2.63042,-3.41916,-2.51688,-2.63042,0
3,6,6,3.71964,4.57094,2.97518,-0.805878,4.57094,1
2,19,30,2.84302,3.51191,1.53923,-0.805878,3.51191,1
3,11,88,-2.06016,-1.10776,-5.55605,-2.24038,-1.10776,1
1,5,80,1.58288,1.30215,-4.82344,-1.66435,1.58288,0
1,16,68,0.812925,0.385391,-4.27007,-1.01066,0.385391,0
1,6,54,2.78499,2.94052,-3.28628,-0.56961,2.94052,1
3,6,49,-0.781458,1.53038,-2.3856,-0.416188,1.53038,1
3,14,38,1.04086,1.5391,0.671689,-0.230343,1.5391,1
2,19,81,-1.41634,-1.4592,-4.70389,-1.77463,-1.4592,0
4,12,32,-1.51638,-1.51638,1.7249,-0.805878,1.7249,2
2,3,82,1.02977,1.10666,-5.04662,-1.89873,1.10666,1
4,14,74,-4.33476,-2.10082,-4.86797,-1.45906,-1.45906,3
3,12,89,-2.18639,-1.8542,-5.75042,-2.39784,-1.8542,1
3,17,59,-0.875586,0.13368,-3.59803,-0.651593,0.13368,1
3,3,30,2.67749,1.71814,1.53923,-0.805878,1.71814,0
3,19,87,-1.76392,-2.23856,-5.60239,-2.09737,-2.23856,0
1,19,40,2.88933,2.59247,0.424054,-0.32524,2.59247,0
3,10,87,-1.46421,-0.4902,-5.60239,-2.09737,-0.4902,1
3,14,64,-0.291004,-0.95261,-3.84075,-0.813937,-0.95261,0
3,6,87,-0.700881,-0.117526,-5.60239,-2.09737,-0.117526,1
1,9,84,0.800405,-0.616808,-5.35927,-2.00544,-0.616808,0
1,18,68,1.19205,0.891418,-4.27007,-1.01066,0.891418,0
2,18,60,0.037041,0.722024,-3.62281,-0.563066,0.722024,1
3,5,87,-1.46557,-0.214139,-5.60239,-2.09737,-0.214139,1
3,4,87,-1.32235,-0.770873,-5.60239,-2.09737,-0.770873,1
2,8,50,1.00206,1.83728,-2.70986,-0.510597,1.83728,1
1,14,48,2.54342,1.90562,-2.02538,-0.386848,1.90562,0
2,6,82,0.183753,-0.134797,-5.04662,-1.89873,-0.134797,0
2,2,78,1.36627,1.48611,-4.65291,-1.66623,1.48611,1
4,20,50,-2.7155,-2.7155,-2.70986,-0.510597,-0.510597,3
2,5,81,0.472923,1.4994,-4.70389,-1.77463,1.4994,1
2,7,83,0.568798,0.707996,-5.22327,-1.89942,0.707996,1
2,4,85,0.876531,0.781878,-5.14185,-2.10808,0.781878,0
2,8,84,0.800961,-0.809304,-5.35927,-2.00544,-0.809304,0
4,18,99,-6.43894,-6.43894,-3.41916,-3.35117,-3.35117,3
3,13,89,-3.18659,-0.649261,-5.75042,-2.39784,-0.649261,1
3,16,92,-2.21447,-2.64875,-6.43894,-2.39982,-2.64875,0
1,5,87,1.18648,1.11353,-5.60239,-2.09737,1.18648,0
1,16,71,0.696038,1.47062,-4.4203,-1.13959,1.47062,1
1,6,55,2.48815,3.01609,-3.26052,-0.458097,2.48815,1
4,12,35,-1.73068,0.253532,1.44812,-0.805878,1.44812,2
2,3,93,-0.377288,-0.572222,-3.41916,-2.51688,-0.572222,0
4,14,75,-4.27007,-2.07222,-4.90201,-1.41384,-1.41384,3
3,12,88,-1.15751,-1.69528,-5.55605,-2.24038,-1.69528,0
3,3,31,2.53994,1.96554,1.72456,-0.805878,1.96554,0
3,17,56,-0.328439,0.180367,-3.43957,-0.474568,0.180367,1
3,19,86,-1.70732,-2.12666,-5.61978,-2.01828,-2.12666,0
3,14,65,-0.248415,-0.138929,-4.11009,-0.783219,-0.138929,1
3,6,86,-0.783922,-0.210441,-5.61978,-2.01828,-0.210441,1
1,9,85,0.690987,-0.614513,-5.14185,-2.10808,-0.614513,0
1,18,71,0.552475,0.780993,-4.4203,-1.13959,0.780993,1
2,18,61,-0.255417,0.474948,-3.77303,-0.607646,0.474948,1
3,5,86,-0.877927,-0.123408,-5.61978,-2.01828,-0.123408,1
3,4,86,-0.686619,-0.731403,-5.61978,-2.01828,-0.731403,0
2,2,77,1.28252,1.45696,-4.67517,-1.58996,1.45696,1
4,2,40,1.82677,-0.53374,0.424054,-0.32524,0.424054,0
1,16,49,2.27472,1.80955,-2.3856,-0.416188,1.80955,0
1,14,88,-0.171738,0.469994,-5.55605,-2.24038,0.469994,1
2,6,74,0.405855,0.357572,-4.86797,-1.45906,0.357572,0
2,8,90,0.558487,0.440091,-6.05291,-2.36134,0.440091,0
2,4,79,1.16068,1.25897,-4.30456,-1.7295,1.25897,1
4,20,51,-2.78547,-2.40412,-3.03783,-0.448822,-0.448822,3
2,5,80,0.495094,1.47219,-4.82344,-1.66435,1.47219,1
1,14,51,1.72344,2.12092,-3.03783,-0.448822,2.12092,1
2,8,63,1.40421,1.26088,-4.03562,-0.692524,1.26088,0
2,6,81,0.118561,-0.0415343,-4.70389,-1.77463,-0.0415343,0
2,7,82,0.605091,0.682294,-5.04662,-1.89873,0.682294,1
2,4,86,0.499835,0.773794,-5.61978,-2.01828,0.773794,1
2,8,83,0.846594,-0.657363,-5.22327,-1.89942,-0.657363,0
2,15,90,-1.58634,-0.996635,-6.05291,-2.36134,-0.996635,1
1,16,90,0.0890708,-0.983653,-6.05291,-2.36134,0.0890708,0
1,5,82,1.40495,1.13212,-5.04662,-1.89873,1.13212,0
1,6,48,2.8015,3.24421,-2.02538,-0.386848,3.24421,1
3,6,51,-0.25221,0.345453,-3.03783,-0.448822,0.345453,1
3,14,36,0.937899,1.79747,1.45696,0.264588,1.79747,1
2,19,83,-1.22777,-1.34157,-5.22327,-1.89942,-1.34157,0
2,3,80,0.655573,1.07608,-4.82344,-1.66435,1.07608,1
4,14,68,-3.77303,0.97153,-4.27007,-1.01066,-1.01066,1
3,12,87,-1.55777,-1.572,-5.60239,-2.09737,-1.572,0
3,18,98,-2.82471,-2.66474,-3.41916,-3.12829,-2.82471,1
2,11,16,4.01488,4.32869,2.59926,-0.805878,4.32869,1
3,3,51,1.93634,1.74857,-3.03783,-0.448822,1.74857,0
4,19,98,-6.29331,-6.29331,-3.41916,-3.12829,-3.12829,3
3,17,92,-2.19453,-1.57219,-6.43894,-2.39982,-1.57219,1
4,18,98,-6.29331,-6.29331,-3.41916,-3.12829,-3.12829,3
3,13,88,-1.98737,-0.619113,-5.55605,-2.24038,-0.619113,1
4,7,59,-0.255359,0.0283966,-3.59803,-0.651593,-3.59803,1
3,15,90,-1.99144,-2.68018,-6.05291,-2.36134,-2.68018,0
3,16,91,-1.86181,-2.33786,-6.29331,-2.45927,-2.33786,0
3,3,16,3.9078,3.7622,2.59926,-0.805878,3.7622,0
3,17,61,-0.72361,0.153486,-3.77303,-0.607646,0.153486,1
3,19,85,-1.64904,-2.1536,-5.14185,-2.10808,-2.1536,0
1,19,42,2.52698,2.91435,-0.0637023,-0.353411,2.91435,1
3,10,85,-0.753936,-0.312474,-5.14185,-2.10808,-0.312474,1
3,9,85,-0.558727,-1.09075,-5.14185,-2.10808,-1.09075,0
3,14,66,-0.9224,-0.505694,-4.06104,-0.806488,-0.505694,1
3,6,85,-0.571807,0.587998,-5.14185,-2.10808,0.587998,1
1,9,90,0.887849,0.449197,-6.05291,-2.36134,0.449197,0
1,18,70,1.00727,0.579887,-4.23657,-1.06699,0.579887,0
2,18,62,0.0368357,0.751591,-3.86868,-0.735614,0.751591,1
3,5,85,-1.51733,-1.86158,-5.14185,-2.10808,-1.86158,0
3,4,85,-0.543108,-0.400107,-5.14185,-2.10808,-0.400107,1
3,3,17,3.39568,2.42758,2.67763,-0.805878,2.42758,0
3,17,58,-0.398611,0.144821,-3.5329,-0.497556,0.144821,1
3,19,84,-1.57378,-1.81029,-5.35927,-2.00544,-1.81029,0
3,14,67,-0.975747,-0.318091,-4.33476,-0.933887,-0.318091,1
3,6,84,-1.88951,0.618255,-5.35927,-2.00544,0.618255,1
1,9,91,0.757997,0.374353,-6.29331,-2.45927,0.374353,0
1,18,73,0.480241,0.736238,-4.58061,-1.30758,0.736238,1
2,18,63,0.173132,0.811727,-4.03562,-0.692524,0.811727,1
3,5,84,-1.43181,-0.315047,-5.35927,-2.00544,-0.315047,1
3,4,84,-0.475138,-0.266797,-5.35927,-2.00544,-0.266797,1
3,3,26,2.98939,2.61948,2.08517,-0.805878,2.61948,0
3,19,83,-1.55146,-1.65946,-5.22327,-1.89942,-1.65946,0
2,19,51,0.200168,1.31547,-3.03783,-0.448822,1.31547,1
3,14,68,-0.869463,-0.613006,-4.27007,-1.01066,-0.613006,1
3,6,83,-2.24328,0.834789,-5.22327,-1.89942,0.834789,1
3,5,83,-1.46883,-0.327061,-5.22327,-1.89942,-0.327061,1
2,9,31,3.28442,2.42589,1.72456,-0.805878,2.42589,0
1,4,47,3.17683,3.18741,-1.66582,-0.377744,3.18741,1
3,4,83,-0.637341,-0.843252,-5.22327,-1.89942,-0.843252,0
3,3,27,2.85177,2.38104,1.79261,-0.805878,2.38104,0
3,19,82,-1.50483,-2.08106,-5.04662,-1.89873,-2.08106,0
2,19,50,-0.224958,1.38707,-2.70986,-0.510597,-0.224958,1
3,14,69,-0.590641,-0.675456,-4.38821,-0.937499,-0.675456,0
3,6,82,-0.121561,0.842354,-5.04662,-1.89873,0.842354,1
3,5,82,-1.4137,-0.42326,-5.04662,-1.89873,-0.42326,1
2,9,30,3.14615,1.96692,1.53923,-0.805878,1.96692,0
1,4,46,3.35055,3.44107,-1.27338,-0.395639,3.44107,1
3,4,82,-0.906651,-1.04785,-5.04662,-1.89873,-1.04785,0
3,3,28,2.96775,1.94288,1.70711,-0.805878,1.94288,0
3,17,57,-0.194267,0.164728,-3.55909,-0.534181,0.164728,1
3,19,81,-1.40149,-1.69042,-4.70389,-1.77463,-1.69042,0
2,19,49,-0.108955,1.48792,-2.3856,-0.416188,1.48792,1
3,14,70,-1.10303,-0.979696,-4.23657,-1.06699,-0.979696,1
3,6,81,-1.05454,0.936971,-4.70389,-1.77463,0.936971,1
3,5,81,-1.92754,-0.0316724,-4.70389,-1.77463,-0.0316724,1
2,9,17,3.96693,4.46329,2.67763,-0.805878,4.46329,1
1,4,45,2.97565,3.43282,-0.989663,-0.351506,3.43282,1
3,4,81,-0.187855,-0.549417,-4.70389,-1.77463,-0.549417,0
3,3,29,2.55743,1.85151,1.67657,-0.805878,1.85151,0
3,19,80,-1.35745,-1.46332,-4.82344,-1.66435,-1.46332,0
3,5,80,-1.15514,-0.149531,-4.82344,-1.66435,-0.149531,1
2,9,16,5.03268,4.02019,2.59926,-0.805878,4.02019,0
1,4,44,3.10586,2.96423,-0.646582,-0.45329,2.96423,0
3,4,80,-0.385516,-0.00580273,-4.82344,-1.66435,-0.00580273,1
3,4,79,-0.0732297,-0.114441,-4.30456,-1.7295,-0.114441,0
3,17,72,-1.86809,-1.40249,-4.69937,-1.21867,-1.40249,3
3,3,79,-0.693564,-1.64676,-4.30456,-1.7295,-1.64676,0
3,16,78,-1.35126,-1.34356,-4.65291,-1.66623,-1.34356,1
3,17,75,-1.05436,-1.34038,-4.90201,-1.41384,-1.34038,0
3,3,78,-0.629375,-1.15532,-4.65291,-1.66623,-1.15532,0
2,4,30,3.13665,3.19787,1.53923,-0.805878,3.19787,1
3,16,56,-0.571255,0.491637,-3.43957,-0.474568,0.491637,1
2,4,16,4.56874,4.73711,2.59926,-0.805878,4.73711,1
3,16,54,-0.507257,0.569824,-3.28628,-0.56961,0.569824,1
4,7,82,-4.90201,-4.62472,-5.04662,-1.89873,-1.89873,3
3,15,49,0.0404412,0.177773,-2.3856,-0.416188,0.177773,1
4,7,93,-5.61978,-5.61978,-3.41916,-2.51688,-2.51688,3
3,15,48,-0.443556,0.385339,-2.02538,-0.386848,0.385339,1
2,2,40,3.67836,3.18554,0.424054,-0.32524,3.18554,0
4,19,47,-2.47724,-2.47724,-1.66582,-0.377744,-0.377744,3
3,17,99,-2.78744,-2.26912,-3.41916,-3.35117,-2.78744,1
3,19,47,0.264356,1.95358,-1.66582,-0.377744,1.95358,1
2,11,83,0.191475,0.00254161,-5.22327,-1.89942,0.00254161,0
3,18,47,-0.375934,1.35256,-1.66582,-0.377744,1.35256,1
3,3,34,3.17355,1.97251,1.42834,-0.805878,1.97251,0
3,17,47,-0.428111,-0.405673,-1.66582,-0.377744,-0.405673,3
3,3,37,3.19602,1.65535,0.962271,-0.077702,1.65535,0
3,17,46,-0.386897,-0.374735,-1.27338,-0.395639,-0.374735,1
2,1,97,-0.171008,-0.30578,-3.41916,-2.81209,-0.30578,0
2,4,11,3.73512,4.56243,2.80572,-0.805878,4.56243,1
3,16,45,0.537545,-0.382813,-0.989663,-0.351506,-0.382813,0
3,20,41,0.438847,0.471999,0.201755,-0.28101,0.471999,1
3,20,40,0.382926,0.420752,0.424054,-0.32524,0.420752,2
2,11,86,0.397664,-0.823682,-5.61978,-2.01828,-0.823682,0
4,2,88,-4.70389,-4.70389,-5.55605,-2.24038,-2.24038,3
3,18,40,0.821738,1.00917,0.424054,-0.32524,1.00917,1
2,1,25,4.33125,3.93512,2.04479,-0.805878,3.93512,0
3,16,37,1.60036,1.35919,0.962271,-0.077702,1.35919,0
2,1,24,4.51451,3.84186,2.20454,-0.805878,3.84186,0
3,16,36,1.57331,1.87203,1.45696,0.264588,1.87203,1
4,7,64,-0.410289,-0.327762,-3.84075,-0.813937,-0.813937,1
3,15,35,0.70998,1.75099,1.44812,-0.805878,1.75099,1
2,2,37,3.84717,3.4114,0.962271,-0.077702,3.4114,0
4,19,90,-5.22327,-5.22327,-6.05291,-2.36134,-2.36134,3
3,19,34,1.68657,1.75184,1.42834,-0.805878,1.75184,1
1,10,21,4.86746,5.50276,2.59473,-0.805878,5.50276,1
3,20,32,1.58556,1.92093,1.7249,-0.805878,1.92093,1
2,2,88,0.351667,0.23436,-5.55605,-2.24038,0.23436,0
3,3,86,0.0339501,-2.66314,-5.61978,-2.01828,-2.66314,0
4,19,95,-5.55605,-5.55605,-3.41916,-2.85377,-2.85377,3
3,19,31,1.6079,1.79984,1.72456,-0.805878,1.79984,1
2,2,89,0.0526643,0.0637688,-5.75042,-2.39784,0.0637688,1
3,3,87,-0.424474,-0.887016,-5.60239,-2.09737,-0.887016,0
4,19,94,-5.60239,-5.60239,-3.41916,-2.55553,-2.55553,3
3,19,30,1.69184,1.90962,1.53923,-0.805878,1.90962,1
3,9,92,-2.25909,0.651091,-6.43894,-2.39982,0.651091,1
3,17,30,1.96291,1.90258,1.53923,-0.805878,1.90258,0
2,2,38,3.7068,3.39155,0.671689,-0.230343,3.39155,0
4,19,93,-5.61978,-5.61978,-3.41916,-2.51688,-2.51688,3
3,19,29,1.74986,1.93191,1.67657,-0.805878,1.93191,1
3,9,89,-2.72249,0.650372,-5.75042,-2.39784,0.650372,1
3,17,29,2.00892,1.95175,1.67657,-0.805878,1.95175,0
2,1,81,1.21154,1.90259,-4.70389,-1.77463,1.90259,1
2,4,59,2.11244,2.45335,-3.59803,-0.651593,2.11244,1
3,16,29,2.03015,2.59987,1.67657,-0.805878,2.59987,1
3,9,94,-2.45258,0.429722,-3.41916,-2.55553,0.429722,1
3,17,28,2.23328,2.14032,1.70711,-0.805878,2.14032,0
2,1,80,1.36209,2.04507,-4.82344,-1.66435,2.04507,1
2,4,58,2.12262,2.57649,-3.5329,-0.497556,2.57649,1
3,16,28,2.123,2.7292,1.70711,-0.805878,2.7292,1
3,15,28,1.99344,2.11791,1.70711,-0.805878,2.11791,1
2,2,92,-0.142628,-0.242639,-6.43894,-2.39982,-0.242639,0
3,3,82,-0.86409,-1.70443,-5.04662,-1.89873,-1.70443,0
4,19,67,-3.62281,-3.90567,-4.33476,-0.933887,-0.933887,3
3,19,27,2.33718,2.55554,1.79261,-0.805878,2.55554,1
2,1,91,0.0758373,0.0915325,-6.29331,-2.45927,0.0915325,1
2,4,61,2.0668,2.44688,-3.77303,-0.607646,2.44688,1
3,16,27,2.18844,2.92923,1.79261,-0.805878,2.92923,1
3,15,27,2.19157,2.70028,1.79261,-0.805878,2.70028,1
3,9,88,-1.83944,0.502081,-5.55605,-2.24038,0.502081,1
3,17,26,2.26429,3.12822,2.08517,-0.805878,3.12822,1
3,15,26,2.35664,2.72816,2.08517,-0.805878,2.72816,1
2,2,90,-0.273699,-0.133663,-6.05291,-2.36134,-0.133663,1
3,3,84,-1.16102,-1.49093,-5.35927,-2.00544,-1.49093,0
4,19,65,-3.5329,-3.70213,-4.11009,-0.783219,-0.783219,3
3,19,25,2.35676,2.78602,2.04479,-0.805878,2.78602,1
2,2,80,0.935501,1.06364,-4.82344,-1.66435,1.06364,1
4,19,71,-3.84075,-3.84075,-4.4203,-1.13959,-1.13959,3
3,3,94,-1.17591,-1.55827,-3.41916,-2.55553,-1.55827,0
3,19,23,4.03374,2.74982,2.09672,-0.805878,4.03374,0
3,9,87,-3.17855,-0.0738624,-5.60239,-2.09737,-0.0738624,1
3,3,10,4.20187,3.9086,2.9161,-0.805878,3.9086,0
3,19,67,-1.1222,-0.531908,-4.33476,-0.933887,-0.531908,1
3,17,23,3.90764,2.74243,2.09672,-0.805878,2.74243,0
2,1,79,1.52146,1.99033,-4.30456,-1.7295,1.99033,1
2,4,49,1.82932,2.86913,-2.3856,-0.416188,2.86913,1
3,16,23,2.73355,2.63152,2.09672,-0.805878,2.63152,0
3,15,23,2.39276,2.69304,2.09672,-0.805878,2.69304,1
2,2,81,1.06395,1.39851,-4.70389,-1.77463,1.39851,1
3,3,95,-1.29837,-1.76187,-3.41916,-2.85377,-1.76187,0
4,19,70,-4.03562,-4.19067,-4.23657,-1.06699,-1.06699,3
3,19,22,4.06035,2.95883,2.39276,-0.805878,2.95883,0
3,9,84,-0.576889,-1.23412,-5.35927,-2.00544,-1.23412,0
3,3,13,2.55132,4.68787,2.91513,-0.805878,4.68787,1
3,19,64,-0.844423,-0.151134,-3.84075,-0.813937,-0.151134,1
3,17,22,4.19803,2.94413,2.39276,-0.805878,2.94413,0
2,1,78,1.57562,1.9794,-4.65291,-1.66623,1.9794,1
2,4,48,1.45008,2.76973,-2.02538,-0.386848,2.76973,1
3,16,22,2.81077,2.84955,2.39276,-0.805878,2.84955,1
2,2,94,-0.137215,-0.378687,-3.41916,-2.55553,-0.378687,0
4,19,69,-3.86868,-4.08578,-4.38821,-0.937499,-0.937499,3
3,3,80,-0.957984,-1.53676,-4.82344,-1.66435,-1.53676,0
3,19,21,4.11696,3.05297,2.59473,-0.805878,3.05297,0
3,15,21,2.55099,2.73073,2.59473,-0.805878,2.73073,1
2,2,95,-0.157651,-0.435827,-3.41916,-2.85377,-0.435827,0
4,19,68,-3.77303,-4.14084,-4.27007,-1.01066,-1.01066,3
3,3,81,-1.28088,-1.39008,-4.70389,-1.77463,-1.39008,0
3,19,20,2.73033,2.66048,2.55099,-0.805878,2.66048,0
3,9,86,-2.20661,0.935541,-5.61978,-2.01828,0.935541,1
3,3,11,2.04296,4.07053,2.80572,-0.805878,4.07053,1
3,19,66,-0.640602,-0.684875,-4.06104,-0.806488,-0.684875,0
3,17,20,2.68806,2.58141,2.55099,-0.805878,2.58141,0
2,1,83,1.24136,1.73805,-5.22327,-1.89942,1.73805,1
2,4,53,2.27947,2.76187,-3.24637,-0.595251,2.27947,1
3,16,19,2.88344,2.75124,2.73033,-0.805878,2.75124,0
3,15,19,2.75644,2.77257,2.73033,-0.805878,2.77257,1
3,11,19,2.91513,2.85724,2.73033,-0.805878,2.85724,0
2,1,82,1.13669,1.7758,-5.04662,-1.89873,1.7758,1
2,4,52,2.47062,2.70538,-3.16282,-0.404636,2.70538,1
3,16,18,2.65786,3.51782,2.65786,-0.805878,3.51782,1
3,15,18,2.65786,2.22379,2.65786,-0.805878,2.22379,0
2,1,77,1.6206,2.12842,-4.67517,-1.58996,2.12842,1
2,4,55,2.2273,2.66388,-3.26052,-0.458097,2.66388,1
3,16,17,2.88166,2.42413,2.67763,-0.805878,2.42413,0
2,1,76,1.6461,2.11536,-4.75214,-1.45125,2.11536,1
2,4,54,2.38512,2.6709,-3.28628,-0.56961,2.6709,1
3,16,16,2.8676,2.73961,2.59926,-0.805878,2.73961,0
1,20,43,3.38267,3.02613,-0.351569,-0.382527,3.02613,0
4,16,99,-6.43894,-6.43894,-3.41916,-3.35117,-3.35117,3
4,12,99,-6.43894,-6.43894,-3.41916,-3.35117,-3.35117,3
4,9,99,-6.43894,-6.43894,-3.41916,-3.35117,-3.35117,3
4,7,99,-6.43894,-6.43894,-3.41916,-3.35117,-3.35117,3
3,12,79,-0.799763,-1.3564,-4.30456,-1.7295,-1.3564,0
4,14,92,-5.14185,-5.14185,-6.43894,-2.39982,-2.39982,3
4,6,99,-6.43894,-6.43894,-3.41916,-3.35117,-3.35117,3
4,5,99,-6.43894,-6.43894,-3.41916,-3.35117,-3.35117,3
4,3,99,-6.43894,-6.43894,-3.41916,-3.35117,-3.35117,3
4,1,99,-6.43894,-6.43894,-3.41916,-3.35117,-3.35117,3
1,20,40,3.12571,2.90101,0.424054,-0.32524,2.90101,0
4,16,98,-6.29331,-6.29331,-3.41916,-3.12829,-3.12829,3
4,9,98,-6.29331,-6.29331,-3.41916,-3.12829,-3.12829,3
4,8,98,-6.29331,-6.29331,-3.41916,-3.12829,-3.12829,3
4,7,98,-6.29331,-6.29331,-3.41916,-3.12829,-3.12829,3
3,12,78,-0.657815,-1.5231,-4.65291,-1.66623,-1.5231,0
4,14,93,-5.61978,-5.61978,-3.41916,-2.51688,-2.51688,3
4,6,98,-6.29331,-6.29331,-3.41916,-3.12829,-3.12829,3
4,5,98,-6.29331,-6.29331,-3.41916,-3.12829,-3.12829,3
4,3,98,-6.29331,-6.29331,-3.41916,-3.12829,-3.12829,3
4,1,98,-6.29331,-6.29331,-3.41916,-3.12829,-3.12829,3
3,3,52,1.66899,1.55918,-3.16282,-0.404636,1.55918,0
3,17,81,-1.38038,-1.7141,-4.70389,-1.77463,-1.7141,0
4,19,97,-6.05291,-6.05291,-3.41916,-2.81209,-2.81209,3
1,20,41,3.21308,2.84215,0.201755,-0.28101,2.84215,0
4,16,97,-6.05291,-6.05291,-3.41916,-2.81209,-2.81209,3
4,12,97,-6.05291,-6.05291,-3.41916,-2.81209,-2.81209,3
4,9,97,-6.05291,-6.05291,-3.41916,-2.81209,-2.81209,3
4,7,97,-6.05291,-6.05291,-3.41916,-2.81209,-2.81209,3
4,14,66,-3.59803,1.17355,-4.06104,-0.806488,-0.806488,1
3,12,81,-0.614927,-1.41839,-4.70389,-1.77463,-1.41839,0
4,6,97,-6.05291,-6.05291,-3.41916,-2.81209,-2.81209,3
4,5,97,-6.05291,-6.05291,-3.41916,-2.81209,-2.81209,3
2,16,86,-1.77548,-2.18908,-5.61978,-2.01828,-2.18908,0
4,3,97,-6.05291,-6.05291,-3.41916,-2.81209,-2.81209,3
4,1,97,-6.05291,-6.05291,-3.41916,-2.81209,-2.81209,3
3,17,94,-2.27531,-1.76812,-3.41916,-2.55553,-1.76812,1
3,3,53,0.910421,1.2219,-3.24637,-0.595251,1.2219,1
4,19,96,-5.75042,-5.75042,-3.41916,-2.99602,-2.99602,3
3,3,56,0.775639,0.955779,-3.43957,-0.474568,0.955779,1
3,17,37,1.56861,2.45633,0.962271,-0.077702,2.45633,1
4,17,96,-5.75042,-5.75042,-3.41916,-2.99602,-2.99602,3
1,20,46,1.02447,1.68853,-1.27338,-0.395639,1.68853,1
4,16,96,-5.75042,-5.75042,-3.41916,-2.99602,-2.99602,3
4,12,96,-5.75042,-5.75042,-3.41916,-2.99602,-2.99602,3
4,9,96,-5.75042,-5.75042,-3.41916,-2.99602,-2.99602,3
4,7,96,-5.75042,-5.75042,-3.41916,-2.99602,-2.99602,3
1,4,58,2.66357,2.77213,-3.5329,-0.497556,2.77213,1
2,9,98,-0.922939,-0.352895,-3.41916,-3.12829,-0.352895,1
4,14,67,-3.62281,1.15428,-4.33476,-0.933887,-0.933887,1
3,12,80,-0.764856,-1.27214,-4.82344,-1.66435,-1.27214,0
4,6,96,-5.75042,-5.75042,-3.41916,-2.99602,-2.99602,3
4,5,96,-5.75042,-5.75042,-3.41916,-2.99602,-2.99602,3
2,16,87,-1.60083,-1.89753,-5.60239,-2.09737,-1.89753,0
4,3,96,-5.75042,-5.75042,-3.41916,-2.99602,-2.99602,3
4,1,96,-5.75042,-5.75042,-3.41916,-2.99602,-2.99602,3
4,3,44,-1.20363,2.16196,-0.646582,-0.45329,-0.646582,1
2,16,27,3.03209,2.90189,1.79261,-0.805878,2.90189,0
1,20,39,2.18535,2.52272,0.982003,-0.317489,2.52272,1
4,16,95,-5.55605,-5.55605,-3.41916,-2.85377,-2.85377,3
3,12,76,-0.317511,-1.09976,-4.75214,-1.45125,-1.09976,0
4,14,95,-5.55605,-5.55605,-3.41916,-2.85377,-2.85377,3
4,12,95,-5.55605,-5.55605,-3.41916,-2.85377,-2.85377,3
4,9,95,-5.55605,-5.55605,-3.41916,-2.85377,-2.85377,3
2,10,94,-0.633499,0.329309,-3.41916,-2.55553,0.329309,1
3,2,30,2.8826,2.20381,1.53923,-0.805878,2.20381,0
4,8,95,-5.55605,-5.55605,-3.41916,-2.85377,-2.85377,3
4,5,95,-5.55605,-5.55605,-3.41916,-2.85377,-2.85377,3
2,6,11,3.81774,4.73005,2.80572,-0.805878,4.73005,1
2,8,25,3.47276,4.34034,2.04479,-0.805878,4.34034,1
1,14,25,4.18955,3.56704,2.04479,-0.805878,3.56704,0
3,9,75,-0.391605,-0.701901,-4.90201,-1.41384,-0.391605,0
4,4,95,-5.55605,-5.55605,-3.41916,-2.85377,-2.85377,3
4,3,95,-5.55605,-5.55605,-3.41916,-2.85377,-2.85377,3
4,1,95,-5.55605,-5.55605,-3.41916,-2.85377,-2.85377,3
4,3,83,-4.87081,-1.86069,-5.22327,-1.89942,-1.89942,1
2,16,24,2.75438,3.11433,2.20454,-0.805878,3.11433,1
1,20,36,3.90383,3.58628,1.45696,0.264588,3.58628,0
4,16,94,-5.60239,-5.60239,-3.41916,-2.55553,-2.55553,3
3,12,77,-0.631604,-1.36713,-4.67517,-1.58996,-1.36713,0
4,14,94,-5.60239,-5.60239,-3.41916,-2.55553,-2.55553,3
4,12,94,-5.60239,-5.60239,-3.41916,-2.55553,-2.55553,3
4,9,94,-5.60239,-5.60239,-3.41916,-2.55553,-2.55553,3
2,10,93,-0.678043,0.324263,-3.41916,-2.51688,0.324263,1
3,2,31,2.89981,2.02919,1.72456,-0.805878,2.02919,0
4,8,94,-5.60239,-5.60239,-3.41916,-2.55553,-2.55553,3
4,5,94,-5.60239,-5.60239,-3.41916,-2.55553,-2.55553,3
2,6,8,3.53619,4.14201,2.93668,-0.805878,4.14201,1
2,8,24,3.56769,4.36045,2.20454,-0.805878,4.36045,1
1,14,26,3.81004,3.34571,2.08517,-0.805878,3.34571,0
3,9,72,-0.0382898,-0.836871,-4.69937,-1.21867,-0.836871,0
4,4,94,-5.60239,-5.60239,-3.41916,-2.55553,-2.55553,3
4,3,94,-5.60239,-5.60239,-3.41916,-2.55553,-2.55553,3
4,1,94,-5.60239,-5.60239,-3.41916,-2.55553,-2.55553,3
4,3,46,-0.298517,0.466808,-1.27338,-0.395639,-1.27338,1
2,16,29,2.45828,2.90013,1.67657,-0.805878,2.90013,1
1,20,37,4.02156,3.43153,0.962271,-0.077702,3.43153,0
4,16,93,-5.61978,-5.61978,-3.41916,-2.51688,-2.51688,3
4,12,93,-5.61978,-5.61978,-3.41916,-2.51688,-2.51688,3
4,9,93,-5.61978,-5.61978,-3.41916,-2.51688,-2.51688,3
2,10,88,-0.468837,0.914701,-5.55605,-2.24038,0.914701,1
3,2,28,2.30406,1.95099,1.70711,-0.805878,1.95099,0
4,8,93,-5.61978,-5.61978,-3.41916,-2.51688,-2.51688,3
4,5,93,-5.61978,-5.61978,-3.41916,-2.51688,-2.51688,3
3,9,53,-0.499541,-0.00929093,-3.24637,-0.595251,-0.00929093,1
4,4,93,-5.61978,-5.61978,-3.41916,-2.51688,-2.51688,3
4,3,93,-5.61978,-5.61978,-3.41916,-2.51688,-2.51688,3
4,1,93,-5.61978,-5.61978,-3.41916,-2.51688,-2.51688,3
4,3,45,-0.244322,0.389601,-0.989663,-0.351506,-0.269119,1
2,16,26,3.29758,3.17996,2.08517,-0.805878,3.17996,0
3,19,28,1.93889,2.01416,1.70711,-0.805878,2.01416,1
4,19,92,-5.14185,-5.14185,-6.43894,-2.39982,-2.39982,3
4,16,92,-5.14185,-5.14185,-6.43894,-2.39982,-2.39982,3
4,12,92,-5.14185,-5.14185,-6.43894,-2.39982,-2.39982,3
4,9,92,-5.14185,-5.14185,-6.43894,-2.39982,-2.39982,3
2,10,95,-0.744957,0.184871,-3.41916,-2.85377,0.184871,1
3,2,29,2.92763,1.6973,1.67657,-0.805878,1.6973,0
4,8,92,-5.14185,-5.14185,-6.43894,-2.39982,-2.39982,3
4,5,92,-5.14185,-5.14185,-6.43894,-2.39982,-2.39982,3
3,9,74,-0.161253,-2.37288,-4.86797,-1.45906,-2.37288,0
4,4,92,-5.14185,-5.14185,-6.43894,-2.39982,-2.39982,3
4,3,92,-5.14185,-5.14185,-6.43894,-2.39982,-2.39982,3
4,1,92,-5.14185,-5.14185,-6.43894,-2.39982,-2.39982,3
1,20,35,3.38413,3.42458,1.44812,-0.805878,3.42458,1
4,16,91,-5.35927,-5.35927,-6.29331,-2.45927,-2.45927,3
3,12,72,-0.062288,-0.867104,-4.69937,-1.21867,-0.867104,0
4,14,91,-5.35927,-5.35927,-6.29331,-2.45927,-2.45927,3
4,12,91,-5.35927,-5.35927,-6.29331,-2.45927,-2.45927,3
4,9,91,-5.35927,-5.35927,-6.29331,-2.45927,-2.45927,3
4,5,91,-5.35927,-5.35927,-6.29331,-2.45927,-2.45927,3
2,6,7,3.77154,3.89382,2.92731,-0.805878,3.89382,1
1,3,5,5.58413,5.55142,2.97834,-0.805878,5.55142,0
1,14,29,3.50968,3.37291,1.67657,-0.805878,3.37291,0
3,9,79,-1.23863,-2.16231,-4.30456,-1.7295,-2.16231,0
4,4,91,-5.35927,-5.35927,-6.29331,-2.45927,-2.45927,3
4,3,91,-5.35927,-5.35927,-6.29331,-2.45927,-2.45927,3
3,18,41,0.5206,1.26706,0.201755,-0.28101,1.26706,1
2,11,85,0.00132582,-0.251055,-5.14185,-2.10808,-0.251055,0
4,2,91,-5.35927,-5.35927,-6.29331,-2.45927,-2.45927,3
4,1,91,-5.35927,-5.35927,-6.29331,-2.45927,-2.45927,3
4,3,47,-0.359687,0.390458,-1.66582,-0.377744,-1.66582,1
2,16,28,3.04254,2.97228,1.70711,-0.805878,2.97228,0
3,12,73,-0.420597,-1.21609,-4.58061,-1.30758,-1.21609,0
4,14,90,-5.22327,-5.22327,-6.05291,-2.36134,-2.36134,3
4,12,90,-5.22327,-5.22327,-6.05291,-2.36134,-2.36134,3
4,9,90,-5.22327,-5.22327,-6.05291,-2.36134,-2.36134,3
4,5,90,-5.22327,-5.22327,-6.05291,-2.36134,-2.36134,3
1,3,4,5.24309,6.6988,2.97261,-0.805878,6.6988,1
1,14,30,3.92575,3.46144,1.53923,-0.805878,3.46144,0
3,9,76,-0.321477,-0.847444,-4.75214,-1.45125,-0.847444,0
4,4,90,-5.22327,-5.22327,-6.05291,-2.36134,-2.36134,3
4,3,90,-5.22327,-5.22327,-6.05291,-2.36134,-2.36134,3
2,6,20,4.36463,3.29704,2.55099,-0.805878,3.29704,0
1,3,20,4.70658,4.50846,2.55099,-0.805878,4.50846,0
1,14,14,4.79101,5.65939,2.79075,-0.805878,5.65939,1
3,18,46,-0.353758,1.38117,-1.27338,-0.395639,1.38117,1
2,11,84,0.104005,-0.522796,-5.35927,-2.00544,-0.522796,0
4,2,90,-5.22327,-5.22327,-6.05291,-2.36134,-2.36134,3
4,1,90,-5.22327,-5.22327,-6.05291,-2.36134,-2.36134,3
3,12,74,-0.464414,-1.30355,-4.86797,-1.45906,-1.30355,0
4,14,89,-5.04662,-5.04662,-5.75042,-2.39784,-2.39784,3
4,9,89,-5.04662,-5.04662,-5.75042,-2.39784,-2.39784,3
2,10,92,-0.525271,0.482982,-6.43894,-2.39982,0.482982,1
3,2,24,4.30728,3.37972,2.20454,-0.805878,3.37972,0
4,8,89,-5.04662,-5.04662,-5.75042,-2.39784,-2.39784,3
4,5,89,-5.04662,-5.04662,-5.75042,-2.39784,-2.39784,3
2,6,9,2.92564,3.92647,2.89122,-0.805878,3.92647,1
1,3,3,5.78249,5.76397,3,-0.805878,5.76397,0
1,14,27,3.36584,3.05004,1.79261,-0.805878,3.05004,0
3,9,73,0.187108,-0.564389,-4.58061,-1.30758,-0.564389,0
4,4,89,-5.04662,-5.04662,-5.75042,-2.39784,-2.39784,3
4,3,89,-5.04662,-5.04662,-5.75042,-2.39784,-2.39784,3
2,11,87,0.30893,-0.841235,-5.60239,-2.09737,-0.841235,0
3,18,43,-0.31763,1.08281,-0.351569,-0.382527,1.08281,1
4,2,89,-5.04662,-5.04662,-5.75042,-2.39784,-2.39784,3
4,1,89,-5.04662,-5.04662,-5.75042,-2.39784,-5.04662,3
4,9,88,-4.70389,-4.70389,-5.55605,-2.24038,-2.24038,3
4,5,88,-4.70389,-4.70389,-5.55605,-2.24038,-2.24038,3
2,6,6,4.68239,4.73652,2.97518,-0.805878,4.73652,1
1,14,28,3.01493,2.92835,1.70711,-0.805878,2.92835,0
3,9,78,-0.334794,-0.879328,-4.65291,-1.66623,-0.879328,0
4,4,88,-4.70389,-4.70389,-5.55605,-2.24038,-2.24038,3
4,3,88,-4.70389,-4.70389,-5.55605,-2.24038,-2.24038,3
4,1,88,-4.70389,-4.70389,-5.55605,-2.24038,-2.24038,3
4,9,87,-4.82344,-4.82344,-5.60239,-2.09737,-5.60239,3
2,20,82,-1.38807,-1.47918,-5.04662,-1.89873,-1.47918,0
3,15,54,0.359641,-0.723155,-3.28628,-0.56961,-0.723155,0
4,7,87,-4.82344,-4.82344,-5.60239,-2.09737,-2.09737,3
4,5,87,-4.82344,-4.82344,-5.60239,-2.09737,-2.09737,3
2,8,17,3.8429,4.02234,2.67763,-0.805878,4.02234,1
1,3,57,3.11744,2.19395,-3.55909,-0.534181,2.19395,0
2,6,51,2.60783,2.83859,-3.03783,-0.448822,2.83859,1
1,14,17,3.58207,4.75785,2.67763,-0.805878,4.75785,1
3,9,51,-0.36141,-0.497028,-3.03783,-0.448822,-0.497028,0
4,4,87,-4.82344,-4.82344,-5.60239,-2.09737,-2.09737,3
4,3,87,-4.82344,-4.82344,-5.60239,-2.09737,-2.09737,3
4,1,87,-4.82344,-4.82344,-5.60239,-2.09737,-2.09737,3
4,9,86,-4.30456,-4.30456,-5.61978,-2.01828,-2.01828,3
2,20,85,-1.28545,-1.4922,-5.14185,-2.10808,-1.4922,0
3,15,53,-0.316188,-0.693073,-3.24637,-0.595251,-0.693073,0
4,7,86,-4.30456,-4.30456,-5.61978,-2.01828,-2.01828,3
4,5,86,-4.30456,-4.30456,-5.61978,-2.01828,-2.01828,3
2,8,16,3.87649,4.20097,2.59926,-0.805878,4.20097,1
1,3,56,3.02968,2.25817,-3.43957,-0.474568,2.25817,0
2,6,48,1.47125,2.63775,-2.02538,-0.386848,2.63775,1
1,14,18,4.12199,2.83614,2.65786,-0.805878,2.83614,0
3,9,48,0.778458,-0.00526694,-2.02538,-0.386848,-0.00526694,0
4,4,86,-4.30456,-4.30456,-5.61978,-2.01828,-2.01828,3
4,3,86,-4.30456,-4.30456,-5.61978,-2.01828,-5.61978,3
4,1,86,-4.30456,-4.30456,-5.61978,-2.01828,-2.01828,3
4,9,85,-4.65291,-4.64353,-5.14185,-2.10808,-2.10808,3
4,5,85,-4.79629,-1.73619,-5.14185,-2.10808,-5.14185,1
1,3,55,3.05187,2.4128,-3.26052,-0.458097,2.4128,0
2,8,19,4.64597,4.14397,2.73033,-0.805878,4.14397,0
2,6,53,2.45028,2.64807,-3.24637,-0.595251,2.64807,1
1,14,47,2.49825,1.89648,-1.66582,-0.377744,1.89648,0
3,9,61,-0.993166,-0.544041,-3.77303,-0.607646,-0.544041,1
4,4,85,-3.27932,-4.67772,-5.14185,-2.10808,-2.10808,3
4,3,85,-4.74573,-1.71706,-5.14185,-2.10808,-2.10808,1
4,1,85,1.09766,1.06507,-5.14185,-2.10808,-2.10808,0
2,1,75,1.62018,2.1013,-4.90201,-1.41384,2.1013,1
2,2,76,1.33479,1.52028,-4.75214,-1.45125,1.52028,1
4,2,43,1.84892,-0.71871,-0.351569,-0.382527,-0.550618,0
1,16,54,1.77805,1.69375,-3.28628,-0.56961,1.69375,0
1,14,87,-0.189279,0.482311,-5.60239,-2.09737,0.482311,1
2,6,77,0.0503522,0.0162727,-4.67517,-1.58996,0.0162727,0
2,8,91,0.519857,0.537964,-6.29331,-2.45927,0.537964,1
2,4,78,1.16356,1.15697,-4.65291,-1.66623,1.15697,0
4,20,52,-2.89315,-2.48319,-3.16282,-0.404636,-0.404636,3
2,5,79,0.482803,1.52901,-4.30456,-1.7295,1.52901,1
2,8,48,0.777974,1.98259,-2.02538,-0.386848,1.98259,1
1,14,50,2.2269,1.87869,-2.70986,-0.510597,1.87869,0
2,6,80,0.135817,-0.14278,-4.82344,-1.66435,-0.14278,0
2,7,81,0.485562,0.784708,-4.70389,-1.77463,0.784708,1
2,4,87,0.44617,0.591463,-5.60239,-2.09737,0.591463,1
1,14,80,0.739867,1.4256,-4.82344,-1.66435,1.4256,1
2,8,82,0.748746,-0.647413,-5.04662,-1.89873,-0.647413,0
3,4,78,-0.593224,-0.18981,-4.65291,-1.66623,-0.18981,1
1,17,21,3.84928,2.74937,2.59473,-0.805878,2.74937,0
3,17,86,-2.0628,-1.19603,-5.61978,-2.01828,-1.19603,1
3,3,77,-0.553387,-1.09377,-4.67517,-1.58996,-1.09377,0
2,19,48,0.000865451,1.66832,-2.02538,-0.386848,1.66832,1
3,14,71,-0.462775,-0.296913,-4.4203,-1.13959,-0.296913,1
3,6,80,-0.970443,0.508988,-4.82344,-1.66435,0.508988,1
4,12,89,-5.04662,-5.04662,-5.75042,-2.39784,-2.39784,3
2,15,89,-1.94467,-1.1818,-5.75042,-2.39784,-1.1818,1
1,19,43,2.34187,2.95853,-0.351569,-0.382527,2.95853,1
3,10,84,-0.739582,-0.183842,-5.35927,-2.00544,-0.183842,1
1,5,81,1.59605,1.21448,-4.70389,-1.77463,1.59605,0
1,16,69,1.52055,0.852048,-4.38821,-0.937499,0.852048,0
1,6,49,2.87196,3.11584,-2.3856,-0.416188,3.11584,1
3,6,48,0.209485,1.68716,-2.02538,-0.386848,1.68716,1
3,14,39,0.893941,1.78019,0.982003,-0.317489,1.78019,1
2,19,80,-1.16653,-1.35664,-4.82344,-1.66435,-1.35664,0
4,12,33,-1.57416,0.558267,1.60775,-0.805878,1.60775,2
2,3,83,0.957868,1.09501,-5.22327,-1.89942,1.09501,1
4,14,69,-3.86868,0.907935,-4.38821,-0.937499,-0.937499,1
3,12,86,-1.72591,-1.73702,-5.61978,-2.01828,-1.73702,0
3,5,79,-1.55972,-0.120882,-4.30456,-1.7295,-0.120882,1
3,17,19,4.41013,2.71839,2.73033,-0.805878,2.71839,0
3,9,83,-0.446887,-1.41284,-5.22327,-1.89942,-1.41284,0
3,13,87,-1.89713,-0.779026,-5.60239,-2.09737,-0.779026,1
3,12,75,-0.549123,-1.28076,-4.90201,-1.41384,-1.28076,0
4,14,88,-4.70389,-4.70389,-5.55605,-2.24038,-2.24038,3
4,7,58,-0.176779,0.100533,-3.5329,-0.497556,0.100533,1
3,15,89,-1.95281,-3.32117,-5.75042,-2.39784,-3.32117,0
3,16,90,-1.82442,-2.28308,-6.05291,-2.36134,-2.28308,0
1,20,32,3.02991,3.22782,1.7249,-0.805878,3.22782,1
4,16,90,-5.22327,-5.22327,-6.05291,-2.36134,-2.36134,3
4,9,84,-4.67517,-4.70131,-5.35927,-2.00544,-2.00544,3
2,20,83,-1.15027,-1.37793,-5.22327,-1.89942,-1.37793,0
3,15,55,0.276636,-0.201129,-3.26052,-0.458097,-0.201129,0
4,7,84,-4.67517,-4.68525,-5.35927,-2.00544,-2.00544,3
4,5,84,-4.61213,-1.72234,-5.35927,-2.00544,-2.00544,1
1,3,54,3.24857,2.51165,-3.28628,-0.56961,2.51165,0
2,6,50,1.64011,2.57713,-2.70986,-0.510597,2.57713,1
2,8,18,4.25129,4.11603,2.65786,-0.805878,4.11603,0
1,14,16,3.43745,4.31386,2.59926,-0.805878,4.31386,1
3,9,50,0.499467,0.601889,-2.70986,-0.510597,0.601889,1
4,4,84,-3.38045,-4.73188,-5.35927,-2.00544,-2.00544,3
4,3,84,-4.88953,-1.74197,-5.35927,-2.00544,-2.00544,1
4,1,84,1.25335,1.09766,-5.35927,-2.00544,1.09766,0
2,1,74,1.81467,2.30401,-4.86797,-1.45906,2.30401,1
2,2,75,1.48488,1.69872,-4.90201,-1.41384,1.69872,1
4,2,42,1.81212,-0.656147,-0.0637023,-0.353411,-0.439902,0
1,16,55,1.64936,1.44127,-3.26052,-0.458097,1.44127,0
1,14,86,0.0792871,0.665466,-5.61978,-2.01828,0.665466,1
2,6,76,0.282955,0.226237,-4.75214,-1.45125,0.226237,0
2,8,92,0.500835,0.339413,-6.43894,-2.39982,0.339413,0
2,4,77,1.39273,1.07713,-4.67517,-1.58996,1.07713,0
4,20,53,-2.88215,-2.55628,-3.24637,-0.595251,-0.595251,3
2,5,78,0.358483,1.61761,-4.65291,-1.66623,1.61761,1
1,14,85,0.0469552,0.924572,-5.14185,-2.10808,0.0469552,1
2,8,93,0.460183,0.181384,-3.41916,-2.51688,0.181384,0
2,6,79,0.133744,-0.0524838,-4.30456,-1.7295,-0.0524838,0
2,7,80,0.396077,0.756785,-4.82344,-1.66435,0.756785,1
2,4,80,1.25612,1.12809,-4.82344,-1.66435,1.12809,0
1,14,81,0.33393,1.26104,-4.70389,-1.77463,1.26104,1
2,8,81,0.96484,-0.659893,-4.70389,-1.77463,-0.659893,0
1,4,57,2.79747,2.85128,-3.55909,-0.534181,2.85128,1
3,4,77,-1.09477,-1.21133,-4.67517,-1.58996,-1.21133,0
3,2,25,4.03264,2.43618,2.04479,-0.805878,2.43618,0
4,8,88,-4.70389,-4.70389,-5.55605,-2.24038,-2.24038,3
2,10,83,-0.00200874,0.236277,-5.22327,-1.89942,0.236277,1
1,17,20,3.55564,3.18274,2.55099,-0.805878,3.18274,0
3,17,73,-1.90987,-1.46426,-4.58061,-1.30758,-1.90987,3
3,3,76,-0.736348,-1.34257,-4.75214,-1.45125,-1.34257,0
3,6,79,-0.291292,0.645479,-4.30456,-1.7295,0.645479,1
4,12,88,-4.70389,-4.70389,-5.55605,-2.24038,-2.24038,3
2,15,88,-1.82709,-1.08813,-5.55605,-2.24038,-1.08813,1
1,5,92,0.149349,0.43408,-6.43894,-2.39982,0.43408,1
1,16,88,0.341094,-0.928491,-5.55605,-2.24038,-0.928491,0
1,6,50,2.80584,3.05111,-2.70986,-0.510597,3.05111,1
3,14,42,1.01619,1.82113,-0.0637023,-0.353411,1.82113,1
2,19,85,-1.6831,-1.56934,-5.14185,-2.10808,-1.56934,1
2,3,86,0.463283,-0.442866,-5.61978,-2.01828,-0.442866,0
4,14,70,-4.03562,0.854814,-4.23657,-1.06699,-1.06699,1
3,12,85,-1.08859,-1.70397,-5.14185,-2.10808,-1.70397,0
3,5,78,-1.4843,0.0940141,-4.65291,-1.66623,0.0940141,1
3,9,82,-0.66644,-1.13574,-5.04662,-1.89873,-1.13574,0
3,13,86,-1.81352,-0.676462,-5.61978,-2.01828,-0.676462,1
3,12,68,-1.05517,-0.614055,-4.27007,-1.01066,-0.614055,1
4,14,87,-4.82344,-4.82344,-5.60239,-2.09737,-2.09737,3
3,15,88,-1.82646,-3.22499,-5.55605,-2.24038,-3.22499,0
3,16,89,-2.28125,-2.09787,-5.75042,-2.39784,-2.09787,1
1,20,33,3.73647,3.20419,1.60775,-0.805878,3.20419,0
4,16,89,-5.04662,-5.04662,-5.75042,-2.39784,-2.39784,3
4,9,83,-4.75214,-4.59957,-5.22327,-1.89942,-1.89942,3
2,10,90,-0.757326,0.442405,-6.05291,-2.36134,0.442405,1
3,2,18,3.77378,3.69163,2.65786,-0.805878,3.69163,0
4,8,83,-4.75214,-4.4203,-5.22327,-1.89942,-1.89942,3
2,20,86,-1.34991,-1.31274,-5.61978,-2.01828,-1.31274,1
3,15,50,-0.119557,0.169293,-2.70986,-0.510597,0.169293,1
4,7,83,-4.75214,-4.61386,-5.22327,-1.89942,-4.61386,3
4,5,83,-4.71696,-1.94993,-5.22327,-1.89942,-1.89942,3
3,9,55,-0.912004,0.0696726,-3.26052,-0.458097,0.0696726,1
4,4,83,-3.34015,-4.7811,-5.22327,-1.89942,-1.89942,3
4,2,93,-5.61978,-5.61978,-3.41916,-2.51688,-2.51688,3
4,11,96,-5.75042,-5.75042,-3.41916,-2.99602,-2.99602,3
4,1,83,1.13913,1.25335,-5.22327,-1.89942,-1.89942,1
2,4,51,2.42793,3.04095,-3.03783,-0.448822,3.04095,1
3,16,21,2.79727,3.00466,2.59473,-0.805878,3.00466,1
2,1,73,1.92171,2.40495,-4.58061,-1.30758,2.40495,1
2,2,74,1.58222,1.78048,-4.86797,-1.45906,1.78048,1
1,5,96,-0.271351,0.222584,-3.41916,-2.99602,0.222584,1
4,2,53,0.447333,0.292921,-3.24637,-0.595251,-0.299312,0
1,16,52,1.94757,1.88065,-3.16282,-0.404636,1.88065,0
2,4,76,1.53047,1.48475,-4.75214,-1.45125,1.48475,0
4,20,54,-2.99027,-2.62917,-3.28628,-0.56961,-0.56961,3
2,5,77,0.740104,1.7505,-4.67517,-1.58996,1.7505,1
2,7,79,0.769754,0.989368,-4.30456,-1.7295,0.989368,1
2,4,81,0.679944,1.04065,-4.70389,-1.77463,1.04065,1
1,14,82,0.326742,1.21165,-5.04662,-1.89873,0.326742,1
2,8,80,1.10373,-0.456611,-4.82344,-1.66435,-0.456611,0
1,4,56,2.78624,2.85388,-3.43957,-0.474568,2.85388,1
3,4,76,0.0433329,0.202721,-4.75214,-1.45125,0.202721,1
3,2,26,4.30239,2.52135,2.08517,-0.805878,2.52135,0
4,8,91,-5.35927,-5.35927,-6.29331,-2.45927,-2.45927,3
2,10,82,0.192886,0.408272,-5.04662,-1.89873,0.408272,1
1,17,23,3.10461,2.6615,2.09672,-0.805878,2.6615,0
3,17,84,-1.53975,-1.90655,-5.35927,-2.00544,-1.90655,0
3,3,75,-0.479691,-0.725907,-4.90201,-1.41384,-0.725907,0
3,6,78,0.109518,0.896415,-4.65291,-1.66623,0.896415,1
4,12,87,-4.82344,-4.82344,-5.60239,-2.09737,-2.09737,3
2,15,87,-1.49692,-0.784072,-5.60239,-2.09737,-0.784072,1
3,1,59,2.19596,1.41538,-3.59803,-0.651593,1.41538,0
3,7,79,-0.727136,1.04716,-4.30456,-1.7295,1.04716,1
1,16,91,0.0316072,-0.977282,-6.29331,-2.45927,-0.977282,0
1,5,83,1.35139,1.12619,-5.22327,-1.89942,1.12619,0
1,6,51,3.27474,3.23481,-3.03783,-0.448822,3.23481,0
3,6,50,-0.171129,1.63337,-2.70986,-0.510597,1.63337,1
3,14,37,1.03463,1.57915,0.962271,-0.077702,1.57915,1
2,19,82,-1.55194,-1.41028,-5.04662,-1.89873,-1.41028,1
2,3,81,0.714759,1.06962,-4.70389,-1.77463,1.06962,1
4,14,71,-3.84075,-1.67551,-4.4203,-1.13959,-1.13959,3
3,12,84,-0.807347,-1.66827,-5.35927,-2.00544,-1.66827,0
2,11,27,3.382,3.62761,1.79261,-0.805878,3.62761,1
3,3,60,0.794477,1.35999,-3.62281,-0.563066,1.35999,1
3,17,89,-1.9442,-1.53537,-5.75042,-2.39784,-1.53537,1
3,12,69,-0.789758,-0.31638,-4.38821,-0.937499,-0.31638,1
4,14,86,-4.30456,-4.30456,-5.61978,-2.01828,-2.01828,3
3,5,77,-1.01406,0.125861,-4.67517,-1.58996,0.125861,1
3,3,8,5.09772,4.58957,2.93668,-0.805878,4.58957,0
3,17,21,4.34776,3.07096,2.59473,-0.805878,3.07096,0
3,9,81,-0.196611,-0.884353,-4.70389,-1.77463,-0.884353,0
3,6,15,4.08295,3.70241,2.8676,-0.805878,3.70241,0
2,19,23,4.40424,4.07928,2.09672,-0.805878,4.40424,0
3,12,19,2.73033,3.00504,2.73033,-0.805878,3.00504,1
3,11,83,0.0440659,-1.21235,-5.22327,-1.89942,-1.21235,0
3,13,85,-1.50031,-1.32514,-5.14185,-2.10808,-1.32514,1
4,7,52,0.173446,0.389598,-3.16282,-0.404636,-3.16282,1
3,15,87,-1.59236,-2.41274,-5.60239,-2.09737,-2.41274,0
3,16,88,-1.75002,-2.0339,-5.55605,-2.24038,-2.0339,0
1,20,38,3.3723,3.25192,0.671689,-0.230343,3.25192,0
4,16,88,-4.70389,-4.70389,-5.55605,-2.24038,-2.24038,3
4,9,82,-4.90201,-4.60784,-5.04662,-1.89873,-1.89873,3
2,10,89,-0.483901,0.805839,-5.75042,-2.39784,0.805839,1
3,2,19,4.12376,2.68332,2.73033,-0.805878,2.68332,0
4,8,82,-4.90201,-4.23657,-5.04662,-1.89873,-1.89873,3
4,5,82,-4.58085,-2.00289,-5.04662,-1.89873,-1.89873,3
3,9,52,-0.439543,-0.110689,-3.16282,-0.404636,-0.110689,1
4,4,82,-3.21614,-4.82166,-5.04662,-1.89873,-5.04662,3
4,2,92,-5.14185,-5.14185,-6.43894,-2.39982,-2.39982,3
4,11,97,-6.05291,-6.05291,-3.41916,-2.81209,-2.81209,3
2,16,25,3.00537,3.05353,2.04479,-0.805878,3.05353,1
4,3,82,-4.60455,-1.91754,-5.04662,-1.89873,-5.04662,3
4,1,82,1.18424,1.13913,-5.04662,-1.89873,0.126512,0
2,2,73,0.963559,1.05569,-4.58061,-1.30758,1.05569,1
4,20,55,-3.02202,-2.67406,-3.26052,-0.458097,-0.458097,3
2,5,76,0.407426,1.54199,-4.75214,-1.45125,1.54199,1
2,7,78,0.666918,0.615809,-4.65291,-1.66623,0.615809,0
1,4,55,2.88328,2.93708,-3.26052,-0.458097,2.93708,1
3,4,75,0.151532,-0.315844,-4.90201,-1.41384,-0.315844,0
3,2,27,4.01725,2.12692,1.79261,-0.805878,2.12692,0
4,8,90,-5.22327,-5.22327,-6.05291,-2.36134,-2.36134,3
2,10,81,0.0449901,0.264396,-4.70389,-1.77463,0.264396,1
1,17,22,3.13966,2.96856,2.39276,-0.805878,2.96856,0
3,17,87,-2.51344,-1.64896,-5.60239,-2.09737,-1.64896,1
3,3,74,-1.69408,-1.46766,-4.86797,-1.45906,-1.46766,3
3,6,77,-1.98548,1.10652,-4.67517,-1.58996,1.10652,1
4,12,86,-4.30456,-4.30456,-5.61978,-2.01828,-2.01828,3
1,12,71,1.49305,1.20062,-4.4203,-1.13959,1.20062,0
4,15,89,-5.04662,-5.04662,-5.75042,-2.39784,-2.39784,3
1,5,50,2.96892,3.14032,-2.70986,-0.510597,3.14032,1
2,19,43,1.38803,2.65225,-0.351569,-0.382527,2.65225,1
3,14,92,-2.19634,-1.85651,-6.43894,-2.39982,-1.85651,1
1,1,45,3.70934,3.98657,-0.989663,-0.351506,3.70934,1
1,10,85,0.494551,1.0248,-5.14185,-2.10808,0.494551,1
3,8,79,-1.22442,-1.31377,-4.30456,-1.7295,-1.31377,0
2,15,86,-1.64846,-0.888984,-5.61978,-2.01828,-0.888984,1
1,6,82,1.33181,0.0139711,-5.04662,-1.89873,0.0139711,0
4,11,44,-2.26409,-2.4437,-0.646582,-0.45329,-2.4437,3
4,2,97,-6.05291,-6.05291,-3.41916,-2.81209,-2.81209,3
3,1,58,2.26432,0.925201,-3.5329,-0.497556,2.26432,0
3,7,78,-0.886346,0.819558,-4.65291,-1.66623,0.819558,1
1,16,94,-0.0523948,-1.25955,-3.41916,-2.55553,-0.0523948,0
1,5,94,-0.0933629,0.204548,-3.41916,-2.55553,0.204548,1
1,6,60,2.18937,2.4992,-3.62281,-0.563066,2.4992,1
3,14,40,0.828203,1.49192,0.424054,-0.32524,1.49192,1
2,19,87,-1.50546,-1.09293,-5.60239,-2.09737,-1.09293,1
2,3,84,0.878893,1.01986,-5.35927,-2.00544,1.01986,1
4,14,64,-3.55909,0.889265,-3.84075,-0.813937,-0.813937,1
3,12,83,-1.04055,-1.84426,-5.22327,-1.89942,-1.84426,0
2,11,28,3.94408,3.41196,1.70711,-0.805878,3.41196,0
3,3,63,0.671898,1.15457,-4.03562,-0.692524,1.15457,1
3,17,88,-1.92702,-1.43122,-5.55605,-2.24038,-1.43122,1
3,12,70,-1.71133,-1.37693,-4.23657,-1.06699,-1.37693,3
4,14,85,-4.65291,-2.47721,-5.14185,-2.10808,-2.10808,3
3,5,76,-1.5036,-0.00586113,-4.75214,-1.45125,-0.00586113,1
3,3,9,3.76255,3.71265,2.89122,-0.805878,3.71265,0
3,17,18,2.65786,3.89156,2.65786,-0.805878,3.89156,1
3,9,80,-0.944265,-1.23609,-4.82344,-1.66435,-1.23609,0
3,6,12,2.24695,3.32964,2.93608,-0.805878,3.32964,1
2,19,20,2.85319,3.32504,2.55099,-0.805878,3.32504,1
3,12,18,1.52903,3.49652,2.65786,-0.805878,3.49652,1
3,11,82,-0.344417,-1.40237,-5.04662,-1.89873,-1.40237,0
2,16,84,-0.432873,-0.68017,-5.35927,-2.00544,-0.68017,0
3,13,84,-1.40176,-1.23373,-5.35927,-2.00544,-1.23373,1
4,7,55,-0.119469,0.0733685,-3.26052,-0.458097,-3.26052,1
3,15,86,-2.53747,-2.40689,-5.61978,-2.01828,-2.40689,3
3,16,87,-2.17689,-2.4003,-5.60239,-2.09737,-2.4003,3
4,16,87,-4.82344,-4.82344,-5.60239,-2.09737,-2.09737,3
4,9,81,-4.86797,-4.63076,-4.70389,-1.77463,-1.77463,3
2,20,84,-0.910865,-1.1751,-5.35927,-2.00544,-1.1751,0
3,15,52,-0.244776,-0.49631,-3.16282,-0.404636,-0.49631,0
4,7,81,-4.86797,-4.66805,-4.70389,-1.77463,-1.77463,3
4,5,81,-4.44702,-1.67123,-4.70389,-1.77463,-1.77463,1
2,8,31,3.06318,3.74768,1.72456,-0.805878,3.74768,1
1,3,59,2.9949,2.18795,-3.59803,-0.651593,2.18795,0
2,6,49,1.54151,2.40593,-2.3856,-0.416188,2.40593,1
1,14,19,4.61894,5.15937,2.73033,-0.805878,5.15937,1
3,9,49,0.640106,-0.356,-2.3856,-0.416188,-0.356,0
4,4,81,-3.30189,-4.82582,-4.70389,-1.77463,-1.77463,3
4,3,81,-4.68948,-1.84526,-4.70389,-1.77463,-1.77463,3
4,1,81,1.24331,1.18424,-4.70389,-1.77463,1.04327,0
2,1,71,2.0657,2.59011,-4.4203,-1.13959,2.0657,1
2,2,72,1.36848,1.26103,-4.69937,-1.21867,1.26103,0
4,20,56,-3.03023,-2.76939,-3.43957,-0.474568,-0.474568,3
2,5,75,0.611875,1.72766,-4.90201,-1.41384,0.611875,1
2,7,77,0.648801,0.898812,-4.67517,-1.58996,0.898812,1
3,16,86,-2.36908,-2.46859,-5.61978,-2.01828,-2.46859,3
1,4,54,3.02554,2.90175,-3.28628,-0.56961,2.90175,0
3,4,74,-0.848636,-0.707375,-4.86797,-1.45906,-0.707375,1
3,6,76,-0.392004,0.741476,-4.75214,-1.45125,0.741476,1
4,12,85,-4.65291,-1.33896,-5.14185,-2.10808,-2.10808,1
1,1,12,5.06025,4.97199,2.93608,-0.805878,4.97199,0
3,5,75,-2.07127,0.30645,-4.90201,-1.41384,0.30645,1
2,15,85,-1.78567,-0.369034,-5.14185,-2.10808,-0.369034,1
1,6,93,0.670243,0.705415,-3.41916,-2.51688,0.705415,1
4,11,45,-2.28561,-2.28561,-0.989663,-0.351506,-0.989663,3
4,2,96,-5.75042,-5.75042,-3.41916,-2.99602,-2.99602,3
3,1,57,1.98696,0.914321,-3.55909,-0.534181,0.914321,0
3,7,77,-1.70313,1.14704,-4.67517,-1.58996,1.14704,1
4,7,54,-0.0466302,0.229412,-3.28628,-0.56961,-3.28628,1
3,15,85,-2.03329,-2.3228,-5.14185,-2.10808,-2.3228,0
1,17,17,3.41538,4.87048,2.67763,-0.805878,4.87048,1
3,17,82,-1.4906,-1.79306,-5.04662,-1.89873,-1.79306,0
3,3,73,-2.06831,-0.876613,-4.58061,-1.30758,-0.876613,1
1,5,49,3.03961,3.18585,-2.3856,-0.416188,3.18585,1
2,19,40,1.75537,2.02217,0.424054,-0.32524,2.02217,1
3,14,95,-2.37195,-1.92286,-3.41916,-2.85377,-1.92286,1
1,1,46,3.5997,3.91714,-1.27338,-0.395639,3.91714,1
1,10,82,0.732449,1.25335,-5.04662,-1.89873,1.25335,1
3,8,78,-1.76171,-2.20669,-4.65291,-1.66623,-2.20669,3
3,14,43,0.714159,1.65769,-0.351569,-0.382527,1.65769,1
2,19,84,-1.44246,-1.60944,-5.35927,-2.00544,-1.60944,0
2,3,87,0.281852,0.170242,-5.60239,-2.09737,0.170242,0
4,14,65,-3.5329,1.26215,-4.11009,-0.783219,-0.783219,1
3,12,82,-1.59889,-1.91125,-5.04662,-1.89873,-1.91125,0
2,16,85,-0.557805,-0.736567,-5.14185,-2.10808,-0.736567,0
3,13,83,-1.67131,-1.64624,-5.22327,-1.89942,-1.64624,1
3,12,71,-0.515235,-0.780285,-4.4203,-1.13959,-0.780285,0
4,14,84,-4.67517,-2.48349,-5.35927,-2.00544,-2.00544,3
4,16,86,-4.30456,-4.30456,-5.61978,-2.01828,-2.01828,3
4,9,80,-4.58061,-4.42255,-4.82344,-1.66435,-1.66435,3
2,10,91,-0.464506,0.569071,-6.29331,-2.45927,0.569071,1
3,2,17,3.60234,3.78395,2.67763,-0.805878,3.78395,1
4,8,80,-4.58061,-4.27007,-4.82344,-1.66435,-1.66435,3
2,20,87,-1.37839,-1.21021,-5.60239,-2.09737,-1.21021,1
3,15,51,0.197256,-0.388695,-3.03783,-0.448822,-0.388695,0
4,7,80,-4.58061,-4.45121,-4.82344,-1.66435,-1.66435,3
4,5,80,-4.45234,-1.55855,-4.82344,-1.66435,-1.66435,1
3,9,54,-0.425735,-0.440612,-3.28628,-0.56961,-0.440612,0
4,4,80,-2.94582,-4.54053,-4.82344,-1.66435,-1.66435,3
4,3,80,-4.44355,-1.69684,-4.82344,-1.66435,-1.66435,3
4,1,80,0.877258,1.24331,-4.82344,-1.66435,1.24331,1
2,1,70,1.83689,1.9358,-4.23657,-1.06699,1.9358,1
2,2,71,1.22604,1.66024,-4.4203,-1.13959,1.66024,1
1,6,27,4.40492,3.41268,1.79261,-0.805878,3.41268,0
4,2,46,1.63366,2.6853,-1.27338,-0.395639,-0.328662,1
1,16,51,2.15163,1.92975,-3.03783,-0.448822,1.92975,0
1,14,90,-0.352461,0.36085,-6.05291,-2.36134,0.36085,1
2,6,72,0.589693,0.478997,-4.69937,-1.21867,0.478997,0
2,8,88,0.430622,0.770457,-5.55605,-2.24038,0.770457,1
2,4,73,0.96407,1.40288,-4.58061,-1.30758,0.96407,1
4,20,57,-2.97891,-2.81592,-3.55909,-0.534181,-0.534181,3
2,5,74,0.531562,1.78731,-4.86797,-1.45906,1.78731,1
1,14,89,-0.275913,0.404267,-5.75042,-2.39784,0.404267,1
2,8,89,0.679487,0.684976,-5.75042,-2.39784,0.684976,1
2,6,75,0.236694,0.281823,-4.90201,-1.41384,0.281823,1
2,7,76,0.842917,0.729128,-4.75214,-1.45125,0.729128,0
3,16,85,-1.78548,-1.50791,-5.14185,-2.10808,-1.50791,1
1,4,53,2.89179,2.79443,-3.24637,-0.595251,2.79443,0
3,4,73,0.0211361,-0.420389,-4.58061,-1.30758,-0.420389,0
2,15,20,3.02005,2.84748,2.55099,-0.805878,2.84748,0
2,10,79,0.315314,0.475331,-4.30456,-1.7295,0.475331,1
3,6,75,-1.07021,1.30766,-4.90201,-1.41384,1.30766,1
4,13,85,-4.65291,-4.66219,-5.14185,-2.10808,-2.10808,3
4,12,84,-4.67517,-1.29077,-5.35927,-2.00544,-2.00544,1
1,12,73,1.22507,0.965755,-4.58061,-1.30758,0.965755,0
4,15,87,-4.82344,-4.82344,-5.60239,-2.09737,-2.09737,3
2,11,48,1.66288,1.99743,-2.02538,-0.386848,1.99743,1
1,3,91,0.366711,0.206387,-6.29331,-2.45927,0.206387,0
4,17,89,-5.04662,-5.04662,-5.75042,-2.39784,-2.39784,3
1,1,13,4.72325,4.50321,2.91513,-0.805878,4.50321,0
3,5,74,-0.787944,0.18827,-4.86797,-1.45906,0.18827,1
2,15,84,-1.23825,-0.0720695,-5.35927,-2.00544,-0.0720695,1
1,6,92,0.795616,0.795093,-6.43894,-2.39982,0.795093,0
4,11,50,-2.7155,-2.7155,-2.70986,-0.510597,-0.510597,3
4,2,99,-6.43894,-6.43894,-3.41916,-3.35117,-3.35117,3
3,1,56,2.05929,1.61634,-3.43957,-0.474568,1.61634,0
3,7,76,-0.527537,1.07642,-4.75214,-1.45125,1.07642,1
4,7,49,-2.88215,-0.834543,-2.3856,-0.416188,-2.3856,3
3,15,84,-2.01982,-2.17872,-5.35927,-2.00544,-2.17872,3
3,17,85,-1.58303,-1.98965,-5.14185,-2.10808,-1.98965,0
3,3,72,-0.158334,-1.32571,-4.69937,-1.21867,-1.32571,0
2,20,57,-0.139582,0.26784,-3.55909,-0.534181,0.26784,1
1,5,48,3.41295,3.10521,-2.02538,-0.386848,3.10521,0
2,19,41,1.85226,2.41054,0.201755,-0.28101,2.41054,1
3,14,94,-2.27976,-1.68055,-3.41916,-2.55553,-2.27976,1
1,1,47,3.5048,3.8983,-1.66582,-0.377744,3.8983,1
1,10,83,0.51386,1.09766,-5.22327,-1.89942,1.09766,1
3,8,77,-1.36944,-0.993856,-4.67517,-1.58996,-0.993856,1
3,14,46,-0.181698,1.74701,-1.27338,-0.395639,1.74701,1
2,19,89,-2.0641,-1.47414,-5.75042,-2.39784,-1.47414,1
2,16,82,-0.23899,-1.1891,-5.04662,-1.89873,-1.1891,0
3,13,82,-2.16479,-1.34306,-5.04662,-1.89873,-1.34306,1
3,12,64,-1.37691,-1.38686,-3.84075,-0.813937,-1.38686,3
4,14,83,-4.75214,-2.50999,-5.22327,-1.89942,-1.89942,3
4,16,85,-4.65291,-4.65291,-5.14185,-2.10808,-2.10808,3
4,9,79,-4.69937,-4.52152,-4.30456,-1.7295,-4.52152,3
2,20,90,-1.77454,-1.65688,-6.05291,-2.36134,-1.65688,1
3,15,46,0.381727,0.426401,-1.27338,-0.395639,0.426401,1
4,7,79,-4.69937,-4.54744,-4.30456,-1.7295,-1.7295,3
4,5,79,-4.41316,-1.50685,-4.30456,-1.7295,-1.7295,1
3,9,59,-0.451988,-0.322405,-3.59803,-0.651593,-0.322405,1
4,4,79,-2.8066,-4.58367,-4.30456,-1.7295,-1.7295,3
4,3,79,-4.25187,-1.57048,-4.30456,-1.7295,-1.7295,1
4,1,79,0.890564,0.877258,-4.30456,-1.7295,-1.7295,0
2,1,69,1.87407,1.99973,-4.38821,-0.937499,1.99973,1
2,2,70,1.1401,1.65424,-4.23657,-1.06699,1.65424,1
1,6,26,4.60289,3.86086,2.08517,-0.805878,3.86086,0
4,2,41,1.86634,-0.557245,0.201755,-0.28101,-0.557245,0
1,16,48,2.67899,2.17479,-2.02538,-0.386848,2.17479,0
2,4,72,1.2422,1.53424,-4.69937,-1.21867,1.53424,1
4,20,58,-3.03783,-2.84022,-3.5329,-0.497556,-0.497556,3
2,5,73,0.712276,1.89074,-4.58061,-1.30758,1.89074,1
2,7,75,0.958104,0.909151,-4.90201,-1.41384,0.958104,0
3,16,84,-1.74009,-1.43278,-5.35927,-2.00544,-1.43278,1
1,4,52,2.99377,3.0153,-3.16282,-0.404636,3.0153,1
3,4,72,-0.107452,-0.22211,-4.69937,-1.21867,-0.22211,0
2,15,21,0.968544,3.46052,2.59473,-0.805878,3.46052,1
2,10,78,0.412595,0.590375,-4.65291,-1.66623,0.590375,1
3,6,74,-0.65705,1.38465,-4.86797,-1.45906,1.38465,1
4,13,84,-4.67517,-4.70724,-5.35927,-2.00544,-2.00544,3
2,5,32,3.43694,4.05311,1.7249,-0.805878,4.05311,1
4,20,99,-6.43894,-6.43894,-3.41916,-3.35117,-3.35117,3
4,12,83,-4.75214,-1.37687,-5.22327,-1.89942,-1.89942,1
1,12,74,1.10549,0.93433,-4.86797,-1.45906,0.93433,0
4,15,86,-4.30456,-4.30456,-5.61978,-2.01828,-2.01828,3
1,1,14,4.5462,5.31916,2.79075,-0.805878,5.31916,1
3,5,73,-0.628978,0.321594,-4.58061,-1.30758,0.321594,1
4,16,84,-4.67517,-4.67517,-5.35927,-2.00544,-2.00544,3
2,15,83,-1.24246,0.0647629,-5.22327,-1.89942,0.0647629,1
1,6,95,0.292281,0.508739,-3.41916,-2.85377,0.508739,1
4,11,51,-2.78547,-2.6769,-3.03783,-0.448822,-0.448822,3
4,2,98,-6.29331,-6.29331,-3.41916,-3.12829,-3.12829,3
3,1,39,3.09129,2.26859,0.982003,-0.317489,2.26859,0
3,7,75,-0.645162,1.08709,-4.90201,-1.41384,1.08709,1
4,7,48,-2.89315,-0.822998,-2.02538,-0.386848,-0.822998,3
3,15,83,-1.72632,-1.90209,-5.22327,-1.89942,-1.90209,0
2,20,56,0.091174,0.47856,-3.43957,-0.474568,0.47856,1
1,5,55,2.79759,2.73861,-3.26052,-0.458097,2.73861,0
2,19,38,1.98957,1.83924,0.671689,-0.230343,1.83924,0
3,14,89,-1.99357,-1.59488,-5.75042,-2.39784,-1.59488,1
1,1,16,4.94177,4.49642,2.59926,-0.805878,4.49642,0
1,10,80,0.393063,1.18424,-4.82344,-1.66435,1.18424,1
3,8,76,-0.725959,-1.00428,-4.75214,-1.45125,-1.00428,0
3,9,77,-0.300092,-0.798228,-4.67517,-1.58996,-0.798228,0
3,14,41,0.87358,1.7957,0.201755,-0.28101,1.7957,1
2,19,86,-1.50473,-1.03335,-5.61978,-2.01828,-1.03335,1
2,3,85,0.718172,0.934784,-5.14185,-2.10808,0.934784,1
2,16,83,-0.46407,-0.67,-5.22327,-1.89942,-0.67,0
3,13,81,-1.19551,-1.2329,-4.70389,-1.77463,-1.2329,0
2,11,23,3.73035,4.41683,2.09672,-0.805878,4.41683,1
3,12,65,-0.847764,-0.262928,-4.11009,-0.783219,-0.262928,1
4,14,82,-4.90201,-2.57036,-5.04662,-1.89873,-1.89873,3
4,9,78,-4.4203,-4.25808,-4.65291,-1.66623,-1.66623,3
2,20,93,-1.94803,-1.54751,-3.41916,-2.51688,-1.54751,1
3,15,45,0.628951,0.655794,-0.989663,-0.351506,0.655794,1
4,7,78,-4.4203,-4.2706,-4.65291,-1.66623,-1.66623,3
4,5,78,-4.36327,-1.46185,-4.65291,-1.66623,-1.66623,1
3,9,56,-0.718117,0.0118491,-3.43957,-0.474568,0.0118491,1
4,4,78,-2.88136,-4.41228,-4.65291,-1.66623,-1.66623,3
4,3,78,-4.37558,-1.47283,-4.65291,-1.66623,-1.66623,1
4,1,78,1.47764,0.890564,-4.65291,-1.66623,-4.65291,0
2,1,68,1.89616,2.01621,-4.27007,-1.01066,2.01621,1
2,2,69,1.10336,1.65201,-4.38821,-0.937499,1.65201,1
4,20,59,-3.16282,-2.87406,-3.59803,-0.651593,-0.651593,3
2,5,72,0.815735,2.00392,-4.69937,-1.21867,2.00392,1
1,14,91,-0.376188,0.152495,-6.29331,-2.45927,0.152495,1
2,8,71,0.269828,-1.48649,-4.4203,-1.13959,-1.48649,0
2,6,73,0.409431,0.23923,-4.58061,-1.30758,0.23923,0
2,7,74,0.993195,1.05453,-4.86797,-1.45906,1.05453,1
3,16,83,-1.70503,-1.34881,-5.22327,-1.89942,-1.34881,1
1,4,35,4.0615,4.28637,1.44812,-0.805878,4.28637,1
3,4,71,-0.346475,-0.343216,-4.4203,-1.13959,-0.343216,1
2,15,22,0.821563,3.44169,2.39276,-0.805878,3.44169,1
2,10,77,0.472543,0.623846,-4.67517,-1.58996,0.623846,1
3,6,73,-0.637925,1.20643,-4.58061,-1.30758,1.20643,1
4,13,83,-4.75214,-4.81459,-5.22327,-1.89942,-1.89942,3
2,6,23,4.02355,4.09711,2.09672,-0.805878,4.09711,1
1,3,21,4.77598,4.82367,2.59473,-0.805878,4.82367,1
2,5,33,3.37585,4.00261,1.60775,-0.805878,3.37585,1
4,20,98,-6.29331,-6.29331,-3.41916,-3.12829,-3.12829,3
4,12,82,-4.90201,-1.41701,-5.04662,-1.89873,-1.89873,1
2,11,50,1.51702,1.75335,-2.70986,-0.510597,1.75335,1
1,3,93,0.285321,0.0985418,-3.41916,-2.51688,0.0985418,0
4,17,87,-4.82344,-4.82344,-5.60239,-2.09737,-2.09737,3
1,1,15,5.17584,4.89459,2.8676,-0.805878,4.89459,0
3,5,72,-0.868793,0.378037,-4.69937,-1.21867,0.378037,1
4,16,83,-4.75214,-4.75214,-5.22327,-1.89942,-1.89942,3
2,15,82,-1.15455,0.0462932,-5.04662,-1.89873,0.0462932,1
3,1,38,3.34976,3.43733,0.671689,-0.230343,3.43733,1
3,7,74,-0.699771,1.12653,-4.86797,-1.45906,1.12653,1
4,7,51,0.215448,0.486159,-3.03783,-0.448822,-3.03783,1
3,15,82,-1.66949,-1.94712,-5.04662,-1.89873,-1.94712,0
1,5,90,0.371159,0.813396,-6.05291,-2.36134,0.371159,1
1,16,82,0.161426,0.57003,-5.04662,-1.89873,0.57003,1
1,6,56,2.55351,2.96013,-3.43957,-0.474568,2.96013,1
3,14,44,1.0199,1.53215,-0.646582,-0.45329,1.53215,1
2,19,91,-1.64295,-1.32347,-6.29331,-2.45927,-1.32347,1
2,16,80,-0.00933323,-0.414757,-4.82344,-1.66435,-0.414757,0
3,13,80,-1.14667,-1.26353,-4.82344,-1.66435,-1.26353,0
3,12,66,-0.892831,-0.478224,-4.06104,-0.806488,-0.478224,1
4,14,81,-4.86797,-2.57941,-4.70389,-1.77463,-1.77463,3
4,9,77,-4.23657,-4.19205,-4.67517,-1.58996,-1.58996,3
2,20,88,-1.3868,-1.24564,-5.55605,-2.24038,-1.24564,1
3,15,32,1.72769,2.29258,1.7249,-0.805878,2.29258,1
4,7,77,-4.23657,-4.18387,-4.67517,-1.58996,-1.58996,3
4,5,77,-4.11954,-1.3088,-4.67517,-1.58996,-1.58996,1
3,9,37,2.25379,2.22173,0.962271,-0.077702,2.22173,0
4,4,77,-2.83605,-4.24495,-4.67517,-1.58996,-4.24495,3
4,3,77,-4.27991,-1.29743,-4.67517,-1.58996,-1.58996,1
4,1,77,1.4833,1.47764,-4.67517,-1.58996,1.47764,0
2,1,67,1.90671,2.07574,-4.33476,-0.933887,2.07574,1
2,2,68,1.2453,1.78573,-4.27007,-1.01066,1.78573,1
4,20,60,-3.24637,-2.94058,-3.62281,-0.563066,-0.563066,3
2,5,71,0.962567,2.01675,-4.4203,-1.13959,2.01675,1
2,7,73,1.18931,1.07256,-4.58061,-1.30758,1.07256,0
3,16,82,-2.26212,-1.64643,-5.04662,-1.89873,-1.64643,1
1,4,34,4.04592,3.8928,1.42834,-0.805878,3.8928,0
3,4,70,0.838504,0.435255,-4.23657,-1.06699,0.435255,0
2,15,23,0.761495,3.01928,2.09672,-0.805878,3.01928,1
2,10,76,0.420621,0.695001,-4.75214,-1.45125,0.695001,1
3,6,72,-0.84251,1.45997,-4.69937,-1.21867,1.45997,1
4,13,82,-4.90201,-4.88783,-5.04662,-1.89873,-1.89873,3
2,6,22,4.11128,4.0959,2.39276,-0.805878,4.0959,0
1,3,18,4.58495,4.76573,2.65786,-0.805878,4.76573,1
2,5,34,3.44072,3.83642,1.42834,-0.805878,3.83642,1
4,20,97,-6.05291,-6.05291,-3.41916,-2.81209,-2.81209,3
1,11,84,0.029519,0.747184,-5.35927,-2.00544,0.747184,1
4,16,50,-2.7155,-2.7155,-2.70986,-0.510597,-0.510597,3
1,8,48,2.51259,3.1907,-2.02538,-0.386848,3.1907,1
4,10,79,-4.69937,-4.2608,-4.30456,-1.7295,-1.7295,3
4,12,81,-4.86797,-1.38379,-4.70389,-1.77463,-1.77463,1
2,11,49,1.63198,1.97367,-2.3856,-0.416188,1.97367,1
1,3,90,0.494584,0.303197,-6.05291,-2.36134,0.303197,0
4,17,86,-4.30456,-4.30456,-5.61978,-2.01828,-2.01828,3
1,10,72,1.21087,1.64423,-4.69937,-1.21867,1.64423,1
1,1,8,5.09533,4.56243,2.93668,-0.805878,4.56243,0
3,5,71,-0.795411,0.423813,-4.4203,-1.13959,0.423813,1
4,16,82,-4.90201,-4.90201,-5.04662,-1.89873,-1.89873,3
2,15,81,-1.4362,-0.0797313,-4.70389,-1.77463,-0.0797313,1
3,1,37,3.41588,3.38303,0.962271,-0.077702,3.38303,0
3,7,73,-0.56094,1.16096,-4.58061,-1.30758,1.16096,1
4,7,50,-2.99027,-0.889937,-2.70986,-0.510597,-2.70986,3
3,15,81,-1.84769,-2.06465,-4.70389,-1.77463,-2.06465,3
1,16,93,-0.0770603,-1.14739,-3.41916,-2.51688,-1.14739,0
1,5,89,0.842282,1.07681,-5.75042,-2.39784,1.07681,1
1,6,57,2.55769,2.8931,-3.55909,-0.534181,2.8931,1
3,14,47,-0.263978,1.03429,-1.66582,-0.377744,1.03429,1
2,19,88,-1.49341,-1.17589,-5.55605,-2.24038,-1.17589,1
2,16,81,-0.381264,-0.620072,-4.70389,-1.77463,-0.620072,0
3,13,79,-2.13265,-1.16537,-4.30456,-1.7295,-1.16537,1
3,8,91,-2.75335,-0.0132892,-6.29331,-2.45927,-0.0132892,1
1,1,25,4.52863,4.03155,2.04479,-0.805878,4.03155,0
1,10,89,0.815406,0.146784,-5.75042,-2.39784,0.146784,0
2,19,63,-0.227444,0.558241,-4.03562,-0.692524,0.558241,1
3,14,80,-1.27907,-1.12376,-4.82344,-1.66435,-1.12376,1
2,11,21,3.88331,4.42635,2.59473,-0.805878,4.42635,1
3,3,54,1.19575,1.7299,-3.28628,-0.56961,1.7299,1
3,17,83,-2.6297,-2.10041,-5.22327,-1.89942,-2.10041,3
3,12,67,-1.01103,-0.742543,-4.33476,-0.933887,-0.742543,1
4,14,80,-4.58061,-2.36463,-4.82344,-1.66435,-1.66435,3
4,3,38,1.20082,2.29858,0.671689,-0.230343,-0.0816381,1
2,16,21,2.83486,2.65386,2.59473,-0.805878,2.65386,0
4,18,89,-5.04662,-5.04662,-5.75042,-2.39784,-2.39784,3
3,13,19,2.65786,2.7915,2.73033,-0.805878,2.7915,1
3,3,96,-1.26261,-1.79119,-3.41916,-2.99602,-1.79119,0
3,19,37,1.0545,0.761952,0.962271,-0.077702,0.761952,0
4,19,85,-4.65291,-4.65291,-5.14185,-2.10808,-2.10808,3
4,9,76,-4.38821,-4.13283,-4.75214,-1.45125,-1.45125,3
2,20,91,-1.64346,-1.5106,-6.29331,-2.45927,-1.5106,1
3,15,47,-0.0976075,0.498414,-1.66582,-0.377744,0.498414,1
4,7,76,-4.38821,-4.16008,-4.75214,-1.45125,-1.45125,3
4,5,76,-4.20279,-1.54611,-4.75214,-1.45125,-1.45125,3
3,9,58,-0.509252,-0.246078,-3.5329,-0.497556,-0.246078,1
4,4,76,-2.84001,-4.37485,-4.75214,-1.45125,-1.45125,3
4,3,76,-4.32937,-1.50853,-4.75214,-1.45125,-4.75214,3
4,1,76,1.63919,1.4833,-4.75214,-1.45125,-1.45125,0
2,1,66,1.95958,2.1356,-4.06104,-0.806488,2.1356,1
2,2,67,1.24577,1.80304,-4.33476,-0.933887,1.80304,1
4,20,61,-3.28628,-3.00457,-3.77303,-0.607646,-0.607646,3
2,5,70,2.27129,0.485072,-4.23657,-1.06699,0.485072,0
1,14,93,-0.481766,0.13686,-3.41916,-2.51688,0.13686,1
2,8,69,0.842242,1.07894,-4.38821,-0.937499,1.07894,1
2,6,71,0.775085,0.510533,-4.4203,-1.13959,0.510533,0
2,7,72,1.15289,1.09142,-4.69937,-1.21867,1.09142,0
3,16,81,-1.5489,-1.54097,-4.70389,-1.77463,-1.54097,1
1,4,33,3.69111,3.98458,1.60775,-0.805878,3.98458,1
3,4,69,1.22118,0.383457,-4.38821,-0.937499,0.383457,0
2,15,16,3.03495,3.96662,2.59926,-0.805878,3.96662,1
2,10,75,0.57547,0.629551,-4.90201,-1.41384,0.629551,1
3,6,71,-1.0767,1.00057,-4.4203,-1.13959,1.00057,1
4,13,81,-4.86797,-4.74823,-4.70389,-1.77463,-1.77463,3
1,11,85,0.0789427,0.779969,-5.14185,-2.10808,0.779969,1
4,16,49,-2.61941,-2.61941,-2.3856,-0.416188,-0.416188,3
1,8,49,2.32198,3.28274,-2.3856,-0.416188,3.28274,1
4,10,78,-4.4203,-4.214,-4.65291,-1.66623,-1.66623,3
4,12,80,-4.58061,-1.17151,-4.82344,-1.66435,-1.66435,1
1,10,73,0.599814,1.466,-4.58061,-1.30758,1.466,1
1,1,9,4.87474,2.7022,2.89122,-0.805878,2.7022,0
3,5,70,-0.44012,1.04017,-4.23657,-1.06699,1.04017,1
4,16,81,-4.86797,-4.86797,-4.70389,-1.77463,-1.77463,3
2,15,80,-1.21963,0.0422181,-4.82344,-1.66435,0.0422181,1
3,1,36,3.52719,3.68023,1.45696,0.264588,3.68023,1
3,7,72,-0.816343,0.852461,-4.69937,-1.21867,0.852461,1
4,7,61,-0.229026,-0.0607953,-3.77303,-0.607646,-0.607646,1
3,15,80,-2.14279,-1.94704,-4.82344,-1.66435,-1.94704,3
1,16,80,0.2684,0.858133,-4.82344,-1.66435,0.858133,1
1,5,68,2.17801,1.98043,-4.27007,-1.01066,1.98043,0
1,6,58,2.29751,2.52384,-3.5329,-0.497556,2.52384,1
3,14,50,-0.875617,1.03445,-2.70986,-0.510597,1.03445,1
2,19,93,-2.12812,-1.52241,-3.41916,-2.51688,-1.52241,1
2,16,94,-1.9635,-1.94986,-3.41916,-2.55553,-1.9635,1
3,13,78,-1.33768,-1.08119,-4.65291,-1.66623,-1.08119,1
2,11,22,4.60772,4.92625,2.39276,-0.805878,4.92625,1
4,9,75,-4.27007,-4.15905,-4.90201,-1.41384,-1.41384,3
2,20,94,-1.91664,-1.58022,-3.41916,-2.55553,-1.58022,1
3,15,42,0.408484,1.12759,-0.0637023,-0.353411,1.12759,1
4,7,75,-4.27007,-4.17237,-4.90201,-1.41384,-1.41384,3
4,5,75,-3.98384,-1.203,-4.90201,-1.41384,-1.41384,1
1,3,53,3.20928,2.53472,-3.24637,-0.595251,2.53472,0
2,8,21,3.75501,3.4233,2.59473,-0.805878,3.4233,0
2,6,55,2.05663,2.47223,-3.26052,-0.458097,2.47223,1
1,14,45,2.58184,2.11217,-0.989663,-0.351506,2.11217,0
3,9,63,-0.875914,-1.08593,-4.03562,-0.692524,-1.08593,3
4,4,75,-2.7267,-4.21781,-4.90201,-1.41384,-1.41384,3
4,3,75,-4.08384,-1.25526,-4.90201,-1.41384,-1.41384,1
4,1,75,1.466,1.63919,-4.90201,-1.41384,-1.41384,1
2,1,65,2.2121,2.34818,-4.11009,-0.783219,2.34818,1
2,2,66,1.45687,1.93414,-4.06104,-0.806488,1.93414,1
4,20,62,-3.26052,-3.05863,-3.86868,-0.735614,-0.735614,3
2,5,69,2.45436,0.626456,-4.38821,-0.937499,0.626456,0
1,14,92,-0.488592,0.123255,-6.43894,-2.39982,0.123255,1
2,8,70,0.675519,0.929846,-4.23657,-1.06699,0.929846,1
2,6,70,1.30803,1.8484,-4.23657,-1.06699,1.8484,1
2,7,71,1.09587,1.38208,-4.4203,-1.13959,1.38208,1
3,16,80,-1.50789,-1.14172,-4.82344,-1.66435,-1.14172,1
1,4,32,3.75121,3.59372,1.7249,-0.805878,3.59372,0
3,4,68,1.24104,0.616803,-4.27007,-1.01066,0.616803,0
3,6,70,-0.731184,0.480921,-4.23657,-1.06699,0.480921,1
2,11,29,3.2796,3.10392,1.67657,-0.805878,3.2796,0
3,18,97,-2.4511,-2.48867,-3.41916,-2.81209,-2.4511,0
4,13,80,-4.58061,-4.6301,-4.82344,-1.66435,-1.66435,3
1,11,82,0.100345,0.727367,-5.04662,-1.89873,0.727367,1
4,16,60,-3.24637,-2.848,-3.62281,-0.563066,-0.563066,3
1,8,54,3.04117,2.24811,-3.28628,-0.56961,2.24811,0
4,10,77,-4.23657,-4.08703,-4.67517,-1.58996,-1.58996,3
4,12,79,-4.69937,-1.29957,-4.30456,-1.7295,-1.7295,1
2,11,51,1.01555,2.47459,-3.03783,-0.448822,2.47459,1
1,3,92,0.228613,0.0681833,-6.43894,-2.39982,0.0681833,0
4,17,84,-4.67517,-4.67517,-5.35927,-2.00544,-2.00544,3
1,1,10,5.22692,5.44858,2.9161,-0.805878,5.44858,1
3,5,69,-0.483653,1.25135,-4.38821,-0.937499,1.25135,1
4,16,80,-4.58061,-4.58061,-4.82344,-1.66435,-1.66435,3
2,15,79,-0.83808,0.278189,-4.30456,-1.7295,0.278189,1
3,14,96,-2.49939,-2.10276,-3.41916,-2.99602,-2.10276,1
2,19,47,0.190948,1.94087,-1.66582,-0.377744,0.190948,1
3,12,27,2.51841,2.45057,1.79261,-0.805878,2.45057,0
3,11,75,0.31642,-0.684734,-4.90201,-1.41384,-0.684734,0
4,7,44,-2.26409,-0.961692,-0.646582,-0.45329,-0.45329,3
3,15,79,-1.4502,-1.70233,-4.30456,-1.7295,-1.70233,0
3,17,76,-1.20237,-1.40072,-4.75214,-1.45125,-1.40072,0
3,3,67,0.355912,0.914928,-4.33476,-0.933887,0.914928,1
1,5,91,0.26307,0.629768,-6.29331,-2.45927,0.629768,1
1,16,83,-0.00628173,0.247022,-5.22327,-1.89942,0.247022,1
1,6,59,2.84259,2.58861,-3.59803,-0.651593,2.58861,0
3,14,45,-0.361319,1.75208,-0.989663,-0.351506,1.75208,1
2,19,90,-1.76132,-1.28929,-6.05291,-2.36134,-1.28929,1
2,16,95,-1.79046,-1.83472,-3.41916,-2.85377,-1.83472,0
3,13,77,-0.976489,-0.771214,-4.67517,-1.58996,-0.771214,1
2,11,19,4.34654,3.24721,2.73033,-0.805878,3.24721,0
2,11,72,0.105011,0.398047,-4.69937,-1.21867,0.398047,1
4,17,81,-4.86797,-4.86797,-4.70389,-1.77463,-1.77463,3
4,3,32,0.40728,2.18132,1.7249,-0.805878,1.7249,1
2,16,23,2.51927,2.81316,2.09672,-0.805878,2.81316,1
4,18,39,-1.93459,-1.59169,0.982003,-0.317489,-0.317489,2
3,13,21,1.35336,3.23435,2.59473,-0.805878,3.23435,1
2,20,81,-1.03997,-1.15989,-4.70389,-1.77463,-1.15989,0
3,15,41,0.585247,0.972285,0.201755,-0.28101,0.972285,1
4,7,74,-4.33476,-4.14054,-4.86797,-1.45906,-1.45906,3
4,5,74,-4.13532,-1.19432,-4.86797,-1.45906,-1.45906,1
1,3,52,3.38378,2.4522,-3.16282,-0.404636,2.4522,0
2,6,52,2.3549,2.68668,-3.16282,-0.404636,2.68668,1
2,8,20,4.09846,3.54122,2.55099,-0.805878,3.54122,0
1,14,46,2.60026,2.06752,-1.27338,-0.395639,2.06752,0
3,9,60,-0.290171,-0.336937,-3.62281,-0.563066,-0.336937,0
4,4,74,-2.61385,-4.27859,-4.86797,-1.45906,-4.86797,3
4,3,74,-4.106,-1.37317,-4.86797,-1.45906,-1.45906,1
4,1,74,1.64423,1.466,-4.86797,-1.45906,1.466,0
2,1,64,2.12426,2.19547,-3.84075,-0.813937,2.19547,1
2,2,65,1.3933,1.91157,-4.11009,-0.783219,1.91157,1
2,4,67,1.61824,2.05041,-4.33476,-0.933887,2.05041,1
4,20,63,-3.43957,-3.09191,-4.03562,-0.692524,-0.692524,3
2,5,68,2.30898,0.552666,-4.27007,-1.01066,0.552666,0
1,14,95,-0.559969,-0.0367153,-3.41916,-2.85377,-0.0367153,1
2,8,67,1.04875,1.16477,-4.33476,-0.933887,1.16477,1
2,6,69,1.22355,1.36466,-4.38821,-0.937499,1.36466,1
2,7,70,0.761247,1.36904,-4.23657,-1.06699,1.36904,1
1,6,24,4.44916,3.66323,2.20454,-0.805878,3.66323,0
4,2,47,1.525,2.62578,-1.66582,-0.377744,0.289917,1
1,16,50,2.27873,2.02064,-2.70986,-0.510597,2.02064,0
2,4,74,1.37501,1.23994,-4.86797,-1.45906,1.23994,0
3,16,79,-2.27949,-1.58485,-4.30456,-1.7295,-1.58485,1
3,4,67,1.22503,0.490017,-4.33476,-0.933887,0.490017,0
2,15,18,2.99436,3.34499,2.65786,-0.805878,3.34499,1
2,10,73,0.605307,-0.053658,-4.58061,-1.30758,-0.053658,0
3,6,69,-2.01147,-0.829209,-4.38821,-0.937499,-0.829209,1
1,1,11,4.68371,5.53796,2.80572,-0.805878,5.53796,1
3,5,68,-0.308383,1.07652,-4.27007,-1.01066,1.07652,1
4,16,79,-4.69937,-4.69937,-4.30456,-1.7295,-1.7295,3
2,15,78,-1.28432,-0.221355,-4.65291,-1.66623,-0.221355,1
3,14,99,-2.82465,-2.41495,-3.41916,-3.35117,-2.41495,1
2,19,44,1.32357,2.14274,-0.646582,-0.45329,2.14274,1
3,12,26,1.47284,2.69242,2.08517,-0.805878,2.69242,1
3,11,74,0.0781467,-0.598135,-4.86797,-1.45906,-0.598135,0
4,7,47,-2.78547,-0.84573,-1.66582,-0.377744,-0.377744,3
3,15,78,-1.35872,-1.96835,-4.65291,-1.66623,-1.96835,0
1,16,98,-0.306978,-1.62539,-3.41916,-3.12829,-1.62539,0
2,20,63,-0.206441,0.164713,-4.03562,-0.692524,0.164713,1
1,5,10,5.09092,5.6711,2.9161,-0.805878,5.6711,1
1,1,21,4.47524,5.79754,2.59473,-0.805878,5.79754,1
1,10,93,0.518361,0.0598037,-3.41916,-2.51688,0.518361,0
3,8,71,-0.931213,-2.72687,-4.4203,-1.13959,-2.72687,0
3,14,48,-0.477483,1.64238,-2.02538,-0.386848,1.64238,1
2,19,95,-1.93584,-1.70674,-3.41916,-2.85377,-1.70674,1
2,16,92,-1.64332,-2.06487,-6.43894,-2.39982,-2.06487,0
3,13,76,-1.17627,-0.934703,-4.75214,-1.45125,-0.934703,1
4,5,73,-3.93279,-1.04711,-4.58061,-1.30758,-1.30758,1
1,3,51,3.38963,2.55303,-3.03783,-0.448822,2.55303,0
2,8,23,4.03892,3.32623,2.09672,-0.805878,3.32623,0
2,6,57,1.82214,2.32776,-3.55909,-0.534181,2.32776,1
1,14,43,3.03691,2.19489,-0.351569,-0.382527,3.03691,0
3,9,57,-0.986066,0.0740638,-3.55909,-0.534181,0.0740638,1
4,4,73,-2.40543,-4.00597,-4.58061,-1.30758,-1.30758,3
4,3,73,-3.86319,-1.06806,-4.58061,-1.30758,-1.30758,1
4,1,73,1.27632,1.64423,-4.58061,-1.30758,1.64423,1
2,1,63,2.3067,2.34399,-4.03562,-0.692524,2.34399,1
2,2,64,1.4012,1.86799,-3.84075,-0.813937,1.86799,1
1,14,67,1.08985,1.24674,-4.33476,-0.933887,1.08985,1
2,6,65,1.39988,1.83744,-4.11009,-0.783219,1.83744,1
2,8,79,0.795913,-0.640303,-4.30456,-1.7295,-0.640303,0
2,4,66,1.5376,1.91531,-4.06104,-0.806488,1.91531,1
2,5,67,2.31556,0.526957,-4.33476,-0.933887,0.526957,0
1,14,94,-0.587999,-0.0996705,-3.41916,-2.55553,-0.0996705,1
2,8,68,1.24121,1.09071,-4.27007,-1.01066,1.09071,0
2,6,68,1.11612,1.33519,-4.27007,-1.01066,1.33519,1
2,7,69,0.657237,1.34235,-4.38821,-0.937499,1.34235,1
2,4,75,0.792919,1.22314,-4.90201,-1.41384,1.22314,1
3,4,66,0.438911,0.17014,-4.06104,-0.806488,0.17014,0
2,15,19,3.61234,3.59966,2.73033,-0.805878,3.59966,0
2,10,72,0.716975,-0.149927,-4.69937,-1.21867,0.716975,0
3,6,68,-2.78537,-0.898455,-4.27007,-1.01066,-0.898455,1
1,10,76,1.30092,1.47764,-4.75214,-1.45125,1.47764,1
1,1,4,6.53183,6.10858,2.97261,-0.805878,6.10858,0
3,5,67,-1.41907,0.960631,-4.33476,-0.933887,0.960631,1
4,16,78,-4.4203,-4.4203,-4.65291,-1.66623,-1.66623,3
2,15,77,-1.10575,-0.166914,-4.67517,-1.58996,-0.166914,1
3,12,25,2.54131,2.60395,2.04479,-0.805878,2.60395,1
3,11,73,-0.734373,-1.08408,-4.58061,-1.30758,-1.08408,0
4,7,46,-2.7155,-0.791421,-1.27338,-0.395639,-0.395639,3
3,15,77,-2.17901,-2.05795,-4.67517,-1.58996,-2.05795,3
3,17,74,-0.917366,-1.30391,-4.86797,-1.45906,-1.30391,0
3,3,65,0.150272,0.671838,-4.11009,-0.783219,0.671838,1
2,20,62,-0.163331,0.225189,-3.86868,-0.735614,0.225189,1
1,5,9,5.66834,4.96478,2.89122,-0.805878,4.96478,0
1,1,22,4.69447,5.3647,2.39276,-0.805878,5.3647,1
1,10,90,0.708861,-0.0561368,-6.05291,-2.36134,-0.0561368,0
3,8,70,-2.17959,-0.578107,-4.23657,-1.06699,-0.578107,1
4,4,99,-6.43894,-6.43894,-3.41916,-3.35117,-3.35117,3
3,9,71,-0.351605,-0.777086,-4.4203,-1.13959,-0.777086,0
3,14,51,-0.21253,0.37804,-3.03783,-0.448822,0.37804,1
2,19,92,-2.04127,-1.48775,-6.43894,-2.39982,-1.48775,1
2,16,93,-1.77779,-2.04096,-3.41916,-2.51688,-2.04096,0
3,13,75,-1.70312,-1.42136,-4.90201,-1.41384,-1.42136,3
4,3,34,1.56689,2.41349,1.42834,-0.805878,0.803804,1
2,16,41,2.26788,1.81109,0.201755,-0.28101,1.81109,0
4,18,37,-1.84662,-0.143053,0.962271,-0.077702,0.962271,2
3,13,23,0.971408,3.0555,2.09672,-0.805878,3.0555,1
3,19,41,-0.281175,0.57554,0.201755,-0.28101,0.57554,1
3,17,97,-2.49908,-1.93825,-3.41916,-2.81209,-2.49908,1
4,19,81,-4.86797,-4.86797,-4.70389,-1.77463,-1.77463,3
2,20,95,-1.81332,-1.50393,-3.41916,-2.85377,-1.50393,1
3,15,43,0.10852,0.982649,-0.351569,-0.382527,0.982649,1
4,7,72,-4.11009,-3.90704,-4.69937,-1.21867,-3.14298,3
4,5,72,-3.88537,-0.98579,-4.69937,-1.21867,-1.21867,1
1,3,50,2.57906,3.11802,-2.70986,-0.510597,3.11802,1
2,8,22,3.18341,3.30827,2.39276,-0.805878,3.30827,1
2,6,54,2.17716,2.49391,-3.28628,-0.56961,2.49391,1
1,14,44,2.94773,2.08796,-0.646582,-0.45329,2.08796,0
3,9,62,-0.335426,-1.11683,-3.86868,-0.735614,-1.11683,0
4,4,72,-2.53297,-4.09147,-4.69937,-1.21867,-4.09147,3
4,3,72,-4.01939,-1.05651,-4.69937,-1.21867,-4.69937,1
4,1,72,1.87485,1.27632,-4.69937,-1.21867,-4.69937,0
3,8,89,-1.84071,0.179845,-5.75042,-2.39784,0.179845,1
2,19,61,-0.188485,0.494146,-3.77303,-0.607646,0.494146,1
3,14,82,-1.45044,-1.24675,-5.04662,-1.89873,-1.24675,1
1,1,27,4.21411,3.85083,1.79261,-0.805878,3.85083,0
1,10,71,1.27632,1.51887,-4.4203,-1.13959,1.27632,1
2,1,62,2.19316,2.254,-3.86868,-0.735614,2.254,1
4,19,36,-1.77946,-1.77946,1.45696,0.264588,1.45696,2
3,19,52,-0.633121,-0.0158819,-3.16282,-0.404636,-0.0158819,1
2,2,63,1.36189,1.96851,-4.03562,-0.692524,1.96851,1
2,5,66,2.30029,0.635818,-4.06104,-0.806488,0.635818,0
1,14,65,1.0686,1.43873,-4.11009,-0.783219,1.43873,1
2,8,65,1.27314,1.25746,-4.11009,-0.783219,1.25746,0
2,6,67,1.08737,1.32959,-4.33476,-0.933887,1.32959,1
2,7,68,0.870533,1.48522,-4.27007,-1.01066,1.48522,1
1,6,30,3.86757,4.38296,1.53923,-0.805878,4.38296,1
4,2,45,1.73701,2.6557,-0.989663,-0.351506,-0.989663,1
1,16,60,2.12854,1.30234,-3.62281,-0.563066,1.30234,0
2,4,68,1.74315,2.03536,-4.27007,-1.01066,2.03536,1
3,16,77,-1.28921,-0.92902,-4.67517,-1.58996,-0.92902,1
3,4,65,1.36684,0.652185,-4.11009,-0.783219,0.652185,0
3,2,21,3.52757,4.12252,2.59473,-0.805878,4.12252,1
4,8,84,-4.67517,-4.69937,-5.35927,-2.00544,-2.00544,3
2,10,71,0.810702,0.0299102,-4.4203,-1.13959,0.0299102,0
3,6,67,-2.57836,-0.728147,-4.33476,-0.933887,-0.728147,1
1,10,77,0.890564,1.38562,-4.67517,-1.58996,0.890564,1
1,1,5,6.53957,6.14519,2.97834,-0.805878,6.14519,0
3,5,66,-1.21408,1.25241,-4.06104,-0.806488,1.25241,1
2,15,76,-0.844686,0.154091,-4.75214,-1.45125,0.154091,1
3,2,63,1.4462,1.12977,-4.03562,-0.692524,1.12977,0
3,14,97,-3.75325,-2.19066,-3.41916,-2.81209,-2.19066,1
2,19,46,0.332697,2.00698,-1.27338,-0.395639,2.00698,1
3,12,24,2.78228,2.81967,2.20454,-0.805878,2.81967,1
3,11,72,0.176857,-0.768751,-4.69937,-1.21867,-0.768751,0
3,20,96,-2.49112,-2.79125,-3.41916,-2.99602,-2.79125,0
4,18,79,-4.69937,-4.69937,-4.30456,-1.7295,-1.7295,3
4,7,41,-2.08792,-0.746185,0.201755,-0.28101,0.201755,2
3,15,76,-1.32106,-1.64331,-4.75214,-1.45125,-1.64331,0
3,17,77,-1.13698,-1.47382,-4.67517,-1.58996,-1.47382,0
3,3,64,0.257338,1.04566,-3.84075,-0.813937,1.04566,1
1,1,23,4.4858,5.62679,2.09672,-0.805878,5.62679,1
1,10,91,0.709496,0.215637,-6.29331,-2.45927,0.215637,0
3,8,69,-1.6842,-0.328944,-4.38821,-0.937499,-0.328944,1
4,4,96,-5.75042,-5.75042,-3.41916,-2.99602,-2.99602,3
3,9,70,-0.398196,-0.903059,-4.23657,-1.06699,-0.903059,0
4,16,77,-4.23657,-4.23657,-4.67517,-1.58996,-1.58996,3
2,16,90,-1.7269,-1.86096,-6.05291,-2.36134,-1.86096,0
3,13,74,-0.905662,-0.948161,-4.86797,-1.45906,-0.948161,0
2,20,98,-2.36704,-1.83142,-3.41916,-3.12829,-1.83142,1
3,15,38,0.418494,1.37273,0.671689,-0.230343,1.37273,1
4,7,71,-3.84075,-3.73961,-4.4203,-1.13959,-1.13959,3
4,5,71,-3.69545,-0.937408,-4.4203,-1.13959,-1.13959,1
3,9,35,2.07235,2.16464,1.44812,-0.805878,2.16464,1
4,4,71,-2.3781,-3.84773,-4.4203,-1.13959,-4.4203,3
4,3,71,-3.88259,-0.927028,-4.4203,-1.13959,-1.13959,1
4,1,71,1.90052,1.87485,-4.4203,-1.13959,1.3092,0
3,8,90,-1.89595,-0.185697,-6.05291,-2.36134,-0.185697,1
2,19,60,-0.240871,0.752318,-3.62281,-0.563066,0.752318,1
3,14,83,-1.23539,-1.33291,-5.22327,-1.89942,-1.33291,0
1,1,26,4.41284,4.15239,2.08517,-0.805878,4.15239,0
1,10,70,1.51586,1.87485,-4.23657,-1.06699,1.87485,1
3,15,40,0.867081,1.16727,0.424054,-0.32524,1.16727,1
4,7,85,-4.65291,-4.62278,-5.14185,-2.10808,-2.10808,3
2,20,80,-0.745119,-1.03339,-4.82344,-1.66435,-1.03339,0
2,11,30,2.89265,2.99568,1.53923,-0.805878,2.99568,1
3,18,96,-3.51273,-3.64046,-3.41916,-2.99602,-3.51273,3
4,13,79,-4.69937,-4.58308,-4.30456,-1.7295,-1.7295,3
2,20,92,-1.54967,-1.43539,-6.43894,-2.39982,-1.43539,1
3,15,44,0.0934483,0.985672,-0.646582,-0.45329,0.985672,1
4,7,73,-4.06104,-3.94103,-4.58061,-1.30758,-1.30758,3
1,11,83,0.309551,0.968455,-5.22327,-1.89942,0.968455,1
4,16,51,-2.78547,-2.27503,-3.03783,-0.448822,-0.448822,3
1,8,55,3.00835,2.15054,-3.26052,-0.458097,2.15054,0
4,10,76,-4.38821,-4.05172,-4.75214,-1.45125,-1.45125,3
4,12,78,-4.4203,-1.24286,-4.65291,-1.66623,-1.66623,1
2,1,61,2.36926,2.44647,-3.77303,-0.607646,2.36926,1
2,5,65,2.56433,0.853207,-4.11009,-0.783219,0.853207,0
1,14,64,0.905386,1.32506,-3.84075,-0.813937,1.32506,1
2,8,66,1.26735,1.25863,-4.06104,-0.806488,1.25863,0
2,6,66,1.44408,1.76963,-4.06104,-0.806488,1.76963,1
4,17,32,-1.51638,-1.51638,1.7249,-0.805878,1.7249,2
3,18,59,-0.479654,0.4451,-3.59803,-0.651593,0.4451,1
2,11,71,0.457991,0.734309,-4.4203,-1.13959,0.734309,1
3,16,76,-1.25862,-0.890364,-4.75214,-1.45125,-0.890364,1
1,10,74,1.0393,1.63919,-4.86797,-1.45906,1.63919,1
1,1,6,5.90441,3.06241,2.97518,-0.805878,3.06241,0
1,9,70,1.82639,2.26549,-4.23657,-1.06699,2.26549,1
2,18,18,3.56406,3.72379,2.65786,-0.805878,3.72379,1
3,5,65,-0.23809,1.50309,-4.11009,-0.783219,1.50309,1
4,8,33,-1.57416,-1.57416,1.60775,-0.805878,1.60775,2
3,7,65,-0.757526,1.13169,-4.11009,-0.783219,1.13169,1
3,1,61,2.01267,1.24292,-3.77303,-0.607646,1.24292,0
1,17,27,3.81849,3.70915,1.79261,-0.805878,3.70915,0
1,1,24,4.47179,4.04901,2.20454,-0.805878,4.04901,0
1,10,88,0.687743,0.25662,-5.55605,-2.24038,0.25662,0
2,19,62,-0.307472,0.518956,-3.86868,-0.735614,0.518956,1
3,14,81,-1.61606,-1.29417,-4.70389,-1.77463,-1.29417,1
3,8,68,-0.197122,-0.322565,-4.27007,-1.01066,-0.322565,0
1,16,87,0.162735,-0.866466,-5.60239,-2.09737,-0.866466,0
1,5,71,1.9238,1.76863,-4.4203,-1.13959,1.76863,0
1,6,7,5.33155,4.74623,2.92731,-0.805878,4.74623,0
3,14,49,-0.666571,1.4796,-2.3856,-0.416188,1.4796,1
2,19,94,-1.85369,-1.23944,-3.41916,-2.55553,-1.23944,1
4,16,76,-4.38821,-4.38821,-4.75214,-1.45125,-1.45125,3
2,16,39,2.70172,2.08682,0.982003,-0.317489,2.08682,0
4,3,48,-0.372672,0.43834,-2.02538,-0.386848,-2.02538,1
4,11,71,-3.84075,-3.61235,-4.4203,-1.13959,-1.13959,3
3,20,99,-2.54011,-3.32286,-3.41916,-3.35117,-3.32286,0
1,3,16,4.46602,4.54598,2.59926,-0.805878,4.54598,1
2,6,24,3.45395,4.06578,2.20454,-0.805878,4.06578,1
2,8,8,3.84461,4.76941,2.93668,-0.805878,4.76941,1
4,18,78,-4.4203,-4.4203,-4.65291,-1.66623,-1.66623,3
3,9,32,1.58306,1.09621,1.7249,-0.805878,1.09621,2
4,4,70,0.198932,-0.584601,-4.23657,-1.06699,-1.06699,0
4,3,70,-2.9338,-1.64876,-4.23657,-1.06699,-1.06699,3
4,19,34,-1.65275,-1.65275,1.42834,-0.805878,1.42834,2
3,19,58,-0.417188,-0.453815,-3.5329,-0.497556,-0.453815,0
2,2,61,1.63559,2.21974,-3.77303,-0.607646,2.21974,1
2,4,69,1.63352,1.83591,-4.38821,-0.937499,1.83591,1
4,1,70,0.844549,-1.3822,-4.23657,-1.06699,-1.32964,0
4,10,11,-0.381377,-0.805878,2.80572,-0.805878,2.80572,2
1,11,16,4.36711,4.39152,2.59926,-0.805878,4.39152,1
2,10,44,1.86369,3.26964,-0.646582,-0.45329,3.26964,1
4,8,73,-4.06104,-3.77303,-4.58061,-1.30758,-1.30758,3
2,3,59,2.23721,2.06838,-3.59803,-0.651593,2.06838,0
3,12,51,-1.52168,0.0887978,-3.03783,-0.448822,0.0887978,1
4,6,71,-3.84075,-3.77149,-4.4203,-1.13959,-4.4203,3
4,20,22,-0.882782,-0.882782,2.39276,-0.805878,2.39276,2
3,16,25,2.30897,3.06881,2.04479,-0.805878,3.06881,1
2,4,63,1.91358,2.252,-4.03562,-0.692524,2.252,1
4,19,44,-2.26409,-2.16133,-0.646582,-0.45329,-0.45329,3
3,19,44,-0.323242,0.18392,-0.646582,-0.45329,0.18392,1
3,17,98,-2.65964,-2.13171,-3.41916,-3.12829,-2.13171,1
4,17,35,-1.73068,2.64095,1.44812,-0.805878,1.44812,1
3,18,56,-0.794048,0.44276,-3.43957,-0.474568,0.44276,1
2,11,70,0.280527,1.49836,-4.23657,-1.06699,1.49836,1
3,16,75,-1.18624,-1.42886,-4.90201,-1.41384,-1.42886,0
1,10,75,0.756996,1.4833,-4.90201,-1.41384,1.4833,1
1,1,7,6.33461,4.18255,2.92731,-0.805878,4.18255,0
1,9,71,1.57524,0.460949,-4.4203,-1.13959,0.460949,0
2,18,19,5.33565,3.45127,2.73033,-0.805878,3.45127,0
3,5,64,-1.44654,0.916413,-3.84075,-0.813937,0.916413,1
2,13,72,0.0161134,0.523982,-4.69937,-1.21867,0.523982,1
4,8,32,-1.51638,-1.67866,1.7249,-0.805878,1.7249,2
3,7,64,-0.911299,0.756402,-3.84075,-0.813937,0.756402,1
3,1,60,2.08134,1.33169,-3.62281,-0.563066,1.33169,0
1,17,26,3.75569,3.67914,2.08517,-0.805878,3.67914,0
3,17,91,-2.11867,-1.81997,-6.29331,-2.45927,-1.81997,1
3,3,62,0.679055,1.16304,-3.86868,-0.735614,1.16304,1
2,3,96,-0.470563,-0.868415,-3.41916,-2.99602,-0.868415,0
3,14,52,-0.667164,0.420316,-3.16282,-0.404636,0.420316,1
2,19,67,-0.688502,0.466543,-4.33476,-0.933887,0.466543,1
3,3,7,2.52007,3.35863,2.92731,-0.805878,3.35863,1
3,19,78,-1.74084,-1.35545,-4.65291,-1.66623,-1.35545,1
2,16,38,1.97481,2.45021,0.671689,-0.230343,2.45021,1
4,3,49,-0.446865,0.213932,-2.3856,-0.416188,-2.3856,1
4,11,70,-4.03562,-3.87585,-4.23657,-1.06699,-1.06699,3
4,14,50,-2.7155,-2.7155,-2.70986,-0.510597,-0.510597,3
4,18,77,-4.23657,-4.23657,-4.67517,-1.58996,-1.58996,3
3,9,45,1.27508,0.459864,-0.989663,-0.351506,0.459864,0
4,4,69,0.25351,-0.491243,-4.38821,-0.937499,-0.738903,0
4,3,69,-2.8431,-1.59505,-4.38821,-0.937499,-4.38821,3
4,1,69,0.945054,-1.25909,-4.38821,-0.937499,-0.983441,0
4,19,35,-1.73068,-1.73068,1.44812,-0.805878,-0.805878,2
3,19,59,-0.0929865,-0.311899,-3.59803,-0.651593,-0.311899,0
2,2,60,1.71678,2.27015,-3.62281,-0.563066,2.27015,1
3,20,84,-1.52091,-1.67397,-5.35927,-2.00544,-1.67397,0
4,10,10,-0.318694,2.79605,2.9161,-0.805878,2.9161,2
1,11,17,4.16607,5.57065,2.67763,-0.805878,5.57065,1
2,10,35,2.97207,3.03558,1.44812,-0.805878,2.97207,1
4,8,72,-4.11009,-3.62281,-4.69937,-1.21867,-1.21867,3
2,3,58,2.33329,2.26955,-3.5329,-0.497556,2.26955,0
3,12,50,0.861494,0.327187,-2.70986,-0.510597,0.861494,0
4,6,70,-0.645677,0.222388,-4.23657,-1.06699,-1.06699,1
2,1,59,2.50293,2.57971,-3.59803,-0.651593,2.57971,1
4,20,21,-0.867753,-0.867753,2.59473,-0.805878,2.59473,2
3,16,24,2.24634,3.13331,2.20454,-0.805878,3.13331,1
2,4,62,2.10469,2.36142,-3.86868,-0.735614,2.36142,1
1,14,66,0.557275,1.01753,-4.06104,-0.806488,1.01753,1
2,8,64,1.24503,1.17763,-3.84075,-0.813937,1.17763,0
2,6,64,1.49533,2.06049,-3.84075,-0.813937,2.06049,1
3,16,74,-1.06149,-0.96217,-4.86797,-1.45906,-0.96217,1
4,17,34,-1.65275,2.9707,1.42834,-0.805878,1.42834,1
3,18,57,-0.987506,0.614799,-3.55909,-0.534181,0.614799,1
2,11,69,0.526303,1.67566,-4.38821,-0.937499,1.67566,1
2,18,20,2.61169,3.17285,2.55099,-0.805878,3.17285,1
3,5,63,-0.666307,1.65771,-4.03562,-0.692524,1.65771,1
2,13,71,0.176862,0.739235,-4.4203,-1.13959,0.739235,1
4,8,35,-1.73068,-1.73068,1.44812,-0.805878,1.44812,2
3,9,67,-0.768485,-1.173,-4.33476,-0.933887,-1.173,0
3,17,38,1.23124,2.88416,0.671689,-0.230343,1.23124,1
3,3,61,0.823032,0.729143,-3.77303,-0.607646,0.729143,0
2,3,99,-1.20133,-1.19391,-3.41916,-3.35117,-1.19391,1
3,14,55,-0.133519,-0.141135,-3.26052,-0.458097,-0.141135,0
2,19,64,-0.312035,0.564378,-3.84075,-0.813937,0.564378,1
2,16,37,1.64676,2.24123,0.962271,-0.077702,2.24123,1
4,3,54,-1.942,-0.611736,-3.28628,-0.56961,-0.576626,3
4,11,69,-3.86868,-3.74879,-4.38821,-0.937499,-0.937499,3
3,20,97,-2.40236,-2.67374,-3.41916,-2.81209,-2.67374,0
4,18,76,-4.38821,-4.38821,-4.75214,-1.45125,-1.45125,3
3,9,34,2.23533,2.20827,1.42834,-0.805878,2.20827,0
4,4,68,0.349729,-0.461407,-4.27007,-1.01066,-1.01066,0
4,3,68,-2.75805,-1.52749,-4.27007,-1.01066,-1.09636,3
4,1,68,0.967107,-1.1898,-4.27007,-1.01066,-1.1898,0
4,19,32,-1.51638,-1.51638,1.7249,-0.805878,1.7249,2
3,19,56,-0.681747,-0.58266,-3.43957,-0.474568,-0.58266,3
2,2,59,1.75704,2.2618,-3.59803,-0.651593,2.2618,1
2,1,58,2.68381,2.84063,-3.5329,-0.497556,2.84063,1
4,20,20,-0.805878,-0.805878,2.55099,-0.805878,2.55099,2
2,8,15,4.47088,5.13551,2.8676,-0.805878,5.13551,1
1,3,11,4.60439,4.00229,2.80572,-0.805878,4.00229,0
2,5,43,2.221,2.9773,-0.351569,-0.382527,2.9773,1
4,20,88,-4.70389,-4.70389,-5.55605,-2.24038,-2.24038,3
2,17,77,-0.310452,-0.857036,-4.67517,-1.58996,-0.857036,0
3,16,73,-1.00517,-0.72721,-4.58061,-1.30758,-0.72721,1
4,19,46,-2.41163,-2.41163,-1.27338,-0.395639,-0.395639,3
3,19,46,-0.290956,1.84461,-1.27338,-0.395639,1.84461,1
3,17,96,-2.72573,-2.03659,-3.41916,-2.99602,-2.03659,1
4,17,37,-1.84662,2.37311,0.962271,-0.077702,-0.077702,1
3,18,62,-0.540322,0.226701,-3.86868,-0.735614,0.226701,1
2,11,68,0.503283,1.95276,-4.27007,-1.01066,1.95276,1
4,8,34,-1.65275,-1.65275,1.42834,-0.805878,1.42834,2
2,13,70,0.124627,0.51826,-4.23657,-1.06699,0.51826,1
2,18,21,2.77014,3.46582,2.59473,-0.805878,3.46582,1
1,10,65,1.69863,2.06799,-4.11009,-0.783219,2.06799,1
1,1,1,6.73672,6.59784,3,-0.805878,6.73672,0
3,5,62,-0.831731,1.60501,-3.86868,-0.735614,1.60501,1
2,14,71,0.446181,1.38451,-4.4203,-1.13959,1.38451,1
3,12,44,1.08098,1.64964,-0.646582,-0.45329,1.64964,1
4,6,92,-5.14185,-5.14185,-6.43894,-2.39982,-2.39982,3
2,3,60,2.28421,2.24934,-3.62281,-0.563066,2.28421,0
3,9,66,-0.167728,-0.54163,-4.06104,-0.806488,-0.54163,0
3,14,58,-0.352668,0.119522,-3.5329,-0.497556,0.119522,1
2,19,69,-0.859979,0.269475,-4.38821,-0.937499,0.269475,1
4,7,53,0.0520481,0.300317,-3.24637,-0.595251,-3.24637,1
3,15,72,-1.05413,-1.21979,-4.69937,-1.21867,-1.21979,0
2,16,36,1.81836,2.73641,1.45696,0.264588,2.73641,1
4,3,55,-2.03159,-0.785235,-3.26052,-0.458097,-0.458097,3
4,11,68,-3.77303,-3.6892,-4.27007,-1.01066,-1.01066,3
4,14,48,-2.52467,-2.52467,-2.02538,-0.386848,-0.386848,3
4,18,75,-4.27007,-4.27007,-4.90201,-1.41384,-1.41384,3
4,3,67,-2.72165,-1.37311,-4.33476,-0.933887,-0.933887,3
3,1,24,3.80045,3.54442,2.20454,-0.805878,3.54442,0
3,7,44,0.810278,1.32675,-0.646582,-0.45329,1.32675,1
4,11,82,-4.90201,-4.41767,-5.04662,-1.89873,-1.89873,3
4,2,67,-0.265131,-0.439012,-4.33476,-0.933887,-0.751478,0
2,4,64,1.95825,2.16255,-3.84075,-0.813937,2.16255,1
4,1,67,1.00689,-1.08335,-4.33476,-0.933887,-1.08335,0
3,16,26,2.20488,3.06828,2.08517,-0.805878,3.06828,1
2,4,60,2.03496,2.39687,-3.62281,-0.563066,2.39687,1
3,16,72,-1.01997,-0.836508,-4.69937,-1.21867,-0.836508,1
4,17,36,-1.77946,2.96557,1.45696,0.264588,0.264588,1
3,18,63,-0.509329,0.605591,-4.03562,-0.692524,0.605591,1
2,11,67,0.511815,1.73521,-4.33476,-0.933887,1.73521,1
2,13,69,-0.17138,0.449418,-4.38821,-0.937499,0.449418,1
1,10,78,0.877258,1.39443,-4.65291,-1.66623,0.877258,1
1,1,2,6.25987,6.14666,2.95846,-0.805878,6.14666,0
1,9,66,2.09631,2.73406,-4.06104,-0.806488,2.73406,1
2,18,22,3.02953,3.31708,2.39276,-0.805878,3.31708,1
3,5,61,-1.23016,1.55919,-3.77303,-0.607646,1.55919,1
2,14,70,-0.229754,-0.0223706,-4.23657,-1.06699,-0.0223706,1
4,1,26,2.95477,2.48343,2.08517,-0.805878,2.01359,0
4,8,45,-2.61941,-1.4325,-0.989663,-0.351506,-0.351506,3
3,1,43,3.05635,2.01446,-0.351569,-0.382527,2.01446,0
3,7,63,-1.27254,0.826651,-4.03562,-0.692524,0.826651,1
3,17,36,1.56331,2.55413,1.45696,0.264588,2.55413,1
3,3,59,0.804997,0.540057,-3.59803,-0.651593,0.540057,0
2,3,97,-0.582463,-0.955827,-3.41916,-2.81209,-0.955827,0
3,14,53,-0.238551,0.0155978,-3.24637,-0.595251,0.0155978,1
2,19,66,-0.631974,0.488882,-4.06104,-0.806488,0.488882,1
4,7,36,-1.77946,2.56638,1.45696,0.264588,1.45696,1
3,15,71,-1.48987,-1.31617,-4.4203,-1.13959,-1.31617,3
2,16,59,-0.0378556,0.446582,-3.59803,-0.651593,0.446582,1
4,3,12,-0.334365,6.36874,2.93608,-0.805878,2.93608,1
4,11,67,-3.62281,-3.55967,-4.33476,-0.933887,-0.933887,3
4,14,51,-2.78547,2.11886,-3.03783,-0.448822,-0.448822,1
4,18,74,-4.33476,-4.33476,-4.86797,-1.45906,-1.45906,3
4,3,66,-2.63973,-1.33772,-4.06104,-0.806488,-0.806488,3
2,4,65,1.60681,2.07262,-4.11009,-0.783219,2.07262,1
4,1,66,1.06006,-1.1021,-4.06104,-0.806488,-1.04772,0
4,19,62,-3.26052,-3.58923,-3.86868,-0.735614,-0.735614,3
3,19,62,-0.686377,-0.628728,-3.86868,-0.735614,-0.628728,1
2,2,57,1.75057,2.30952,-3.55909,-0.534181,2.30952,1
4,4,98,-6.29331,-6.29331,-3.41916,-3.12829,-3.12829,3
3,9,68,-0.810093,-0.761801,-4.27007,-1.01066,-0.761801,1
4,20,26,-1.12974,-1.12974,2.08517,-0.805878,2.08517,2
1,5,66,2.20199,1.97567,-4.06104,-0.806488,1.97567,0
1,16,42,2.26411,2.17917,-0.0637023,-0.353411,2.17917,0
3,20,88,-2.03869,-2.13336,-5.55605,-2.24038,-2.13336,0
3,16,71,-0.911171,-0.866606,-4.4203,-1.13959,-0.866606,1
4,17,39,-1.93459,-1.54802,0.982003,-0.317489,-0.317489,2
3,18,60,-0.510091,0.417391,-3.62281,-0.563066,0.417391,1
2,11,66,0.482397,1.95271,-4.06104,-0.806488,1.95271,1
2,13,68,-0.0081477,0.589209,-4.27007,-1.01066,0.589209,1
1,10,79,0.74616,1.24331,-4.30456,-1.7295,1.24331,1
1,1,3,5.73291,5.49577,3,-0.805878,5.49577,0
1,9,67,1.89963,2.66065,-4.33476,-0.933887,2.66065,1
2,18,23,3.02745,3.28255,2.09672,-0.805878,3.28255,1
3,5,60,-0.946924,1.73838,-3.62281,-0.563066,1.73838,1
4,1,27,2.90967,2.58554,1.79261,-0.805878,-0.4835,0
4,8,44,-2.26409,0.0988231,-0.646582,-0.45329,-0.646582,1
3,1,42,3.05206,1.96733,-0.0637023,-0.353411,3.05206,0
3,7,62,-3.01835,0.340075,-3.86868,-0.735614,0.340075,1
3,12,46,1.27395,0.873941,-1.27338,-0.395639,0.873941,0
4,6,66,-0.453323,0.38726,-4.06104,-0.806488,-0.806488,1
2,3,62,2.15173,2.10313,-3.86868,-0.735614,2.10313,0
3,9,64,-0.94828,-0.29405,-3.84075,-0.813937,-0.29405,1
3,17,39,0.869924,0.942754,0.982003,-0.317489,0.942754,2
3,3,58,1.86948,1.36031,-3.5329,-0.497556,1.36031,0
1,5,78,1.60663,1.49504,-4.65291,-1.66623,1.60663,0
1,16,46,2.90419,2.46144,-1.27338,-0.395639,2.46144,0
1,6,12,4.59182,4.92858,2.93608,-0.805878,4.92858,1
3,14,56,-0.71099,-0.0929906,-3.43957,-0.474568,-0.0929906,1
2,19,71,-0.788685,-0.95203,-4.4203,-1.13959,-0.95203,0
3,14,91,-2.11384,-1.84108,-6.29331,-2.45927,-1.84108,1
2,19,36,2.4972,2.30807,1.45696,0.264588,2.30807,0
3,11,66,-0.875345,0.496691,-4.06104,-0.806488,0.496691,1
2,16,68,-0.167417,-0.101173,-4.27007,-1.01066,-0.101173,1
3,13,68,-0.135276,0.081874,-4.27007,-1.01066,0.081874,1
4,7,39,-1.93459,-0.669202,0.982003,-0.317489,0.982003,2
3,15,70,-0.701185,-1.28071,-4.23657,-1.06699,-1.28071,0
4,16,71,-3.84075,-3.84075,-4.4203,-1.13959,-1.13959,3
2,16,58,0.225659,0.337711,-3.5329,-0.497556,0.337711,1
4,3,13,-0.496319,0.874513,2.91513,-0.805878,2.91513,2
4,11,66,-3.59803,-3.48011,-4.06104,-0.806488,-0.806488,3
4,14,54,-2.99027,1.98059,-3.28628,-0.56961,-0.56961,1
3,20,26,2.04479,2.42367,2.08517,-0.805878,2.42367,1
4,18,73,-4.06104,-4.06104,-4.58061,-1.30758,-1.30758,3
4,3,65,-2.59052,-1.30731,-4.11009,-0.783219,-4.11009,3
2,4,70,1.54253,1.86549,-4.23657,-1.06699,1.86549,1
4,1,65,1.13092,-1.00345,-4.11009,-0.783219,-0.893336,0
4,19,63,-3.43957,-3.69222,-4.03562,-0.692524,-0.692524,3
3,19,63,-0.802764,-0.535108,-4.03562,-0.692524,-0.535108,1
2,2,56,1.86501,2.4203,-3.43957,-0.474568,2.4203,1
2,1,55,2.5607,2.55655,-3.26052,-0.458097,2.55655,0
4,4,97,-6.05291,-6.05291,-3.41916,-2.81209,-2.81209,3
3,9,65,-0.850396,-1.13248,-4.11009,-0.783219,-1.13248,3
3,12,49,1.11062,0.337796,-2.3856,-0.416188,0.337796,0
4,6,65,-0.321239,0.516741,-4.11009,-0.783219,-0.783219,1
2,3,57,2.4252,2.09593,-3.55909,-0.534181,2.09593,0
4,20,25,-1.10732,-1.10732,2.04479,-0.805878,2.04479,2
3,20,89,-1.82714,-2.51813,-5.75042,-2.39784,-2.51813,0
1,14,52,1.77977,2.10609,-3.16282,-0.404636,1.77977,1
2,6,46,2.13943,2.78471,-1.27338,-0.395639,2.78471,1
2,8,62,1.42632,1.288,-3.86868,-0.735614,1.288,0
3,4,63,0.919998,0.547731,-4.03562,-0.692524,0.547731,0
2,3,23,4.33281,4.25519,2.09672,-0.805878,4.25519,0
2,9,63,1.65393,1.3211,-4.03562,-0.692524,1.3211,0
3,16,70,-0.814225,-0.632305,-4.23657,-1.06699,-0.632305,1
4,17,38,-1.89425,1.91716,0.671689,-0.230343,0.671689,1
3,18,61,-0.611666,0.256172,-3.77303,-0.607646,0.256172,1
2,11,65,0.659665,1.79586,-4.11009,-0.783219,1.79586,1
2,13,67,0.077335,0.701856,-4.33476,-0.933887,0.701856,1
1,10,68,1.63117,1.97499,-4.27007,-1.01066,1.97499,1
1,1,28,4.07007,4.04214,1.70711,-0.805878,4.04214,0
2,18,24,3.16668,2.72701,2.20454,-0.805878,2.72701,0
3,5,59,-0.900113,1.0966,-3.59803,-0.651593,1.0966,1
4,8,63,-1.28217,-0.332039,-4.03562,-0.692524,-0.692524,1
3,7,91,-1.96598,-2.43833,-6.29331,-2.45927,-2.43833,0
3,1,55,1.97457,1.41333,-3.26052,-0.458097,1.41333,0
3,1,41,3.16641,2.23865,0.201755,-0.28101,2.23865,0
3,7,61,-1.35674,1.32261,-3.77303,-0.607646,1.32261,1
1,3,82,1.41168,1.86773,-5.04662,-1.89873,1.86773,1
4,17,94,-5.60239,-5.60239,-3.41916,-2.55553,-2.55553,3
2,11,57,0.901384,2.34484,-3.55909,-0.534181,2.34484,1
4,19,75,-4.27007,-4.27007,-4.90201,-1.41384,-1.41384,3
3,19,19,2.74094,2.7888,2.73033,-0.805878,2.7888,1
3,3,90,-0.910977,-1.29696,-6.05291,-2.36134,-1.29696,0
3,17,71,-1.81484,-1.35868,-4.4203,-1.13959,-1.35868,3
3,17,34,1.63642,2.73508,1.42834,-0.805878,2.73508,1
3,3,57,0.984,0.61403,-3.55909,-0.534181,0.61403,0
1,5,77,1.87727,1.58184,-4.67517,-1.58996,1.58184,0
1,16,41,2.52414,2.28476,0.201755,-0.28101,2.28476,0
1,6,13,4.8276,5.39366,2.91513,-0.805878,5.39366,1
3,14,59,-0.826188,0.0585213,-3.59803,-0.651593,0.0585213,1
2,19,68,-0.798787,0.278803,-4.27007,-1.01066,0.278803,1
3,14,88,-2.63034,-1.61117,-5.55605,-2.24038,-1.61117,1
2,19,39,2.44776,2.34076,0.982003,-0.317489,2.34076,0
3,11,67,-0.397882,0.272699,-4.33476,-0.933887,0.272699,1
2,16,69,0.12528,-0.139878,-4.38821,-0.937499,-0.139878,0
3,13,67,-1.76716,0.0691494,-4.33476,-0.933887,0.0691494,1
4,7,38,-1.89425,1.95427,0.671689,-0.230343,0.671689,1
3,15,69,-0.462806,-1.22381,-4.38821,-0.937499,-1.22381,0
4,16,70,-4.03562,-3.54344,-4.23657,-1.06699,-1.06699,3
2,16,57,0.378638,0.606455,-3.55909,-0.534181,0.606455,1
4,3,50,-0.513345,0.0233088,-2.70986,-0.510597,-0.403844,1
4,11,65,-3.5329,-3.45289,-4.11009,-0.783219,-0.783219,3
4,14,49,-2.61941,-2.61941,-2.3856,-0.416188,-2.3856,3
4,18,72,-4.11009,-4.11009,-4.69937,-1.21867,-1.21867,3
4,3,64,-2.53517,-1.29425,-3.84075,-0.813937,-1.29425,3
2,4,71,1.34685,1.54408,-4.4203,-1.13959,1.54408,1
4,1,64,1.10449,-0.99214,-3.84075,-0.813937,-0.956489,0
4,2,65,-0.204209,-0.336442,-4.11009,-0.783219,-0.336442,0
4,11,76,-4.38821,-3.99199,-4.75214,-1.45125,-1.45125,3
2,16,44,1.32603,1.55826,-0.646582,-0.45329,1.55826,1
4,3,63,-2.4213,-1.20107,-4.03562,-0.692524,-0.692524,3
4,1,63,1.02232,-0.887965,-4.03562,-0.692524,-0.887965,0
4,2,64,-0.206683,-0.286472,-3.84075,-0.813937,-0.550204,0
4,11,77,-4.23657,-4.02891,-4.67517,-1.58996,-1.58996,3
2,16,45,0.912363,2.57536,-0.989663,-0.351506,2.57536,1
4,3,62,-2.38894,-1.03484,-3.86868,-0.735614,-1.03484,3
2,16,42,1.39291,1.66232,-0.0637023,-0.353411,1.66232,1
4,3,61,-2.36048,-1.07685,-3.77303,-0.607646,-0.763974,3
4,2,66,-0.203696,-0.387708,-4.06104,-0.806488,-0.806488,0
4,11,83,-4.75214,-4.45058,-5.22327,-1.89942,-1.89942,3
2,16,43,1.50935,1.60909,-0.351569,-0.382527,1.60909,1
4,3,60,-2.24554,-1.00672,-3.62281,-0.563066,-0.563066,3
4,1,60,1.37392,-0.699377,-3.62281,-0.563066,-0.695588,0
4,2,69,-0.383495,-0.56537,-4.38821,-0.937499,-0.937499,0
4,11,72,-4.11009,-3.68218,-4.69937,-1.21867,-1.21867,3
2,16,32,2.23212,2.7382,1.7249,-0.805878,2.7382,1
4,3,59,-2.15943,-0.932031,-3.59803,-0.651593,-3.59803,3
4,2,68,-0.317431,-0.491512,-4.27007,-1.01066,-1.01066,0
4,11,73,-4.06104,-3.70394,-4.58061,-1.30758,-1.30758,3
2,16,33,2.52658,3.11531,1.60775,-0.805878,3.11531,1
4,3,58,-2.11393,-0.878269,-3.5329,-0.497556,-3.5329,3
4,2,71,1.9488,-1.56203,-4.4203,-1.13959,-1.13959,0
4,11,78,-4.4203,-4.099,-4.65291,-1.66623,-1.66623,3
2,16,46,0.656284,2.53813,-1.27338,-0.395639,2.53813,1
4,3,57,-2.15478,-0.877911,-3.55909,-0.534181,-3.55909,3
4,19,80,-4.58061,-4.58061,-4.82344,-1.66435,-1.66435,3
3,19,40,0.792774,0.444659,0.424054,-0.32524,0.444659,0
2,2,43,2.96459,2.77029,-0.351569,-0.382527,2.77029,0
3,9,44,1.21035,0.689896,-0.646582,-0.45329,0.689896,0
4,4,58,0.926744,0.200427,-3.5329,-0.497556,0.200427,0
4,7,43,-2.24665,-0.805648,-0.351569,-0.382527,-0.382527,2
3,15,74,-1.12874,-1.59658,-4.86797,-1.45906,-1.59658,0
1,11,71,0.93027,1.71842,-4.4203,-1.13959,1.71842,1
4,10,64,-3.43957,-2.49612,-3.84075,-0.813937,-0.813937,3
1,20,89,-1.00521,-0.15296,-5.75042,-2.39784,-0.15296,1
4,14,31,-1.46886,-1.46886,1.72456,-0.805878,1.72456,2
4,6,60,0.181794,1.02269,-3.62281,-0.563066,1.02269,1
2,2,44,2.92939,2.71948,-0.646582,-0.45329,2.71948,0
3,20,75,-0.938677,-1.09551,-4.90201,-1.41384,-1.09551,0
3,9,47,0.916196,0.847156,-1.66582,-0.377744,0.847156,0
4,4,59,0.874085,-0.112405,-3.59803,-0.651593,-0.651593,0
4,7,42,-2.16262,-0.870679,-0.0637023,-0.353411,-0.0637023,2
3,15,73,-1.36208,-1.23448,-4.58061,-1.30758,-1.23448,1
1,11,70,1.41071,1.6721,-4.23657,-1.06699,1.6721,1
4,10,65,-3.55909,-2.45464,-4.11009,-0.783219,-0.783219,3
1,20,94,-1.19469,-0.517568,-3.41916,-2.55553,-0.517568,1
4,14,30,-1.41916,-1.41916,1.53923,-0.805878,1.53923,2
4,6,61,0.0512279,0.930377,-3.77303,-0.607646,-0.607646,1
4,19,82,-4.90201,-4.90201,-5.04662,-1.89873,-1.89873,3
3,3,99,-1.46785,-2.1684,-3.41916,-3.35117,-2.1684,0
3,19,42,-0.32201,0.492821,-0.0637023,-0.353411,0.492821,1
2,2,45,3.08647,3.39057,-0.989663,-0.351506,3.39057,1
2,6,42,2.60226,3.24005,-0.0637023,-0.353411,3.24005,1
2,8,58,1.59431,0.513504,-3.5329,-0.497556,0.513504,0
1,14,56,1.6033,1.72101,-3.43957,-0.474568,1.72101,1
3,9,42,1.32219,0.729038,-0.0637023,-0.353411,0.729038,0
4,4,60,0.799993,-0.12369,-3.62281,-0.563066,-0.563066,0
1,11,25,3.79273,2.5656,2.04479,-0.805878,2.5656,0
2,10,43,1.88367,3.48927,-0.351569,-0.382527,3.48927,1
4,8,64,-1.42861,-0.352615,-3.84075,-0.813937,-0.813937,1
1,11,89,1.1733,0.175075,-5.75042,-2.39784,0.175075,0
1,8,61,2.82093,2.1449,-3.77303,-0.607646,2.1449,0
4,10,66,-3.5329,-2.52743,-4.06104,-0.806488,-0.806488,3
1,20,95,-1.22049,-0.455258,-3.41916,-2.85377,-0.455258,1
4,14,25,-1.10732,0.25941,2.04479,-0.805878,2.04479,2
4,6,62,-0.217791,0.885532,-3.86868,-0.735614,-0.735614,1
2,2,46,3.05177,3.35218,-1.27338,-0.395639,3.35218,1
3,20,77,-1.02696,-1.17561,-4.67517,-1.58996,-1.17561,0
2,6,45,2.29159,2.78974,-0.989663,-0.351506,2.78974,1
2,8,59,1.53562,1.69509,-3.59803,-0.651593,1.69509,1
1,14,55,1.62325,1.79498,-3.26052,-0.458097,1.79498,1
3,9,21,3.06887,3.51693,2.59473,-0.805878,3.51693,1
4,4,61,0.77314,-0.113737,-3.77303,-0.607646,-0.607646,0
1,11,24,3.56307,2.99849,2.20454,-0.805878,2.99849,0
2,10,84,-0.109164,0.0998918,-5.35927,-2.00544,0.0998918,1
4,8,65,-1.5211,-0.588783,-4.11009,-0.783219,-0.588783,1
4,7,40,-2.00091,-0.745982,0.424054,-0.32524,0.424054,2
3,15,75,-1.19583,-1.41238,-4.90201,-1.41384,-1.41238,0
1,11,88,1.17911,0.0816317,-5.55605,-2.24038,0.0816317,0
1,8,60,2.51908,1.67243,-3.62281,-0.563066,1.67243,0
4,10,67,-3.59803,-2.57118,-4.33476,-0.933887,-0.933887,3
1,20,92,-1.12907,-0.304906,-6.43894,-2.39982,-0.304906,1
4,14,24,-1.02966,0.374155,2.20454,-0.805878,2.20454,2
4,6,63,-0.248237,0.781149,-4.03562,-0.692524,-0.692524,1
4,19,39,-1.93459,-1.8441,0.982003,-0.317489,-0.317489,2
3,19,55,-0.227278,-0.0712986,-3.26052,-0.458097,-0.0712986,1
2,2,48,3.00623,3.38521,-2.02538,-0.386848,3.38521,1
3,9,43,1.251,0.722022,-0.351569,-0.382527,0.722022,0
4,4,63,0.632422,-0.169683,-4.03562,-0.692524,-4.03562,0
1,11,26,4.17428,3.11312,2.08517,-0.805878,3.11312,0
2,10,42,2.19578,3.69618,-0.0637023,-0.353411,3.69618,1
4,8,67,-1.43337,-0.635339,-4.33476,-0.933887,-0.933887,1
1,11,90,1.22916,0.213505,-6.05291,-2.36134,0.213505,0
1,8,62,2.44188,1.68709,-3.86868,-0.735614,1.68709,0
4,10,69,-3.77303,-2.8011,-4.38821,-0.937499,-0.937499,3
4,19,41,-2.08792,-1.97495,0.201755,-0.28101,-0.28101,2
3,19,49,-0.338325,1.16781,-2.3856,-0.416188,1.16781,1
2,2,50,2.81355,3.16385,-2.70986,-0.510597,3.16385,1
3,9,33,2.53644,2.22059,1.60775,-0.805878,2.22059,0
4,4,65,0.571545,-0.275089,-4.11009,-0.783219,-0.783219,0
2,10,80,0.199108,0.423652,-4.82344,-1.66435,0.199108,1
4,8,69,-1.63301,-0.772008,-4.38821,-0.937499,-0.937499,1
1,11,92,1.13483,0.0632587,-6.43894,-2.39982,0.0632587,0
4,16,58,-3.03783,-2.77728,-3.5329,-0.497556,-0.497556,3
1,8,56,2.95465,2.01313,-3.43957,-0.474568,2.95465,0
4,10,71,-3.84075,-3.65563,-4.4203,-1.13959,-1.13959,3
2,3,63,2.15737,2.06845,-4.03562,-0.692524,2.06845,0
3,12,47,1.23894,0.705892,-1.66582,-0.377744,0.705892,0
4,6,67,-0.442506,0.384619,-4.33476,-0.933887,-4.33476,1
2,12,32,2.22766,3.58936,1.7249,-0.805878,3.58936,1
1,1,52,2.93537,3.20904,-3.16282,-0.404636,3.20904,1
1,10,60,1.78922,2.32415,-3.62281,-0.563066,2.32415,1
3,9,39,1.90351,1.61089,0.982003,-0.317489,1.61089,0
4,4,67,0.352636,-0.376476,-4.33476,-0.933887,-0.933887,0
2,2,55,1.85745,2.38425,-3.26052,-0.458097,2.38425,1
2,1,54,2.56158,2.7138,-3.28628,-0.56961,2.7138,1
3,12,48,1.11967,0.613745,-2.02538,-0.386848,0.613745,0
4,6,64,-0.477542,0.694124,-3.84075,-0.813937,0.694124,1
2,3,56,2.38961,2.19737,-3.43957,-0.474568,2.19737,0
4,20,24,-1.02966,-1.02966,2.20454,-0.805878,2.20454,2
3,16,31,1.80295,2.54263,1.72456,-0.805878,2.54263,1
2,4,57,2.01878,2.52722,-3.55909,-0.534181,2.52722,1
3,20,94,-2.18305,-2.48767,-3.41916,-2.55553,-2.48767,0
1,14,53,1.70243,1.90887,-3.24637,-0.595251,1.90887,1
2,6,47,1.74044,2.70736,-1.66582,-0.377744,2.70736,1
2,8,61,1.39269,1.47399,-3.77303,-0.607646,1.47399,1
3,4,62,1.02739,0.718456,-3.86868,-0.735614,0.718456,0
2,3,20,3.94565,3.68726,2.55099,-0.805878,3.68726,0
2,9,62,1.53921,1.08972,-3.86868,-0.735614,1.08972,0
4,17,41,-2.08792,-1.65926,0.201755,-0.28101,-0.28101,2
3,18,50,-0.446492,0.855591,-2.70986,-0.510597,0.855591,1
2,11,64,0.592449,1.77634,-3.84075,-0.813937,1.77634,1
2,7,60,1.46194,1.99625,-3.62281,-0.563066,1.99625,1
2,12,65,0.233261,0.661304,-4.11009,-0.783219,0.661304,1
2,13,66,0.114098,0.533522,-4.06104,-0.806488,0.533522,1
1,10,69,1.51956,1.90052,-4.38821,-0.937499,1.90052,1
1,1,29,4.08783,3.78349,1.67657,-0.805878,3.78349,0
2,18,25,3.28842,3.04593,2.04479,-0.805878,3.04593,0
3,5,58,-0.454023,1.16265,-3.5329,-0.497556,1.16265,1
4,8,62,-1.23443,-0.123023,-3.86868,-0.735614,-0.735614,1
3,7,90,-2.79398,-2.05578,-6.05291,-2.36134,-2.05578,1
3,1,54,2.19477,1.56401,-3.28628,-0.56961,1.56401,0
1,3,85,1.26685,1.74978,-5.14185,-2.10808,1.74978,1
4,17,95,-5.55605,-5.55605,-3.41916,-2.85377,-2.85377,3
2,11,58,0.915588,2.2931,-3.5329,-0.497556,2.2931,1
3,3,93,-1.10536,-1.5094,-3.41916,-2.51688,-1.5094,0
4,19,72,-4.11009,-4.11009,-4.69937,-1.21867,-1.21867,3
3,17,70,-1.28165,-0.354703,-4.23657,-1.06699,-0.354703,1
3,1,40,3.40789,2.87856,0.424054,-0.32524,2.87856,0
3,7,60,-0.851233,0.966262,-3.62281,-0.563066,0.966262,1
4,19,84,-4.67517,-4.67517,-5.35927,-2.00544,-2.00544,3
3,19,36,1.59337,1.54446,1.45696,0.264588,1.54446,0
3,3,97,-1.34536,-1.85981,-3.41916,-2.81209,-1.85981,0
3,10,63,-0.354131,0.133526,-4.03562,-0.692524,0.133526,1
4,18,71,-3.84075,-3.84075,-4.4203,-1.13959,-1.13959,3
1,5,72,1.82267,1.79713,-4.69937,-1.21867,1.79713,0
1,16,44,2.39913,2.01479,-0.646582,-0.45329,2.01479,0
1,6,14,4.74664,4.99732,2.79075,-0.805878,4.99732,1
3,14,62,-0.331517,-0.30068,-3.86868,-0.735614,-0.30068,1
2,19,73,-0.688701,-0.980358,-4.58061,-1.30758,-0.980358,0
1,11,81,0.0322629,0.678675,-4.70389,-1.77463,0.678675,1
4,16,61,-3.28628,-2.9357,-3.77303,-0.607646,-0.607646,3
1,8,53,3.36049,2.68979,-3.24637,-0.595251,2.68979,0
4,10,74,-4.33476,-3.91178,-4.86797,-1.45906,-1.45906,3
4,7,33,-1.57416,2.17956,1.60775,-0.805878,1.60775,1
3,15,68,-0.453095,-0.979736,-4.27007,-1.01066,-0.979736,0
2,16,56,0.54459,0.523764,-3.43957,-0.474568,0.523764,0
4,3,51,-1.78415,-0.695175,-3.03783,-0.448822,-3.03783,3
4,11,64,-3.55909,-3.44489,-3.84075,-0.813937,-0.813937,3
3,16,69,-0.737738,-0.370556,-4.38821,-0.937499,-0.370556,1
4,2,70,-0.449487,-0.587307,-4.23657,-1.06699,-0.587307,0
4,11,79,-4.69937,-4.11722,-4.30456,-1.7295,-1.7295,3
2,16,47,0.598054,2.39873,-1.66582,-0.377744,2.39873,1
4,3,56,-2.08998,-0.910334,-3.43957,-0.474568,-0.474568,3
4,16,69,-3.86868,-3.48085,-4.38821,-0.937499,-0.937499,3
2,10,86,-0.255936,1.16921,-5.61978,-2.01828,1.16921,1
4,8,71,-3.84075,-3.59803,-4.4203,-1.13959,-4.4203,3
2,3,37,3.65352,2.73971,0.962271,-0.077702,2.73971,0
3,12,53,-1.06026,-0.338797,-3.24637,-0.595251,-0.338797,1
4,6,69,-0.598475,0.265157,-4.38821,-0.937499,-4.38821,1
3,9,40,1.56861,1.40715,0.424054,-0.32524,1.40715,0
4,4,62,0.602302,-0.069658,-3.86868,-0.735614,-3.86868,0
1,11,27,4.15981,3.17593,1.79261,-0.805878,3.17593,0
2,10,41,2.27407,3.80471,0.201755,-0.28101,3.80471,1
4,8,66,-1.53102,-0.536596,-4.06104,-0.806488,-0.806488,1
1,11,91,1.13455,0.129168,-6.29331,-2.45927,1.13455,0
1,8,63,2.48325,1.71879,-4.03562,-0.692524,1.71879,0
4,16,59,-3.16282,-2.79984,-3.59803,-0.651593,-0.651593,3
4,10,68,-3.62281,-2.76574,-4.27007,-1.01066,-1.01066,3
4,19,38,-1.89425,-1.89425,0.671689,-0.230343,-0.230343,2
3,19,54,-0.695579,-0.198687,-3.28628,-0.56961,-0.198687,1
2,2,49,2.92971,3.28707,-2.3856,-0.416188,3.28707,1
3,9,38,2.03771,2.12224,0.671689,-0.230343,2.12224,1
4,4,64,0.513243,-0.277616,-3.84075,-0.813937,-0.813937,0
2,10,87,-0.238817,1.05758,-5.60239,-2.09737,-0.238817,1
4,8,68,-1.64542,-0.688707,-4.27007,-1.01066,-1.01066,1
2,2,47,3.02518,3.38354,-1.66582,-0.377744,3.38354,1
2,1,46,3.53198,2.64682,-1.27338,-0.395639,2.64682,0
1,3,83,1.34815,1.89535,-5.22327,-1.89942,1.89535,1
4,17,65,-3.5329,-1.7768,-4.11009,-0.783219,-0.783219,3
3,3,91,-1.67819,-1.34905,-6.29331,-2.45927,-1.34905,1
4,19,74,-4.33476,-4.33476,-4.86797,-1.45906,-1.45906,3
3,17,68,-0.586582,-0.241235,-4.27007,-1.01066,-0.241235,1
3,18,26,2.38464,2.03617,2.08517,-0.805878,2.03617,0
2,11,56,0.869476,2.55709,-3.43957,-0.474568,2.55709,1
1,5,60,2.42308,2.27308,-3.62281,-0.563066,2.27308,0
2,19,45,0.463647,2.13882,-0.989663,-0.351506,2.13882,1
3,14,98,-2.6732,-2.22869,-3.41916,-3.12829,-2.22869,1
1,1,43,3.3245,3.30565,-0.351569,-0.382527,3.30565,0
1,10,87,0.655978,-0.18519,-5.60239,-2.09737,-0.18519,0
3,8,73,-1.153,-0.816079,-4.58061,-1.30758,-0.816079,1
2,12,57,0.703206,1.22458,-3.55909,-0.534181,1.22458,1
1,17,24,3.47619,4.17093,2.20454,-0.805878,4.17093,1
3,17,93,-2.19521,-1.89611,-3.41916,-2.51688,-1.89611,1
3,3,48,2.35301,-0.397168,-2.02538,-0.386848,-0.397168,0
3,5,50,1.57775,1.59325,-2.70986,-0.510597,1.57775,1
4,13,26,-1.12974,-1.01557,2.08517,-0.805878,2.08517,2
4,16,24,-1.02966,-1.02966,2.20454,-0.805878,2.20454,2
4,10,59,-3.03783,-2.15448,-3.59803,-0.651593,-0.651593,3
2,14,59,0.431888,0.75157,-3.59803,-0.651593,0.75157,1
3,7,50,1.35802,1.01397,-2.70986,-0.510597,1.01397,0
3,1,46,3.28364,3.10734,-1.27338,-0.395639,3.10734,0
3,20,79,-1.20041,-1.61858,-4.30456,-1.7295,-1.61858,0
2,17,62,0.242371,0.167431,-3.86868,-0.735614,0.167431,0
2,7,35,2.84657,3.06685,1.44812,-0.805878,3.06685,1
2,12,98,-0.871771,-0.398508,-3.41916,-3.12829,-0.398508,1
3,10,55,-0.0568763,0.782939,-3.26052,-0.458097,0.782939,1
4,6,73,-4.06104,-3.87325,-4.58061,-1.30758,-2.59042,3
3,12,57,-0.57665,0.472935,-3.55909,-0.534181,0.472935,1
4,15,67,-3.62281,-0.762399,-4.33476,-0.933887,-0.933887,1
3,13,58,-0.609485,0.360987,-3.5329,-0.497556,0.360987,1
4,7,89,-5.04662,-5.04662,-5.75042,-2.39784,-2.39784,3
3,15,60,-0.0490326,-0.714857,-3.62281,-0.563066,-0.714857,0
2,16,48,0.456562,2.28718,-2.02538,-0.386848,2.28718,1
4,3,11,3.71764,6.17673,2.80572,-0.805878,2.80572,1
4,11,56,-3.03023,-2.98386,-3.43957,-0.474568,-0.474568,3
4,16,73,-4.06104,-4.06104,-4.58061,-1.30758,-1.30758,3
2,4,27,4.82047,4.25952,1.79261,-0.805878,4.82047,0
3,16,61,-0.420865,0.153485,-3.77303,-0.607646,0.153485,1
3,20,82,-1.94465,-1.80166,-5.04662,-1.89873,-1.80166,1
3,9,36,2.13924,2.17725,1.45696,0.264588,2.17725,1
4,4,66,0.333557,-0.39215,-4.06104,-0.806488,-4.06104,0
2,10,85,-0.0364074,0.178566,-5.14185,-2.10808,0.178566,1
4,8,70,-1.83044,-0.90675,-4.23657,-1.06699,-1.06699,1
2,9,14,3.69356,3.9133,2.79075,-0.805878,3.9133,1
2,3,36,3.7684,2.93338,1.45696,0.264588,2.93338,0
3,12,52,-1.062,0.131486,-3.16282,-0.404636,0.131486,1
4,6,68,-0.600307,0.348903,-4.27007,-1.01066,-4.27007,1
4,20,30,-1.41916,-1.41916,1.53923,-0.805878,1.53923,2
3,20,92,-2.07174,-2.35291,-6.43894,-2.39982,-2.35291,0
2,14,68,-0.0495346,0.176962,-4.27007,-1.01066,0.176962,1
1,3,89,0.647649,0.426732,-5.75042,-2.39784,0.426732,0
4,17,91,-5.35927,-5.35927,-6.29331,-2.45927,-2.45927,3
2,11,62,0.820155,1.96839,-3.86868,-0.735614,1.96839,1
2,13,64,0.401701,0.799098,-3.84075,-0.813937,0.799098,1
1,17,18,3.36089,4.55783,2.65786,-0.805878,4.55783,1
1,10,67,1.7686,2.09364,-4.33476,-0.933887,2.09364,1
1,1,31,4.0811,3.63135,1.72456,-0.805878,3.63135,0
2,18,27,3.16688,2.71962,1.79261,-0.805878,2.71962,0
3,5,56,-1.00361,1.36558,-3.43957,-0.474568,1.36558,1
2,14,65,0.152701,0.470049,-4.11009,-0.783219,0.470049,1
4,8,56,-0.826803,-0.00514177,-3.43957,-0.474568,-0.474568,1
3,7,88,-1.88308,-2.04365,-5.55605,-2.24038,-2.04365,0
3,1,52,2.37299,1.86675,-3.16282,-0.404636,1.86675,0
3,1,22,2.88367,2.68476,2.39276,-0.805878,2.68476,0
3,7,58,-0.414502,1.30811,-3.5329,-0.497556,1.30811,1
3,10,61,-0.769157,-0.000266809,-3.77303,-0.607646,-0.000266809,1
4,18,69,-3.86868,-1.11369,-4.38821,-0.937499,-0.937499,3
3,12,63,-0.843673,-1.05374,-4.03562,-0.692524,-1.05374,3
2,16,64,0.00865609,0.306357,-3.84075,-0.813937,0.306357,1
3,13,64,-0.464156,0.394587,-3.84075,-0.813937,0.394587,1
1,11,95,0.916961,-0.229233,-3.41916,-2.85377,-0.229233,0
4,16,63,-3.43957,-3.08903,-4.03562,-0.692524,-0.692524,3
1,8,59,2.7296,1.86796,-3.59803,-0.651593,1.86796,0
4,10,72,-4.11009,-3.72582,-4.69937,-1.21867,-1.21867,3
4,7,35,-1.73068,2.64338,1.44812,-0.805878,1.44812,1
3,15,66,-0.148262,-0.835185,-4.06104,-0.806488,-0.835185,0
2,16,62,-0.21314,0.449166,-3.86868,-0.735614,0.449166,1
4,3,9,-0.247152,-0.323307,2.89122,-0.805878,2.89122,2
4,11,62,-3.26052,-3.18845,-3.86868,-0.735614,-0.735614,3
3,16,67,-0.291313,-0.27422,-4.33476,-0.933887,-0.27422,1
2,1,50,2.79751,2.48021,-2.70986,-0.510597,2.48021,0
4,20,28,-1.27956,-1.27956,1.70711,-0.805878,1.70711,2
2,14,74,0.131837,1.1256,-4.86797,-1.45906,1.1256,1
1,3,87,0.888975,0.743352,-5.60239,-2.09737,0.743352,0
4,17,93,-5.61978,-5.61978,-3.41916,-2.51688,-2.51688,3
2,11,60,0.563631,2.38323,-3.62281,-0.563066,2.38323,1
1,5,56,2.74388,2.60863,-3.43957,-0.474568,2.60863,0
1,1,39,3.55252,3.45516,0.982003,-0.317489,3.45516,0
1,10,43,2.95049,3.61214,-0.351569,-0.382527,3.61214,1
2,12,61,0.669311,0.235252,-3.77303,-0.607646,0.235252,0
2,13,62,-0.441426,0.482571,-3.86868,-0.735614,0.482571,1
1,17,28,3.87547,3.69425,1.70711,-0.805878,3.69425,0
2,18,29,3.49011,3.43759,1.67657,-0.805878,3.43759,0
3,5,54,-1.34845,1.79167,-3.28628,-0.56961,1.79167,1
4,8,58,-0.994418,0.0593214,-3.5329,-0.497556,-3.5329,1
3,7,70,-1.00638,-0.220367,-4.23657,-1.06699,-0.220367,1
3,1,50,2.63463,2.92754,-2.70986,-0.510597,2.92754,1
1,3,81,1.32136,1.79225,-4.70389,-1.77463,1.79225,1
4,17,67,-3.62281,-2.09384,-4.33476,-0.933887,-0.933887,3
3,18,24,2.42737,2.96878,2.20454,-0.805878,2.42737,1
2,11,38,1.42458,3.21249,0.671689,-0.230343,3.21249,1
3,3,89,-0.612544,-1.20038,-5.75042,-2.39784,-1.20038,0
4,19,76,-4.38821,-4.38821,-4.75214,-1.45125,-1.45125,3
3,17,66,-0.891024,-0.070812,-4.06104,-0.806488,-0.070812,1
3,1,20,3.87928,3.2646,2.55099,-0.805878,3.2646,0
3,7,56,-0.922345,0.843435,-3.43957,-0.474568,0.843435,1
3,10,59,-2.04898,0.0448627,-3.59803,-0.651593,0.0448627,1
4,6,77,-4.23657,-4.20837,-4.67517,-1.58996,-1.58996,3
3,12,61,-1.78685,-1.53241,-3.77303,-0.607646,-1.53241,3
4,15,79,-4.69937,-4.2362,-4.30456,-1.7295,-1.7295,3
3,13,62,-0.181714,0.22429,-3.86868,-0.735614,0.22429,1
1,11,93,1.05639,-0.0223501,-3.41916,-2.51688,-0.0223501,0
4,16,57,-2.97891,-2.67874,-3.55909,-0.534181,-0.534181,3
1,8,57,2.78083,1.8053,-3.55909,-0.534181,1.8053,0
4,10,70,-3.86868,-2.99288,-4.23657,-1.06699,-1.06699,3
4,7,45,-2.61941,-0.593714,-0.989663,-0.351506,-0.989663,3
3,15,64,0.0345517,-1.02821,-3.84075,-0.813937,-1.02821,0
2,16,60,0.183221,0.456721,-3.62281,-0.563066,0.456721,1
4,3,15,1.65197,-0.479294,2.8676,-0.805878,2.8676,2
4,11,60,-3.24637,-3.16736,-3.62281,-0.563066,-0.563066,3
3,16,65,-1.06402,-0.326833,-4.11009,-0.783219,-0.326833,1
4,11,75,-4.27007,-3.86461,-4.90201,-1.41384,-1.41384,3
2,16,35,1.9382,2.64971,1.44812,-0.805878,2.64971,1
4,3,52,-1.8555,-0.474903,-3.16282,-0.404636,-3.16282,3
4,16,65,-3.5329,-3.16923,-4.11009,-0.783219,-0.783219,3
2,1,48,3.07446,2.60593,-2.02538,-0.386848,2.60593,0
2,14,72,0.210639,1.21909,-4.69937,-1.21867,1.21909,1
3,8,75,-0.814949,-1.01623,-4.90201,-1.41384,-1.01623,0
1,1,41,3.31063,3.36934,0.201755,-0.28101,3.36934,1
1,10,41,3.10504,3.73269,0.201755,-0.28101,3.73269,1
2,12,59,0.659199,0.651029,-3.59803,-0.651593,0.651029,0
2,13,60,0.612747,0.920838,-3.62281,-0.563066,0.920838,1
1,17,30,3.17851,3.24675,1.53923,-0.805878,3.24675,1
2,18,31,2.67268,2.96428,1.72456,-0.805878,2.96428,1
3,5,52,-0.0214534,1.6758,-3.16282,-0.404636,1.6758,1
4,8,36,-1.77946,-1.77946,1.45696,0.264588,1.45696,2
3,7,68,-1.19267,-0.122303,-4.27007,-1.01066,-0.122303,1
3,1,48,2.86364,2.9737,-2.02538,-0.386848,2.9737,1
3,10,57,-0.792187,0.111778,-3.55909,-0.534181,0.111778,1
4,6,79,-4.69937,-4.385,-4.30456,-1.7295,-4.30456,3
3,12,59,-1.16292,-1.13908,-3.59803,-0.651593,-1.13908,3
4,15,65,-3.5329,-0.963009,-4.11009,-0.783219,-0.783219,3
3,13,60,-0.316095,0.467466,-3.62281,-0.563066,0.467466,1
4,7,95,-5.55605,-5.55605,-3.41916,-2.85377,-2.85377,3
3,15,62,-0.211547,-0.759098,-3.86868,-0.735614,-0.759098,0
2,16,50,0.192459,2.10926,-2.70986,-0.510597,2.10926,1
4,3,5,0.151918,3.24788,2.97834,-0.805878,2.97834,1
4,11,58,-3.03783,-3.01706,-3.5329,-0.497556,-0.497556,3
2,4,25,4.91364,4.10687,2.04479,-0.805878,4.10687,0
3,16,63,-0.0871081,-0.00469676,-4.03562,-0.692524,-0.00469676,1
4,20,23,-0.967684,-0.967684,2.09672,-0.805878,2.09672,2
3,16,30,1.84562,2.56193,1.53923,-0.805878,2.56193,1
2,4,56,1.94959,2.47385,-3.43957,-0.474568,2.47385,1
3,20,95,-2.21515,-2.67195,-3.41916,-2.85377,-2.67195,0
2,6,44,2.45913,3.01095,-0.646582,-0.45329,3.01095,1
1,14,54,1.7329,1.86033,-3.28628,-0.56961,1.86033,1
2,8,60,1.15842,1.52423,-3.62281,-0.563066,1.15842,1
2,14,69,-0.124147,0.182421,-4.38821,-0.937499,0.182421,1
1,3,88,0.63723,0.625629,-5.55605,-2.24038,0.625629,0
4,17,88,-4.70389,-4.70389,-5.55605,-2.24038,-2.24038,3
2,11,63,0.241434,1.73591,-4.03562,-0.692524,0.241434,1
2,7,61,1.49988,2.02284,-3.77303,-0.607646,2.02284,1
2,12,64,0.35412,0.0424809,-3.84075,-0.813937,0.0424809,0
3,20,72,-1.28631,-1.18707,-4.69937,-1.21867,-1.18707,1
2,13,65,-0.0375673,0.21475,-4.11009,-0.783219,0.21475,1
1,17,19,3.95441,3.57268,2.73033,-0.805878,3.57268,0
3,17,80,-1.29376,-1.61745,-4.82344,-1.66435,-1.61745,0
3,3,55,0.56553,1.51825,-3.26052,-0.458097,1.51825,1
1,10,66,1.60691,1.9984,-4.06104,-0.806488,1.9984,1
1,1,30,4.1396,3.49679,1.53923,-0.805878,3.49679,0
2,18,26,3.72459,2.5335,2.08517,-0.805878,2.5335,0
3,5,57,-1.87606,1.08238,-3.55909,-0.534181,1.08238,1
4,8,57,-1.01123,0.067077,-3.55909,-0.534181,-3.55909,1
3,7,89,-1.87204,-2.30093,-5.75042,-2.39784,-2.30093,0
3,1,53,2.28669,1.12643,-3.24637,-0.595251,1.12643,0
1,3,80,1.40486,1.97645,-4.82344,-1.66435,1.97645,1
4,17,64,-3.55909,-1.83965,-3.84075,-0.813937,-0.813937,3
3,18,27,2.41867,2.76193,1.79261,-0.805878,2.76193,1
2,11,39,2.22419,2.44547,0.982003,-0.317489,2.44547,1
4,19,77,-4.23657,-4.23657,-4.67517,-1.58996,-1.58996,3
3,3,88,-0.494712,-1.073,-5.55605,-2.24038,-1.073,0
3,17,69,-0.972914,-0.294967,-4.38821,-0.937499,-0.294967,1
4,19,27,-1.19634,-1.19634,1.79261,-0.805878,1.79261,2
1,12,64,1.50779,1.33964,-3.84075,-0.813937,1.33964,0
4,15,80,-4.58061,-4.22464,-4.82344,-1.66435,-1.66435,3
3,1,23,3.43181,3.04837,2.09672,-0.805878,3.04837,0
3,7,59,-2.81784,-0.378854,-3.59803,-0.651593,-0.378854,1
3,10,62,-1.33405,-0.125401,-3.86868,-0.735614,-0.125401,1
4,18,70,-4.03562,-1.24053,-4.23657,-1.06699,-1.06699,3
1,5,79,1.62444,1.39506,-4.30456,-1.7295,1.39506,0
1,16,47,2.81248,2.2645,-1.66582,-0.377744,2.2645,0
1,6,15,5.13164,5.73121,2.8676,-0.805878,5.73121,1
3,14,57,-0.355646,-0.470211,-3.55909,-0.534181,-0.470211,0
2,19,70,-0.759781,0.33373,-4.23657,-1.06699,-0.759781,1
1,20,83,-0.137159,-0.853153,-5.22327,-1.89942,-0.853153,0
4,14,21,-0.867753,-0.867753,2.59473,-0.805878,2.59473,2
4,6,58,0.243121,1.1155,-3.5329,-0.497556,-3.5329,1
1,11,80,0.214673,0.996056,-4.82344,-1.66435,0.996056,1
4,16,62,-3.26052,-3.01035,-3.86868,-0.735614,-0.735614,3
1,8,52,3.16268,2.53056,-3.16282,-0.404636,2.53056,0
4,10,75,-4.27007,-3.96627,-4.90201,-1.41384,-1.41384,3
4,7,32,-1.51638,-0.868803,1.7249,-0.805878,1.7249,2
3,15,67,-0.943826,-0.947818,-4.33476,-0.933887,-0.947818,3
2,16,63,-0.127096,0.444399,-4.03562,-0.692524,0.444399,1
4,3,8,6.35534,3.383,2.93668,-0.805878,2.93668,0
4,11,63,-3.43957,-3.3324,-4.03562,-0.692524,-0.692524,3
3,16,68,-0.68013,-0.317986,-4.27007,-1.01066,-0.317986,1
3,9,46,0.95317,0.907877,-1.27338,-0.395639,0.907877,0
4,4,56,0.918639,0.431055,-3.43957,-0.474568,-3.43957,0
4,16,68,-3.77303,-3.43647,-4.27007,-1.01066,-1.01066,3
2,14,62,0.222911,0.577401,-3.86868,-0.735614,0.577401,1
4,10,62,-3.28628,-2.27758,-3.86868,-0.735614,-0.735614,3
2,11,44,1.39628,1.82033,-0.646582,-0.45329,1.82033,1
3,18,22,2.60676,3.31537,2.39276,-0.805878,3.31537,1
4,13,65,-3.5329,-3.40723,-4.11009,-0.783219,-0.783219,3
2,1,51,2.73049,3.02357,-3.03783,-0.448822,3.02357,1
4,20,29,-1.34672,-1.34672,1.67657,-0.805878,1.67657,2
3,20,93,-2.35562,-2.70066,-3.41916,-2.51688,-2.70066,0
1,3,86,0.98563,0.500448,-5.61978,-2.01828,0.500448,0
4,17,90,-5.22327,-5.22327,-6.05291,-2.36134,-2.36134,3
2,11,61,0.659926,2.06647,-3.77303,-0.607646,2.06647,1
3,20,70,-1.26109,-0.788946,-4.23657,-1.06699,-0.788946,1
2,13,63,-0.250452,0.798453,-4.03562,-0.692524,0.798453,1
1,17,29,3.36208,3.46137,1.67657,-0.805878,3.46137,1
2,18,28,3.31669,3.3532,1.70711,-0.805878,3.3532,1
3,5,55,-0.852949,1.84709,-3.26052,-0.458097,1.84709,1
2,14,64,0.0685051,0.0282931,-3.84075,-0.813937,0.0282931,0
4,8,59,-1.21503,0.0248656,-3.59803,-0.651593,0.0248656,1
3,7,71,-0.214877,1.32426,-4.4203,-1.13959,1.32426,1
3,1,51,2.05628,1.48812,-3.03783,-0.448822,1.48812,0
3,18,25,2.48928,1.76005,2.04479,-0.805878,1.76005,0
2,11,37,1.54449,3.34165,0.962271,-0.077702,3.34165,1
1,3,78,1.68,2.17546,-4.65291,-1.66623,2.17546,1
4,17,66,-3.59803,-1.96947,-4.06104,-0.806488,-0.806488,3
3,3,70,0.0620746,0.72994,-4.23657,-1.06699,0.72994,1
4,19,79,-4.69937,-4.69937,-4.30456,-1.7295,-1.7295,3
3,17,67,-1.07914,-0.238498,-4.33476,-0.933887,-0.238498,1
3,9,41,1.47187,1.06996,0.201755,-0.28101,1.06996,0
4,4,57,0.781739,0.318133,-3.55909,-0.534181,-0.108024,0
2,14,63,0.126208,-0.0270725,-4.03562,-0.692524,-0.0270725,0
4,10,63,-3.26052,-2.43018,-4.03562,-0.692524,-0.692524,3
1,20,80,0.282495,-0.061815,-4.82344,-1.66435,-0.061815,0
4,14,20,-0.805878,-0.805878,2.55099,-0.805878,2.55099,2
4,6,59,0.232122,1.07362,-3.59803,-0.651593,-0.651593,1
2,11,43,1.85982,2.25702,-0.351569,-0.382527,2.25702,1
3,18,23,2.54398,3.14265,2.09672,-0.805878,3.14265,1
4,13,66,-3.59803,-3.44325,-4.06104,-0.806488,-0.806488,3
3,1,21,3.56934,3.88725,2.59473,-0.805878,3.88725,1
3,7,57,-0.61609,1.2498,-3.55909,-0.534181,1.2498,1
3,10,60,-1.62167,0.0476898,-3.62281,-0.563066,0.0476898,1
4,18,68,-3.77303,-1.11317,-4.27007,-1.01066,-1.01066,3
3,12,62,-1.74213,-1.52773,-3.86868,-0.735614,-1.52773,3
4,15,78,-4.4203,-4.02156,-4.65291,-1.66623,-1.66623,3
3,13,63,-0.283756,0.233559,-4.03562,-0.692524,0.233559,1
1,20,93,-1.25038,-0.455607,-3.41916,-2.51688,-0.455607,1
4,14,27,-1.19634,0.131752,1.79261,-0.805878,1.79261,2
4,6,56,0.32801,1.09339,-3.43957,-0.474568,-0.474568,1
1,11,94,0.955535,-0.181122,-3.41916,-2.55553,-0.181122,0
4,16,56,-3.03023,-2.57608,-3.43957,-0.474568,-0.474568,3
1,8,58,2.77331,1.70229,-3.5329,-0.497556,1.70229,0
4,10,73,-4.06104,-3.83921,-4.58061,-1.30758,-1.30758,3
4,7,34,-1.65275,2.03278,1.42834,-0.805878,1.42834,1
3,15,65,-0.238915,-0.99745,-4.11009,-0.783219,-0.99745,0
2,16,61,0.45909,0.525028,-3.77303,-0.607646,0.525028,1
4,3,14,-0.552728,5.28725,2.79075,-0.805878,1.22516,1
4,11,61,-3.28628,-3.18051,-3.77303,-0.607646,-0.607646,3
3,16,66,-0.855497,-0.429121,-4.06104,-0.806488,-0.429121,1
4,11,74,-4.33476,-3.7933,-4.86797,-1.45906,-1.45906,3
2,16,34,2.10637,2.56468,1.42834,-0.805878,2.56468,1
4,3,53,-1.91147,-0.511272,-3.24637,-0.595251,-3.24637,1
3,9,16,3.33282,4.81239,2.59926,-0.805878,4.81239,1
4,4,54,1.18487,0.221565,-3.28628,-0.56961,-3.28628,0
1,11,41,2.26352,2.81684,0.201755,-0.28101,2.81684,1
2,10,59,1.55758,1.2248,-3.59803,-0.651593,1.55758,0
4,9,59,-3.0334,-2.55899,-3.59803,-0.651593,-0.651593,3
2,14,56,0.440346,0.677584,-3.43957,-0.474568,0.677584,1
4,10,60,-3.16282,-2.22161,-3.62281,-0.563066,-0.563066,3
4,13,63,-3.43957,-3.32725,-4.03562,-0.692524,-0.692524,3
2,1,49,2.86422,2.46805,-2.3856,-0.416188,2.46805,0
4,20,27,-1.19634,-1.19634,1.79261,-0.805878,1.79261,2
3,20,83,-1.99991,-1.84015,-5.22327,-1.89942,-1.84015,1
3,2,58,1.68308,1.41974,-3.5329,-0.497556,1.41974,0
3,4,53,1.40672,1.07395,-3.24637,-0.595251,1.07395,0
2,3,29,3.33414,3.02277,1.67657,-0.805878,3.02277,0
2,9,57,1.73372,1.62118,-3.55909,-0.534181,1.62118,0
2,14,73,0.210188,1.12615,-4.58061,-1.30758,1.12615,1
1,3,84,1.25074,1.82405,-5.35927,-2.00544,1.82405,1
4,17,92,-5.14185,-5.14185,-6.43894,-2.39982,-2.39982,3
2,11,59,0.806941,2.34298,-3.59803,-0.651593,2.34298,1
1,1,40,3.23964,3.49241,0.424054,-0.32524,3.49241,1
1,10,40,3.18968,3.7263,0.424054,-0.32524,3.7263,1
2,12,60,0.777325,0.510291,-3.62281,-0.563066,0.510291,0
1,8,98,-0.0838983,0.12571,-3.41916,-3.12829,0.12571,1
1,11,38,3.25263,2.91336,0.671689,-0.230343,2.91336,0
4,10,97,-6.05291,-6.05291,-3.41916,-2.81209,-2.81209,3
3,2,59,1.8209,1.40171,-3.59803,-0.651593,1.40171,0
2,3,18,4.4494,5.28318,2.65786,-0.805878,5.28318,1
2,9,56,1.95638,1.92703,-3.43957,-0.474568,1.92703,0
3,4,52,1.37977,1.18532,-3.16282,-0.404636,1.18532,0
3,20,68,-1.11472,-0.544029,-4.27007,-1.01066,-0.544029,1
2,13,61,0.458319,0.909788,-3.77303,-0.607646,0.909788,1
2,18,30,2.74089,3.1497,1.53923,-0.805878,3.1497,1
3,5,53,-0.498088,1.83241,-3.24637,-0.595251,1.83241,1
4,8,37,-1.84662,-1.84662,0.962271,-0.077702,-0.077702,2
3,7,69,-3.4873,-0.981766,-4.38821,-0.937499,-0.981766,3
3,1,49,2.55413,2.59548,-2.3856,-0.416188,2.59548,1
3,20,71,-0.742653,-1.06062,-4.4203,-1.13959,-1.06062,0
3,9,19,2.3184,3.79591,2.73033,-0.805878,3.79591,1
4,4,55,1.00149,0.317715,-3.26052,-0.458097,-3.26052,0
2,14,57,0.487085,0.491717,-3.55909,-0.534181,0.491717,1
4,10,61,-3.24637,-2.2762,-3.77303,-0.607646,-0.607646,3
1,20,82,-0.065448,-0.396837,-5.04662,-1.89873,-0.396837,0
4,14,26,-1.12974,0.198853,2.08517,-0.805878,2.08517,2
4,6,57,0.219788,1.07576,-3.55909,-0.534181,-0.534181,1
4,13,64,-3.55909,-3.42482,-3.84075,-0.813937,-0.813937,3
3,10,58,-0.528388,0.0197834,-3.5329,-0.497556,0.0197834,1
1,3,6,5.59912,4.67978,2.97518,-0.805878,4.67978,0
2,5,46,2.26707,2.9125,-1.27338,-0.395639,2.26707,1
4,20,85,-4.65291,-4.65291,-5.14185,-2.10808,-2.10808,3
2,17,66,-0.251822,-0.573115,-4.06104,-0.806488,-0.573115,0
1,3,12,5.28659,6.2532,2.93608,-0.805878,6.2532,1
2,6,28,3.80429,3.43397,1.70711,-0.805878,3.43397,0
2,8,12,4.39699,3.90069,2.93608,-0.805878,3.90069,0
4,18,66,-3.59803,-1.16864,-4.06104,-0.806488,-0.806488,3
4,6,76,-4.38821,-4.18347,-4.75214,-1.45125,-4.75214,3
3,12,60,-1.18914,-1.30466,-3.62281,-0.563066,-1.30466,3
4,15,64,-3.55909,-0.986671,-3.84075,-0.813937,-0.813937,3
3,13,61,0.0233502,0.385645,-3.77303,-0.607646,0.385645,1
1,20,87,-0.898651,-0.0284228,-5.60239,-2.09737,-0.0284228,1
4,14,17,-0.64769,-1.19634,2.67763,-0.805878,2.67763,2
4,6,54,0.335255,1.17186,-3.28628,-0.56961,-0.56961,1
4,7,92,-5.14185,-5.14185,-6.43894,-2.39982,-2.39982,3
3,15,63,-0.440925,-0.921039,-4.03562,-0.692524,-0.921039,0
2,16,51,0.835869,0.88199,-3.03783,-0.448822,0.88199,1
4,3,4,4.04906,6.34872,2.97261,-0.805878,2.97261,1
4,11,59,-3.16282,-3.10547,-3.59803,-0.651593,-0.651593,3
3,16,64,-0.23176,-0.288666,-3.84075,-0.813937,-0.288666,0
3,9,18,3.07089,4.54048,2.65786,-0.805878,4.54048,1
4,4,52,1.35691,0.493965,-3.16282,-0.404636,-3.16282,0
4,16,64,-3.55909,-3.19209,-3.84075,-0.813937,-0.813937,3
2,14,58,0.418275,0.863422,-3.5329,-0.497556,0.863422,1
4,10,58,-2.97891,-2.04947,-3.5329,-0.497556,-0.497556,3
2,11,32,3.39423,2.65492,1.7249,-0.805878,3.39423,0
3,18,18,2.65786,3.56406,2.65786,-0.805878,3.56406,1
4,13,61,-3.28628,-3.188,-3.77303,-0.607646,-0.607646,3
2,1,47,3.31617,2.54933,-1.66582,-0.377744,3.31617,0
3,16,20,2.68751,2.59024,2.55099,-0.805878,2.59024,0
2,4,50,1.14497,2.40307,-2.70986,-0.510597,2.40307,1
1,1,42,3.33151,3.14703,-0.0637023,-0.353411,3.14703,0
1,10,86,0.728422,0.473688,-5.61978,-2.01828,0.473688,0
3,8,74,-1.44232,-2.44937,-4.86797,-1.45906,-2.44937,0
2,12,58,0.598464,0.50932,-3.5329,-0.497556,0.50932,0
1,17,25,3.93545,3.7368,2.04479,-0.805878,3.7368,0
3,17,90,-2.74369,-1.73371,-6.05291,-2.36134,-1.73371,1
3,3,49,1.68035,-0.465323,-2.3856,-0.416188,-0.465323,0
1,10,92,0.594398,0.140597,-6.43894,-2.39982,0.140597,0
1,1,20,4.35704,2.71354,2.55099,-0.805878,2.71354,0
3,5,51,-0.16669,1.65044,-3.03783,-0.448822,1.65044,1
3,7,51,-2.24323,0.433155,-3.03783,-0.448822,0.433155,1
3,1,47,3.00765,2.97814,-1.66582,-0.377744,3.00765,0
3,20,76,-0.977345,-1.40347,-4.75214,-1.45125,-1.40347,0
2,17,63,-0.0442563,0.224741,-4.03562,-0.692524,0.224741,1
3,20,69,-1.17475,-0.861573,-4.38821,-0.937499,-0.861573,1
1,20,84,0.127096,-0.32277,-5.35927,-2.00544,-0.32277,0
4,14,16,-0.543395,-0.543395,2.59926,-0.805878,2.59926,2
4,6,55,0.229443,1.10826,-3.26052,-0.458097,-3.26052,1
2,11,47,1.87209,2.17239,-1.66582,-0.377744,2.17239,1
3,18,19,4.45584,2.85319,2.73033,-0.805878,2.85319,0
4,13,62,-3.26052,-3.16593,-3.86868,-0.735614,-0.735614,3
3,18,74,-0.912765,-1.30378,-4.86797,-1.45906,-1.30378,0
3,9,29,1.75976,1.56519,1.67657,-0.805878,1.56519,0
4,4,53,1.20596,0.39008,-3.24637,-0.595251,-3.24637,0
4,18,67,-3.62281,-0.979393,-4.33476,-0.933887,-0.933887,3
3,10,56,-0.71693,0.235449,-3.43957,-0.474568,0.235449,1
4,6,78,-4.4203,-4.28719,-4.65291,-1.66623,-1.66623,3
3,12,58,-1.10784,-1.15809,-3.5329,-0.497556,-1.15809,3
4,15,66,-3.59803,-0.910086,-4.06104,-0.806488,-0.806488,3
3,13,59,-0.278632,0.548875,-3.59803,-0.651593,0.548875,1
4,7,94,-5.60239,-5.60239,-3.41916,-2.55553,-2.55553,3
3,15,61,-0.231296,-0.775953,-3.77303,-0.607646,-0.775953,0
2,16,49,-0.136641,1.78615,-2.3856,-0.416188,1.78615,1
4,3,10,2.78041,5.2723,2.9161,-0.805878,2.9161,1
4,11,57,-2.97891,-2.95094,-3.55909,-0.534181,-0.534181,3
2,4,24,5.09821,4.27221,2.20454,-0.805878,4.27221,0
3,16,62,-0.016576,-0.0759168,-3.86868,-0.735614,-0.0759168,0
2,1,45,3.64005,2.65588,-0.989663,-0.351506,2.65588,0
4,20,31,-1.46886,-1.46886,1.72456,-0.805878,1.72456,2
4,20,77,-4.23657,-4.23657,-4.67517,-1.58996,-1.58996,3
2,5,54,3.44317,1.37009,-3.28628,-0.56961,1.37009,0
4,17,80,-4.58061,-4.58061,-4.82344,-1.66435,-1.66435,3
2,11,55,0.59089,2.50363,-3.26052,-0.458097,2.50363,1
1,5,51,3.06109,2.92323,-3.03783,-0.448822,2.92323,0
2,19,42,1.50354,2.3961,-0.0637023,-0.353411,2.3961,1
3,14,93,-2.78454,-1.79208,-3.41916,-2.51688,-1.79208,1
1,1,44,3.60883,3.58833,-0.646582,-0.45329,3.58833,0
1,10,84,0.50018,1.06507,-5.35927,-2.00544,1.06507,1
3,8,72,-0.509118,-0.671572,-4.69937,-1.21867,-0.671572,0
2,12,56,0.651328,0.910052,-3.43957,-0.474568,0.910052,1
2,13,57,0.759564,0.893947,-3.55909,-0.534181,0.893947,1
3,5,49,0.116061,0.17428,-2.3856,-0.416188,0.17428,1
4,13,25,-1.10732,-0.950457,2.04479,-0.805878,2.04479,2
3,7,49,1.2527,1.2377,-2.3856,-0.416188,1.2377,0
3,1,45,3.32427,2.90592,-0.989663,-0.351506,2.90592,0
3,20,78,-0.870401,-1.83294,-4.65291,-1.66623,-1.83294,0
2,17,61,0.176419,0.114671,-3.77303,-0.607646,0.114671,0
2,12,97,-0.876681,-0.24885,-3.41916,-2.81209,-0.24885,1
1,20,86,-0.861334,-0.0606021,-5.61978,-2.01828,-0.0606021,1
4,14,22,-0.882782,-0.882782,2.39276,-0.805878,2.39276,2
4,6,53,0.438621,1.24454,-3.24637,-0.595251,-0.595251,1
3,7,83,-1.0029,0.254588,-5.22327,-1.89942,0.254588,1
3,1,79,-0.147982,1.60539,-4.30456,-1.7295,1.60539,1
4,8,55,-0.766772,0.120846,-3.26052,-0.458097,-0.458097,1
2,14,53,0.599669,0.696592,-3.24637,-0.595251,0.696592,1
4,10,57,-3.03023,-2.07098,-3.55909,-0.534181,-0.534181,3
2,11,33,2.46193,3.49226,1.60775,-0.805878,3.49226,1
3,18,29,2.25901,1.64434,1.67657,-0.805878,1.64434,0
4,13,60,-3.24637,-3.13115,-3.62281,-0.563066,-0.563066,3
3,20,98,-2.81362,-2.91017,-3.41916,-3.12829,-2.91017,0
2,6,27,3.2917,3.65988,1.79261,-0.805878,3.65988,1
1,3,17,4.33711,4.81556,2.67763,-0.805878,4.81556,1
2,8,9,3.99074,3.93139,2.89122,-0.805878,3.93139,0
4,18,65,-3.5329,-0.823182,-4.11009,-0.783219,-0.783219,3
2,5,47,1.75441,2.87396,-1.66582,-0.377744,2.87396,1
4,20,84,-4.67517,-4.67517,-5.35927,-2.00544,-2.00544,3
2,17,65,-0.204934,-0.0814054,-4.11009,-0.783219,-0.0814054,1
3,19,26,1.84135,2.36306,2.08517,-0.805878,2.36306,1
3,3,83,-1.39212,-1.33297,-5.22327,-1.89942,-1.33297,1
4,19,66,-3.59803,-3.8977,-4.06104,-0.806488,-0.806488,3
3,10,54,-0.592685,0.488148,-3.28628,-0.56961,0.488148,1
4,6,72,-4.11009,-3.91665,-4.69937,-1.21867,-1.21867,3
3,12,56,-0.699636,-0.242886,-3.43957,-0.474568,-0.242886,1
4,15,68,-3.77303,-0.851525,-4.27007,-1.01066,-1.01066,1
3,13,57,-0.130618,0.52875,-3.55909,-0.534181,0.52875,1
4,7,88,-4.70389,-4.70389,-5.55605,-2.24038,-2.24038,3
3,15,59,-0.149456,-0.67657,-3.59803,-0.651593,-0.67657,0
4,16,72,-4.11009,-4.11009,-4.69937,-1.21867,-1.21867,3
2,4,26,4.96528,4.01497,2.08517,-0.805878,4.01497,0
3,16,60,-0.16574,0.248276,-3.62281,-0.563066,0.248276,1
2,1,44,3.17692,3.64424,-0.646582,-0.45329,3.64424,1
2,4,47,1.21873,2.64892,-1.66582,-0.377744,1.21873,1
4,20,83,-4.75214,-4.75214,-5.22327,-1.89942,-1.89942,3
2,5,48,1.97071,2.75567,-2.02538,-0.386848,2.75567,1
4,20,76,-4.38821,-4.38821,-4.75214,-1.45125,-1.45125,3
2,5,55,3.18658,1.26347,-3.26052,-0.458097,1.26347,0
4,17,83,-4.75214,-4.75214,-5.22327,-1.89942,-1.89942,3
2,11,54,0.539646,2.58149,-3.28628,-0.56961,2.58149,1
2,13,56,0.199329,0.84041,-3.43957,-0.474568,0.84041,1
3,5,48,-0.32365,0.151024,-2.02538,-0.386848,0.151024,1
4,13,28,-1.27956,-1.27956,1.70711,-0.805878,1.70711,2
3,7,48,1.84288,1.67294,-2.02538,-0.386848,1.67294,0
3,1,44,2.92739,1.72855,-0.646582,-0.45329,2.92739,0
3,20,73,-0.838447,-1.21561,-4.58061,-1.30758,-1.21561,0
2,17,60,0.168034,-0.137804,-3.62281,-0.563066,-0.137804,0
3,20,66,-0.959896,-0.454917,-4.06104,-0.806488,-0.454917,1
1,20,81,0.0296587,-0.20293,-4.70389,-1.77463,-0.20293,0
4,14,23,-0.967684,-0.967684,2.09672,-0.805878,2.09672,2
4,6,52,0.480546,1.38752,-3.16282,-0.404636,-0.404636,1
3,7,82,-0.883136,0.647516,-5.04662,-1.89873,0.647516,1
3,1,78,-0.729446,1.17084,-4.65291,-1.66623,1.17084,1
4,8,54,-0.669221,0.210044,-3.28628,-0.56961,-0.56961,1
2,14,52,0.772618,1.10017,-3.16282,-0.404636,1.10017,1
4,10,56,-3.02202,-2.02175,-3.43957,-0.474568,-0.474568,3
2,11,34,1.92088,3.45766,1.42834,-0.805878,3.45766,1
3,18,28,2.44562,1.81584,1.70711,-0.805878,1.81584,0
4,13,59,-3.16282,-3.05099,-3.59803,-0.651593,-0.651593,3
1,3,14,5.51022,5.23331,2.79075,-0.805878,5.23331,0
2,6,26,3.50719,4.20206,2.08517,-0.805878,4.20206,1
2,8,10,4.85689,4.36509,2.9161,-0.805878,4.36509,0
4,18,64,-3.55909,-0.870817,-3.84075,-0.813937,-0.813937,3
1,3,8,5.5438,4.8788,2.93668,-0.805878,4.8788,0
2,5,44,2.06616,3.4846,-0.646582,-0.45329,3.4846,1
4,20,87,-4.82344,-4.82344,-5.60239,-2.09737,-2.09737,3
2,17,76,-0.418024,-0.82753,-4.75214,-1.45125,-0.82753,0
3,10,53,-1.56135,0.378845,-3.24637,-0.595251,0.378845,1
4,6,75,-4.27007,-4.10483,-4.90201,-1.41384,-1.41384,3
3,12,55,-1.53954,-0.80104,-3.26052,-0.458097,-0.80104,3
4,15,69,-3.86868,-0.888345,-4.38821,-0.937499,-0.937499,1
3,13,56,-0.260596,0.428146,-3.43957,-0.474568,0.428146,1
4,7,91,-5.35927,-5.35927,-6.29331,-2.45927,-2.45927,3
3,15,58,-0.265258,-0.56761,-3.5329,-0.497556,-0.56761,0
4,16,67,-3.62281,-3.31858,-4.33476,-0.933887,-0.933887,3
2,4,29,3.5659,3.17548,1.67657,-0.805878,3.17548,0
3,16,59,-0.618845,0.231124,-3.59803,-0.651593,0.231124,1
2,1,43,2.96415,3.3968,-0.351569,-0.382527,3.3968,1
2,9,9,4.5726,5.42024,2.89122,-0.805878,5.42024,1
2,3,45,2.10888,2.84063,-0.989663,-0.351506,2.84063,1
2,4,46,1.31129,2.76399,-1.27338,-0.395639,2.76399,1
4,2,58,0.279135,0.136025,-3.5329,-0.497556,-3.5329,0
4,11,11,-0.381377,-0.805878,2.80572,-0.805878,2.80572,2
4,20,75,-4.27007,-4.27007,-4.90201,-1.41384,-1.41384,3
2,5,56,3.22861,1.11791,-3.43957,-0.474568,1.11791,0
4,4,4,-0.00471011,2.50038,2.97261,-0.805878,2.50038,2
2,14,67,0.0024361,0.301134,-4.33476,-0.933887,0.301134,1
1,3,94,0.19348,-0.0860537,-3.41916,-2.55553,-0.0860537,0
4,17,82,-4.90201,-4.90201,-5.04662,-1.89873,-1.89873,3
2,11,53,0.769522,2.42269,-3.24637,-0.595251,2.42269,1
3,5,47,0.0571256,0.415663,-1.66582,-0.377744,0.415663,1
1,11,77,0.592257,1.40901,-4.67517,-1.58996,1.40901,1
4,10,86,-4.30456,-4.30456,-5.61978,-2.01828,-2.01828,3
1,8,9,4.61684,5.90488,2.89122,-0.805878,5.90488,1
2,14,49,0.85083,1.28526,-2.3856,-0.416188,1.28526,1
4,10,53,-2.89315,-1.77767,-3.24637,-0.595251,-0.595251,3
1,3,72,1.92821,2.3492,-4.69937,-1.21867,2.3492,1
4,17,72,-4.11009,-4.11009,-4.69937,-1.21867,-1.21867,3
2,3,73,1.20874,1.64553,-4.58061,-1.30758,1.64553,1
4,12,55,-3.02202,-1.13353,-3.26052,-0.458097,-0.458097,3
4,13,56,-3.03023,-2.89198,-3.43957,-0.474568,-0.474568,3
4,13,71,-3.84075,-3.92195,-4.4203,-1.13959,-1.13959,3
3,20,54,-0.392465,-0.201072,-3.28628,-0.56961,-0.201072,1
3,13,47,1.25014,0.449875,-1.66582,-0.377744,0.449875,0
4,18,61,-3.28628,-0.373131,-3.77303,-0.607646,-0.607646,1
4,13,27,-1.19634,-1.0721,1.79261,-0.805878,1.79261,2
4,16,29,-1.34672,-1.34672,1.67657,-0.805878,1.67657,2
3,18,36,1.41981,1.5878,1.45696,0.264588,1.5878,1
2,11,90,-0.187293,-1.05589,-6.05291,-2.36134,-1.05589,0
4,17,63,-3.43957,-1.75872,-4.03562,-0.692524,-0.692524,3
2,7,34,3.03005,3.21684,1.42834,-0.805878,3.21684,1
2,12,99,-1.13825,-0.45994,-3.41916,-3.35117,-1.13825,1
3,20,65,-0.610859,-0.709699,-4.11009,-0.783219,-0.709699,0
1,11,79,0.409785,1.06431,-4.30456,-1.7295,1.06431,1
4,10,88,-4.70389,-4.70389,-5.55605,-2.24038,-2.24038,3
1,8,11,4.36938,4.72744,2.80572,-0.805878,4.72744,1
2,14,55,0.798881,0.707164,-3.26052,-0.458097,0.707164,0
4,10,55,-2.99027,-1.9996,-3.26052,-0.458097,-0.458097,3
2,11,35,1.80816,3.30989,1.44812,-0.805878,1.80816,1
3,18,31,2.11518,1.56158,1.72456,-0.805878,1.56158,0
4,13,58,-3.03783,-2.93323,-3.5329,-0.497556,-0.497556,3
4,13,73,-4.06104,-4.08148,-4.58061,-1.30758,-1.30758,3
1,20,88,-0.937833,-0.0544694,-5.55605,-2.24038,-0.0544694,1
4,6,35,-1.74968,1.78001,1.44812,-0.805878,1.44812,1
4,14,28,-1.27956,-1.27956,1.70711,-0.805878,1.70711,2
3,20,48,-0.248728,1.40714,-2.02538,-0.386848,1.40714,1
3,13,45,1.27901,0.834915,-0.989663,-0.351506,0.834915,0
4,18,63,-3.43957,-0.572114,-4.03562,-0.692524,-0.692524,1
1,3,9,3.74293,5.88403,2.89122,-0.805878,5.88403,1
2,5,45,2.41794,3.10777,-0.989663,-0.351506,3.10777,1
4,20,86,-4.30456,-4.30456,-5.61978,-2.01828,-2.01828,3
2,17,67,-0.248122,-0.527652,-4.33476,-0.933887,-0.527652,0
3,19,24,2.42946,2.82747,2.20454,-0.805878,2.82747,1
3,3,85,-1.00052,-1.6905,-5.14185,-2.10808,-1.6905,0
4,19,64,-3.55909,-3.83831,-3.84075,-0.813937,-0.813937,3
3,10,52,-0.557021,0.462747,-3.16282,-0.404636,0.462747,1
4,6,74,-4.33476,-4.0858,-4.86797,-1.45906,-1.45906,3
3,12,54,-0.966131,-0.298541,-3.28628,-0.56961,-0.298541,1
4,15,70,-4.03562,-0.987386,-4.23657,-1.06699,-1.06699,1
4,19,49,-2.61941,-2.61941,-2.3856,-0.416188,-2.3856,3
3,13,55,-0.855537,0.520237,-3.26052,-0.458097,0.520237,1
4,7,90,-5.22327,-5.22327,-6.05291,-2.36134,-2.36134,3
3,15,57,-0.147484,-0.455991,-3.55909,-0.534181,-0.455991,0
4,16,66,-3.59803,-3.27533,-4.06104,-0.806488,-0.806488,3
2,4,28,3.51692,3.63247,1.70711,-0.805878,3.63247,1
3,16,58,-0.356255,0.182933,-3.5329,-0.497556,0.182933,1
2,1,42,3.06678,3.3727,-0.0637023,-0.353411,3.3727,1
2,4,45,1.46726,2.7036,-0.989663,-0.351506,2.7036,1
1,5,76,1.67543,1.52327,-4.75214,-1.45125,1.52327,0
1,16,40,2.25737,2.52491,0.424054,-0.32524,2.25737,1
3,20,90,-2.21607,-2.25584,-6.05291,-2.36134,-2.25584,0
4,4,5,-0.00471011,3.26985,2.97834,-0.805878,2.97834,1
2,14,66,-0.263028,0.229749,-4.06104,-0.806488,0.229749,1
1,3,95,0.0125201,-0.0692628,-3.41916,-2.85377,-0.0692628,0
4,17,85,-4.65291,-4.65291,-5.14185,-2.10808,-2.10808,3
2,11,52,0.846466,2.69234,-3.16282,-0.404636,2.69234,1
1,10,81,0.568695,1.13913,-4.70389,-1.77463,1.13913,1
1,1,17,4.69394,5.28011,2.67763,-0.805878,5.28011,1
3,5,46,0.31559,0.451371,-1.27338,-0.395639,0.451371,1
1,11,78,0.415778,1.1143,-4.65291,-1.66623,1.1143,1
4,10,89,-5.04662,-5.04662,-5.75042,-2.39784,-2.39784,3
1,8,10,5.00927,5.66864,2.9161,-0.805878,5.66864,1
2,14,48,1.01998,1.33394,-2.02538,-0.386848,1.33394,1
4,10,52,-2.78547,-1.76479,-3.16282,-0.404636,-0.404636,3
1,3,75,1.82557,2.43764,-4.90201,-1.41384,2.43764,1
4,17,73,-4.06104,-4.06104,-4.58061,-1.30758,-1.30758,3
2,3,72,1.03426,1.6435,-4.69937,-1.21867,1.03426,1
4,12,54,-2.99027,-1.03804,-3.28628,-0.56961,-0.56961,3
4,13,55,-3.02202,-2.86942,-3.26052,-0.458097,-0.458097,3
3,18,32,2.01377,1.56023,1.7249,-0.805878,1.56023,0
2,11,94,-0.544186,-1.50243,-3.41916,-2.55553,-1.50243,0
4,17,59,-3.16282,-1.58219,-3.59803,-0.651593,-0.651593,3
4,13,72,-4.11009,-3.99786,-4.69937,-1.21867,-1.21867,3
1,20,91,-1.09459,-0.33639,-6.29331,-2.45927,-0.33639,1
4,6,34,-1.67681,1.71775,1.42834,-0.805878,1.42834,1
4,14,29,-1.34672,-1.34672,1.67657,-0.805878,1.67657,2
3,20,49,-0.284042,1.25403,-2.3856,-0.416188,1.25403,1
3,13,46,1.36324,0.573379,-1.27338,-0.395639,0.573379,0
4,18,60,-3.24637,-0.324668,-3.62281,-0.563066,-0.563066,1
3,18,68,-0.70306,-0.185158,-4.27007,-1.01066,-0.185158,1
4,2,56,0.31683,0.143284,-3.43957,-0.474568,-0.474198,0
4,18,49,-2.61941,-2.61941,-2.3856,-0.416188,-0.416188,3
3,13,43,1.10333,0.341145,-0.351569,-0.382527,0.341145,0
3,19,61,-0.518011,-0.456594,-3.77303,-0.607646,-0.456594,1
4,19,61,-3.28628,-3.46183,-3.77303,-0.607646,-0.607646,3
4,13,22,-0.882782,-0.882782,2.39276,-0.805878,2.39276,2
3,18,37,0.763704,1.83708,0.962271,-0.077702,1.83708,1
2,11,89,-0.0162466,-1.16322,-5.75042,-2.39784,-1.16322,0
4,17,62,-3.26052,-1.71045,-3.86868,-0.735614,-0.735614,3
3,20,67,-1.08035,-0.554398,-4.33476,-0.933887,-0.554398,1
2,17,58,0.364571,-0.242018,-3.5329,-0.497556,-0.242018,0
2,17,59,0.24301,-0.126021,-3.59803,-0.651593,-0.126021,0
3,20,64,-0.715728,-0.529973,-3.84075,-0.813937,-0.529973,1
2,14,54,0.728354,0.692766,-3.28628,-0.56961,0.692766,0
4,10,54,-2.88215,-1.8846,-3.28628,-0.56961,-0.56961,3
2,11,36,1.51244,3.35566,1.45696,0.264588,3.35566,1
3,18,30,2.12526,1.60283,1.53923,-0.805878,1.60283,0
4,13,57,-2.97891,-2.86535,-3.55909,-0.534181,-0.534181,3
4,13,74,-4.33476,-4.2207,-4.86797,-1.45906,-1.45906,3
3,20,51,-0.307675,-0.0135824,-3.03783,-0.448822,-0.0135824,1
3,13,44,0.989486,0.329164,-0.646582,-0.45329,0.329164,0
4,18,62,-3.26052,-0.479752,-3.86868,-0.735614,-0.735614,1
3,1,95,-0.806668,-1.4169,-3.41916,-2.85377,-1.4169,0
3,7,99,-2.74099,-3.07273,-3.41916,-3.35117,-3.07273,0
3,18,90,-1.97389,-2.0393,-6.05291,-2.36134,-2.0393,0
4,18,51,-2.78547,0.0528776,-3.03783,-0.448822,-0.448822,1
3,13,41,1.46121,0.288439,0.201755,-0.28101,0.288439,0
3,10,51,-1.02593,0.482764,-3.03783,-0.448822,0.482764,1
2,16,54,0.489129,0.693369,-3.28628,-0.56961,0.693369,1
4,15,71,-3.84075,-3.54356,-4.4203,-1.13959,-1.13959,3
4,19,48,-2.52467,-2.52467,-2.02538,-0.386848,-0.386848,3
3,13,54,-0.078194,0.627793,-3.28628,-0.56961,0.627793,1
4,7,37,-1.84662,2.51481,0.962271,-0.077702,0.962271,1
3,15,56,0.0990174,-0.447229,-3.43957,-0.474568,-0.447229,0
2,4,31,3.27755,3.13106,1.72456,-0.805878,3.13106,0
3,16,57,-0.472834,0.35749,-3.55909,-0.534181,0.35749,1
1,20,72,0.115596,0.00250431,-4.69937,-1.21867,0.00250431,0
4,14,44,-2.26409,1.15711,-0.646582,-0.45329,-0.45329,1
4,6,51,0.514547,1.54844,-3.03783,-0.448822,-3.03783,1
3,9,23,1.85925,2.59361,2.09672,-0.805878,2.59361,1
4,4,51,1.36897,0.570442,-3.03783,-0.448822,-3.03783,0
2,4,43,2.59766,2.50042,-0.351569,-0.382527,2.50042,0
1,16,96,-0.231652,-1.58857,-3.41916,-2.99602,-1.58857,0
2,20,61,-0.0657857,0.322225,-3.77303,-0.607646,0.322225,1
1,5,52,2.96883,2.88625,-3.16282,-0.404636,2.88625,0
1,1,19,4.4755,6.945,2.73033,-0.805878,6.945,1
1,10,95,0.292496,-0.0867388,-3.41916,-2.85377,0.292496,0
2,19,37,1.90172,1.5598,0.962271,-0.077702,1.90172,0
3,14,90,-2.05238,-1.56928,-6.05291,-2.36134,-1.56928,1
3,8,65,-0.296513,-0.0413806,-4.11009,-0.783219,-0.0413806,1
4,1,57,1.73396,-0.528213,-3.55909,-0.534181,-0.531197,0
2,17,86,-1.14055,-0.717311,-5.61978,-2.01828,-0.717311,1
4,20,65,-3.5329,-3.26637,-4.11009,-0.783219,-0.783219,3
2,1,40,3.19619,3.5614,0.424054,-0.32524,3.19619,1
4,15,77,-4.23657,-3.9173,-4.67517,-1.58996,-1.58996,3
3,1,26,3.95274,3.83747,2.08517,-0.805878,3.83747,0
3,7,46,1.88327,1.86145,-1.27338,-0.395639,1.86145,0
3,5,44,2.03768,1.72686,-0.646582,-0.45329,1.72686,0
4,3,7,-0.323307,6.945,2.92731,-0.805878,2.92731,1
2,16,52,0.753346,0.857668,-3.16282,-0.404636,0.857668,1
4,19,50,-2.7155,-2.7155,-2.70986,-0.510597,-0.510597,3
3,13,52,-0.387141,0.589787,-3.16282,-0.404636,0.589787,1
3,8,47,0.460366,-0.140846,-1.66582,-0.377744,-0.140846,0
3,18,39,1.30613,1.10934,0.982003,-0.317489,1.10934,0
2,11,91,-0.489732,-1.07688,-6.29331,-2.45927,-1.07688,0
4,17,60,-3.24637,-1.65723,-3.62281,-0.563066,-0.563066,3
3,10,49,0.951134,-0.374398,-2.3856,-0.416188,-0.374398,0
2,12,96,-0.505819,-0.168194,-3.41916,-2.99602,-0.168194,1
4,13,24,-1.02966,-0.894503,2.20454,-0.805878,2.20454,2
2,14,34,3.15214,2.87232,1.42834,-0.805878,2.87232,0
1,11,87,1.24715,0.431083,-5.60239,-2.09737,0.431083,0
1,8,51,3.09444,2.46698,-3.03783,-0.448822,3.09444,0
4,16,55,-3.02202,-2.532,-3.26052,-0.458097,-0.458097,3
2,4,44,2.65308,2.53717,-0.646582,-0.45329,2.53717,0
1,1,18,4.86393,4.46728,2.65786,-0.805878,4.46728,0
1,10,94,0.434024,0.027471,-3.41916,-2.55553,0.027471,0
3,8,66,-0.165164,-0.18603,-4.06104,-0.806488,-0.18603,0
2,1,41,3.09823,3.38163,0.201755,-0.28101,3.38163,1
4,20,81,-4.86797,-4.86797,-4.70389,-1.77463,-1.77463,3
2,5,50,2.02249,3.01097,-2.70986,-0.510597,3.01097,1
1,5,67,2.13189,1.96555,-4.33476,-0.933887,1.96555,0
1,16,43,2.21359,2.04254,-0.351569,-0.382527,2.04254,0
3,20,91,-2.02036,-2.35743,-6.29331,-2.45927,-2.35743,0
4,15,76,-4.38821,-3.96056,-4.75214,-1.45125,-1.45125,3
3,1,27,3.21375,3.06223,1.79261,-0.805878,3.06223,0
3,7,47,1.64323,1.94334,-1.66582,-0.377744,1.94334,1
3,5,45,0.737993,0.765384,-0.989663,-0.351506,0.765384,1
3,18,70,-1.05231,-0.318288,-4.23657,-1.06699,-0.318288,1
4,2,62,0.0152605,-0.0476187,-3.86868,-0.735614,-0.735614,0
4,19,59,-3.16282,-3.40518,-3.59803,-0.651593,-0.651593,3
2,16,55,0.1707,0.627903,-3.26052,-0.458097,0.627903,1
4,19,51,-2.78547,-2.85349,-3.03783,-0.448822,-0.448822,3
3,13,53,-0.615049,0.63592,-3.24637,-0.595251,0.63592,1
1,11,75,0.622054,1.41844,-4.90201,-1.41384,1.41844,1
4,10,84,-4.67517,-4.62252,-5.35927,-2.00544,-2.00544,3
1,8,15,4.85659,5.51761,2.8676,-0.805878,5.51761,1
2,14,51,0.83878,1.07331,-3.03783,-0.448822,1.07331,1
4,10,51,-2.7155,-1.67322,-3.03783,-0.448822,-0.448822,3
2,11,45,1.98482,2.20019,-0.989663,-0.351506,2.20019,1
1,3,70,2.46643,1.56634,-4.23657,-1.06699,1.56634,0
4,17,74,-4.33476,-4.33476,-4.86797,-1.45906,-1.45906,3
2,3,79,1.30127,1.31071,-4.30456,-1.7295,1.31071,1
4,12,53,-2.88215,-0.912822,-3.24637,-0.595251,-0.595251,3
3,18,33,1.73934,1.85095,1.60775,-0.805878,1.85095,1
2,11,93,-0.509715,-1.24765,-3.41916,-2.51688,-1.24765,0
4,17,58,-3.03783,-1.53405,-3.5329,-0.497556,-0.497556,3
4,13,69,-3.86868,-3.7131,-4.38821,-0.937499,-0.937499,3
3,20,52,-0.284709,-0.144918,-3.16282,-0.404636,-0.144918,1
3,13,49,1.23769,0.293003,-2.3856,-0.416188,0.293003,0
4,18,59,-3.16282,-0.296609,-3.59803,-0.651593,-0.651593,1
3,18,69,-0.760003,-0.271918,-4.38821,-0.937499,-0.271918,1
4,2,59,0.259093,0.0850838,-3.59803,-0.651593,-3.59803,0
4,18,48,-2.52467,-2.52467,-2.02538,-0.386848,-0.386848,3
3,13,42,1.32105,0.325725,-0.0637023,-0.353411,0.325725,0
3,19,60,-0.569847,-0.35779,-3.62281,-0.563066,-0.35779,1
4,19,60,-3.24637,-3.45608,-3.62281,-0.563066,-0.563066,3
3,18,38,0.583345,2.27945,0.671689,-0.230343,2.27945,1
2,11,92,-0.367049,-1.16951,-6.43894,-2.39982,-1.16951,0
4,17,61,-3.28628,-1.60789,-3.77303,-0.607646,-0.607646,3
3,10,50,0.828299,0.233825,-2.70986,-0.510597,0.233825,0
2,19,65,-0.465472,0.471719,-4.11009,-0.783219,0.471719,1
3,14,54,-0.3017,0.0738335,-3.28628,-0.56961,0.0738335,1
4,13,21,-0.867753,-0.867753,2.59473,-0.805878,2.59473,2
2,11,88,0.068941,-1.06716,-5.55605,-2.24038,-1.06716,0
3,18,58,-0.502938,0.74016,-3.5329,-0.497556,0.74016,1
2,11,46,1.87921,2.20178,-1.27338,-0.395639,2.20178,1
1,3,73,1.88598,2.29326,-4.58061,-1.30758,2.29326,1
4,17,75,-4.27007,-4.27007,-4.90201,-1.41384,-1.41384,3
2,3,78,1.17567,1.40936,-4.65291,-1.66623,1.40936,1
4,12,52,-2.89315,-0.99768,-3.16282,-0.404636,-0.404636,3
4,13,70,-4.03562,-3.84828,-4.23657,-1.06699,-1.06699,3
3,20,55,-0.349736,-0.639843,-3.26052,-0.458097,-0.639843,0
3,13,48,0.933762,0.159666,-2.02538,-0.386848,0.159666,0
4,18,58,-3.03783,-0.272106,-3.5329,-0.497556,-0.497556,1
3,14,35,1.18251,1.63907,1.44812,-0.805878,1.63907,1
3,6,52,0.00232322,1.14546,-3.16282,-0.404636,1.14546,1
4,3,28,0.340575,2.34956,1.70711,-0.805878,1.70711,1
3,12,37,2.034,2.101,0.962271,-0.077702,2.101,1
4,6,85,-4.65291,-4.67016,-5.14185,-2.10808,-2.10808,3
2,3,53,2.55399,2.37322,-3.24637,-0.595251,2.55399,0
3,18,34,1.66218,2.50082,1.42834,-0.805878,2.50082,1
2,11,80,0.0860669,-0.0413462,-4.82344,-1.66435,-0.0413462,0
4,17,57,-2.97891,-1.45278,-3.55909,-0.534181,-0.534181,3
3,14,34,1.23136,1.74004,1.42834,-0.805878,1.74004,1
3,6,53,-0.221244,1.11211,-3.24637,-0.595251,1.11211,1
4,3,29,0.305348,2.15036,1.67657,-0.805878,1.67657,1
1,11,76,0.368078,1.3021,-4.75214,-1.45125,1.3021,1
4,10,87,-4.82344,-4.82344,-5.60239,-2.09737,-2.09737,3
1,8,8,4.99223,5.06462,2.93668,-0.805878,5.06462,1
2,14,50,0.877152,1.15646,-2.70986,-0.510597,1.15646,1
4,10,50,-2.99027,3.78352,-2.70986,-0.510597,-0.510597,1
4,20,82,-4.90201,-4.90201,-5.04662,-1.89873,-1.89873,3
2,5,49,2.02,2.83027,-2.3856,-0.416188,2.83027,1
1,20,75,0.27092,0.054391,-4.90201,-1.41384,0.054391,0
4,14,45,-2.28561,-2.28561,-0.989663,-0.351506,-0.351506,3
4,6,50,-0.191477,1.34104,-2.70986,-0.510597,-2.70986,1
3,9,20,4.0709,4.66108,2.55099,-0.805878,4.66108,1
4,4,50,-1.64412,1.79421,-2.70986,-0.510597,-2.70986,1
2,4,42,3.16792,2.44676,-0.0637023,-0.353411,2.44676,0
3,8,64,-0.439679,-0.276756,-3.84075,-0.813937,-0.276756,1
2,1,39,3.60418,3.39741,0.982003,-0.317489,3.60418,0
4,1,24,3.25589,2.27743,2.20454,-0.805878,0.928611,0
4,8,47,-2.78547,-1.56511,-1.66582,-0.377744,-1.66582,3
3,1,25,4.25148,3.68226,2.04479,-0.805878,3.68226,0
3,7,45,1.97555,1.80726,-0.989663,-0.351506,1.80726,0
4,3,6,-0.0334633,6.945,2.97518,-0.805878,2.97518,1
2,16,53,0.471502,0.763234,-3.24637,-0.595251,0.763234,1
4,19,53,-2.88215,-3.02697,-3.24637,-0.595251,-0.595251,3
4,18,57,-2.97891,-0.356238,-3.55909,-0.534181,-0.534181,1
3,13,51,0.0324467,0.52072,-3.03783,-0.448822,0.52072,1
3,8,46,0.554759,0.103115,-1.27338,-0.395639,0.103115,0
3,10,48,0.883813,-0.132225,-2.02538,-0.386848,-0.132225,0
4,13,23,-0.967684,-0.967684,2.09672,-0.805878,2.09672,2
4,20,79,-4.69937,-4.69937,-4.30456,-1.7295,-1.7295,3
2,5,52,3.59573,1.34283,-3.16282,-0.404636,1.34283,0
1,20,74,0.258048,-0.0479197,-4.86797,-1.45906,-0.0479197,0
4,14,18,-0.728975,-0.728975,2.65786,-0.805878,2.65786,2
4,6,49,-0.0958991,1.397,-2.3856,-0.416188,-2.3856,1
3,9,17,1.12701,3.16621,2.67763,-0.805878,3.16621,1
4,4,49,-1.56801,1.8979,-2.3856,-0.416188,1.8979,1
1,5,36,3.77921,3.80394,1.45696,0.264588,3.80394,1
2,12,49,2.04488,2.16002,-2.3856,-0.416188,2.16002,1
1,1,35,3.76341,3.70631,1.44812,-0.805878,3.70631,0
1,10,47,2.41923,2.89927,-1.66582,-0.377744,2.41923,1
2,4,41,2.74966,2.69455,0.201755,-0.28101,2.69455,0
2,1,38,3.81064,3.86221,0.671689,-0.230343,3.86221,1
4,20,89,-5.04662,-5.04662,-5.75042,-2.39784,-2.39784,3
2,5,42,2.25033,3.22595,-0.0637023,-0.353411,3.22595,1
4,20,78,-4.4203,-4.4203,-4.65291,-1.66623,-1.66623,3
2,5,53,3.49109,1.36743,-3.24637,-0.595251,1.36743,0
4,1,25,3.40179,2.4475,2.04479,-0.805878,1.36304,0
4,8,46,-2.7155,-1.52197,-1.27338,-0.395639,-1.27338,3
4,9,55,-2.93362,-2.41569,-3.26052,-0.458097,-0.458097,3
1,11,29,3.69458,2.59117,1.67657,-0.805878,2.59117,0
4,8,76,-4.38821,-3.84075,-4.75214,-1.45125,-1.45125,3
2,10,47,1.92359,2.23057,-1.66582,-0.377744,2.23057,1
4,13,34,-1.65275,-1.60173,1.42834,-0.805878,1.42834,2
2,11,75,0.613551,0.503172,-4.90201,-1.41384,0.503172,0
3,18,55,-0.779401,0.80687,-3.26052,-0.458097,0.80687,1
3,12,36,2.33036,2.64359,1.45696,0.264588,2.64359,1
4,6,84,-4.67517,-4.77776,-5.35927,-2.00544,-2.00544,3
2,3,52,2.84381,2.51867,-3.16282,-0.404636,2.51867,0
3,18,45,-0.465407,1.26965,-0.989663,-0.351506,1.26965,1
2,11,81,0.0382372,-0.47574,-4.70389,-1.77463,-0.47574,0
4,17,54,-2.99027,-1.28818,-3.28628,-0.56961,-0.56961,3
3,10,47,1.15238,0.0268561,-1.66582,-0.377744,0.0268561,0
4,12,56,-3.03023,-1.34563,-3.43957,-0.474568,-0.474568,3
2,3,74,0.751036,1.39978,-4.86797,-1.45906,1.39978,1
4,19,52,-2.89315,-2.90954,-3.16282,-0.404636,-0.404636,3
4,18,56,-3.03023,-0.1938,-3.43957,-0.474568,-0.474568,1
3,13,50,1.13989,-0.0134223,-2.70986,-0.510597,-0.0134223,0
3,8,45,0.860577,0.695257,-0.989663,-0.351506,0.695257,0
3,3,15,3.81156,3.18547,2.8676,-0.805878,3.18547,0
3,19,70,-0.832098,-0.922129,-4.23657,-1.06699,-0.922129,0
2,4,19,4.66375,4.89463,2.73033,-0.805878,4.89463,1
3,16,53,-0.550924,0.449886,-3.24637,-0.595251,0.449886,1
2,14,32,2.51472,2.75547,1.7249,-0.805878,2.75547,1
1,8,45,2.46958,3.1682,-0.989663,-0.351506,3.1682,1
4,16,53,-2.88215,-2.40952,-3.24637,-0.595251,-0.595251,3
2,3,67,1.96195,1.82491,-4.33476,-0.933887,1.82491,0
4,12,49,-2.61941,-2.61941,-2.3856,-0.416188,-0.416188,3
3,4,64,1.44517,0.8917,-3.84075,-0.813937,0.8917,0
3,18,65,-0.406425,-0.0792263,-4.11009,-0.783219,-0.0792263,1
4,2,63,-0.115166,-0.147244,-4.03562,-0.692524,-4.03562,0
4,19,56,-3.03023,-3.16868,-3.43957,-0.474568,-0.474568,3
3,20,56,-0.515547,-0.356136,-3.43957,-0.474568,-0.356136,1
3,13,37,1.55477,1.30345,0.962271,-0.077702,1.30345,0
4,18,55,-3.02202,-0.132847,-3.26052,-0.458097,-0.458097,1
3,14,32,1.81741,1.92884,1.7249,-0.805878,1.92884,1
3,6,55,-2.30787,-0.0391904,-3.26052,-0.458097,-0.0391904,1
4,3,3,0.273204,1.98438,3,-0.805878,1.98438,2
1,6,94,0.565622,0.605097,-3.41916,-2.55553,0.605097,1
4,11,48,-2.52467,-2.52467,-2.02538,-0.386848,-0.386848,3
4,20,80,-4.58061,-4.58061,-4.82344,-1.66435,-1.66435,3
2,5,51,3.64106,1.35206,-3.03783,-0.448822,1.35206,0
1,20,85,-0.0620872,-0.529853,-5.14185,-2.10808,-0.529853,0
4,14,19,-0.760146,-0.760146,2.73033,-0.805878,2.73033,2
4,6,48,-0.250251,1.4174,-2.02538,-0.386848,-2.02538,1
3,9,22,2.04821,3.03352,2.39276,-0.805878,3.03352,1
4,4,48,-1.44783,1.99413,-2.02538,-0.386848,-0.386848,1
1,6,37,3.66765,4.00072,0.962271,-0.077702,4.00072,1
1,5,37,3.53803,3.70942,0.962271,-0.077702,3.70942,1
2,12,50,1.90854,2.06427,-2.70986,-0.510597,2.06427,1
1,1,34,3.89296,3.78332,1.42834,-0.805878,3.78332,0
1,10,46,2.72029,2.95095,-1.27338,-0.395639,2.95095,1
2,4,40,3.24074,2.96924,0.424054,-0.32524,2.96924,0
2,1,37,3.7928,3.90514,0.962271,-0.077702,3.7928,1
3,2,54,1.93227,1.49531,-3.28628,-0.56961,1.93227,0
2,9,45,3.07226,2.0889,-0.989663,-0.351506,2.0889,0
4,1,30,3.02238,3.58727,1.53923,-0.805878,3.34308,1
4,8,41,-2.08792,0.0799605,0.201755,-0.28101,0.201755,2
4,13,33,-1.57416,-1.52505,1.60775,-0.805878,1.60775,2
2,11,76,0.219489,0.387839,-4.75214,-1.45125,0.387839,1
3,18,54,-0.56712,0.961421,-3.28628,-0.56961,0.961421,1
2,9,29,3.48751,2.39224,1.67657,-0.805878,2.39224,0
3,12,41,1.15197,2.07442,0.201755,-0.28101,2.07442,1
4,6,89,-5.04662,-5.04662,-5.75042,-2.39784,-5.04662,3
2,3,49,2.75382,2.28185,-2.3856,-0.416188,2.75382,0
4,17,53,-2.88215,-1.18576,-3.24637,-0.595251,-0.595251,3
3,10,46,1.25662,0.269303,-1.27338,-0.395639,0.269303,0
4,19,55,-3.02202,-3.16108,-3.26052,-0.458097,-0.458097,3
3,5,41,2.14834,1.68156,0.201755,-0.28101,1.68156,0
3,1,7,4.01747,4.64705,2.92731,-0.805878,4.64705,1
3,7,43,1.20992,1.56655,-0.351569,-0.382527,1.56655,1
3,8,44,0.521575,1.9693,-0.646582,-0.45329,1.9693,1
3,11,47,0.188379,0.980736,-1.66582,-0.377744,0.980736,1
3,3,12,3.72259,3.92909,2.93608,-0.805878,3.92909,1
3,19,65,-0.984262,-0.629859,-4.11009,-0.783219,-0.629859,1
2,4,18,4.02142,3.83029,2.65786,-0.805878,3.83029,0
3,16,52,-0.134655,0.71882,-3.16282,-0.404636,0.71882,1
2,14,39,2.65019,2.5605,0.982003,-0.317489,2.5605,0
1,8,46,2.41563,3.44303,-1.27338,-0.395639,3.44303,1
4,16,52,-2.89315,-2.34366,-3.16282,-0.404636,-0.404636,3
2,3,66,1.93061,1.83868,-4.06104,-0.806488,1.93061,0
4,12,48,-2.52467,-2.52467,-2.02538,-0.386848,-0.386848,3
3,18,66,-0.602275,-0.0650647,-4.06104,-0.806488,-0.0650647,1
4,2,50,1.27991,2.24034,-2.70986,-0.510597,0.275285,1
4,5,70,0.517896,-0.179837,-4.23657,-1.06699,-0.939967,0
3,20,59,-0.558212,-0.66823,-3.59803,-0.651593,-0.66823,0
3,13,36,1.72139,2.39308,1.45696,0.264588,2.39308,1
4,18,54,-2.99027,-0.098471,-3.28628,-0.56961,-0.56961,1
3,14,31,1.92036,2.45362,1.72456,-0.805878,2.45362,1
3,6,56,-0.86303,1.09148,-3.43957,-0.474568,1.09148,1
4,3,24,0.99136,0.289294,2.20454,-0.805878,2.20454,2
1,6,83,1.15496,-0.0892792,-5.22327,-1.89942,-0.0892792,0
4,11,47,-2.47724,-2.47724,-1.66582,-0.377744,-0.377744,3
3,8,50,0.355996,0.42953,-2.70986,-0.510597,0.42953,1
3,2,73,-1.03542,-0.700045,-4.58061,-1.30758,-0.700045,1
4,20,69,-3.86868,-3.47591,-4.38821,-0.937499,-0.937499,3
2,5,62,2.955,0.932722,-3.86868,-0.735614,0.932722,0
4,6,47,-0.112059,1.43595,-1.66582,-0.377744,-1.66582,1
4,2,48,1.503,2.54083,-2.02538,-0.386848,2.45552,1
3,18,76,-1.62677,-1.41357,-4.75214,-1.45125,-1.41357,1
3,9,27,2.33536,2.37233,1.79261,-0.805878,2.37233,1
4,4,47,-1.37505,2.03209,-1.66582,-0.377744,-1.66582,1
4,2,81,1.15513,-2.15378,-4.70389,-1.77463,-1.77463,0
4,11,92,-5.14185,-5.14185,-6.43894,-2.39982,-2.39982,3
4,13,96,-5.75042,-5.75042,-3.41916,-2.99602,-2.99602,3
4,1,47,2.00679,2.89825,-1.66582,-0.377744,2.32009,1
1,5,58,2.51428,3.09305,-3.5329,-0.497556,3.09305,1
2,12,63,0.608256,0.493162,-4.03562,-0.692524,0.608256,0
1,1,37,3.84756,4.05176,0.962271,-0.077702,4.05176,1
1,10,45,2.676,2.99309,-0.989663,-0.351506,2.99309,1
2,4,39,3.28189,3.16011,0.982003,-0.317489,3.28189,0
2,1,36,3.78829,4.01106,1.45696,0.264588,3.78829,1
4,1,31,3.22073,3.59314,1.72456,-0.805878,2.40865,1
4,8,40,-2.00091,0.227082,0.424054,-0.32524,0.424054,2
3,2,55,2.04586,1.98588,-3.26052,-0.458097,1.98588,0
2,3,6,4.23206,5.28533,2.97518,-0.805878,5.28533,1
2,9,44,2.18004,1.37895,-0.646582,-0.45329,1.37895,0
4,9,49,-2.88215,-0.919106,-2.3856,-0.416188,-2.3856,3
1,11,31,3.64468,2.58186,1.72456,-0.805878,2.58186,0
4,8,78,-4.4203,-4.06104,-4.65291,-1.66623,-2.86363,3
2,10,45,2.30033,2.43597,-0.989663,-0.351506,2.43597,1
4,13,36,-1.77946,-1.72768,1.45696,0.264588,1.45696,2
2,11,73,-0.280913,0.17809,-4.58061,-1.30758,0.17809,1
3,18,53,-0.681818,0.831703,-3.24637,-0.595251,0.831703,1
2,9,28,2.44036,2.3298,1.70711,-0.805878,2.3298,0
3,12,38,2.09559,2.4984,0.671689,-0.230343,2.4984,1
4,6,90,-5.22327,-5.22327,-6.05291,-2.36134,-2.36134,3
2,3,54,2.58135,2.51341,-3.28628,-0.56961,2.51341,0
4,17,52,-2.89315,-1.05415,-3.16282,-0.404636,-0.404636,3
3,17,35,1.47455,2.86332,1.44812,-0.805878,2.86332,1
3,3,38,3.36273,1.50778,0.671689,-0.230343,1.50778,0
3,10,45,1.53129,0.502423,-0.989663,-0.351506,0.502423,0
4,19,54,-2.99027,-3.11365,-3.28628,-0.56961,-0.56961,3
3,5,40,2.39344,1.76643,0.424054,-0.32524,1.76643,0
4,11,80,-4.58061,-4.22557,-4.82344,-1.66435,-1.66435,3
4,2,77,1.47897,-1.94155,-4.67517,-1.58996,-1.58996,0
3,1,6,3.89959,2.7096,2.97518,-0.805878,2.7096,0
3,7,42,1.71425,1.93518,-0.0637023,-0.353411,1.93518,1
3,8,43,0.744809,1.58095,-0.351569,-0.382527,1.58095,1
3,11,46,0.050247,0.905141,-1.27338,-0.395639,0.905141,1
4,16,75,-4.27007,-4.27007,-4.90201,-1.41384,-1.41384,3
2,4,21,3.98867,3.57735,2.59473,-0.805878,3.57735,0
3,16,51,-0.615311,0.584749,-3.03783,-0.448822,0.584749,1
3,18,67,-0.911092,-0.130886,-4.33476,-0.933887,-0.130886,1
4,2,61,0.0633394,-0.00494133,-3.77303,-0.607646,-0.406825,0
4,5,69,0.585718,-0.0612164,-4.38821,-0.937499,-0.937499,0
3,20,62,-0.736219,-0.566149,-3.86868,-0.735614,-0.566149,1
3,13,39,1.38101,0.0868494,0.982003,-0.317489,0.0868494,0
4,18,53,-2.88215,-0.0764118,-3.24637,-0.595251,-0.595251,1
3,14,30,1.91375,2.39418,1.53923,-0.805878,2.39418,1
3,6,57,-0.853119,0.955077,-3.55909,-0.534181,0.955077,1
4,3,25,0.829781,0.215526,2.04479,-0.805878,2.04479,2
1,6,80,1.35171,0.168973,-4.82344,-1.66435,0.168973,0
4,11,46,-2.41163,-2.41163,-1.27338,-0.395639,-0.395639,3
3,8,51,-0.632621,-1.07709,-3.03783,-0.448822,-1.07709,3
4,16,54,-2.99027,-2.45956,-3.28628,-0.56961,-0.56961,3
1,8,44,1.96159,2.29901,-0.646582,-0.45329,2.29901,1
3,2,74,0.967873,0.827136,-4.86797,-1.45906,0.827136,0
2,7,64,1.27129,2.04605,-3.84075,-0.813937,2.04605,1
1,8,96,0.01916,0.418189,-3.41916,-2.99602,0.418189,1
1,11,36,3.2546,3.05739,1.45696,0.264588,3.05739,0
2,10,48,2.01723,2.25001,-2.02538,-0.386848,2.25001,1
4,9,46,-2.7155,-0.727165,-1.27338,-0.395639,-0.395639,3
4,20,70,-4.03562,-3.55462,-4.23657,-1.06699,-1.06699,3
2,5,61,2.61249,0.891833,-3.77303,-0.607646,0.891833,0
4,6,46,-0.0140532,1.49879,-1.27338,-0.395639,-1.27338,1
3,9,24,2.61387,2.73953,2.20454,-0.805878,2.73953,1
4,4,46,-1.32587,2.00952,-1.27338,-0.395639,-1.27338,1
4,2,80,1.02735,-2.37559,-4.82344,-1.66435,-2.37559,0
4,11,93,-5.61978,-5.61978,-3.41916,-2.51688,-2.51688,3
4,13,97,-6.05291,-6.05291,-3.41916,-2.81209,-2.81209,3
4,1,46,2.12334,2.91045,-1.27338,-0.395639,2.89634,1
1,5,59,2.50847,2.27313,-3.59803,-0.651593,2.27313,0
2,12,48,2.32608,2.30951,-2.02538,-0.386848,2.30951,0
1,1,36,3.79465,4.1229,1.45696,0.264588,4.1229,1
1,10,44,2.97405,3.5051,-0.646582,-0.45329,3.5051,1
2,1,35,3.79451,3.70114,1.44812,-0.805878,3.70114,0
4,19,91,-5.35927,-5.35927,-6.29331,-2.45927,-2.45927,3
3,19,35,1.54898,1.00772,1.44812,-0.805878,1.00772,0
2,2,36,3.90668,3.41684,1.45696,0.264588,3.41684,0
3,17,25,2.33393,3.14477,2.04479,-0.805878,3.14477,1
3,9,69,-0.24208,-0.656934,-4.38821,-0.937499,-0.656934,0
2,4,38,3.28781,3.43168,0.671689,-0.230343,3.43168,1
4,12,57,-2.97891,-0.989227,-3.55909,-0.534181,-0.534181,3
2,3,75,1.51678,1.57868,-4.90201,-1.41384,1.57868,1
3,2,52,2.24601,2.21119,-3.16282,-0.404636,2.21119,0
2,3,3,4.62241,4.44383,3,-0.805878,4.44383,0
2,9,43,2.25057,1.3592,-0.351569,-0.382527,1.3592,0
4,16,74,-4.33476,-4.33476,-4.86797,-1.45906,-1.45906,3
2,4,20,4.8689,4.72514,2.55099,-0.805878,4.72514,0
3,16,50,-0.601258,-0.78884,-2.70986,-0.510597,-0.78884,3
4,9,50,-2.99027,-0.989464,-2.70986,-0.510597,-0.510597,3
3,11,45,0.430962,0.776836,-0.989663,-0.351506,0.776836,1
1,1,54,2.86682,3.02987,-3.28628,-0.56961,3.02987,1
1,10,58,2.02824,2.44821,-3.5329,-0.497556,2.44821,1
2,12,46,2.54954,2.37308,-1.27338,-0.395639,2.37308,0
4,1,28,2.63543,4.35436,1.70711,-0.805878,3.27924,1
4,8,43,-2.24665,0.234376,-0.351569,-0.382527,-0.351569,1
3,7,55,-2.41965,0.697896,-3.26052,-0.458097,0.697896,1
3,1,35,3.4219,3.46981,1.44812,-0.805878,3.4219,1
4,11,81,-4.86797,-4.32424,-4.70389,-1.77463,-1.77463,3
4,2,76,1.64045,-1.80768,-4.75214,-1.45125,-1.62947,0
3,1,5,6.05254,6.44157,2.97834,-0.805878,6.05254,1
3,7,41,1.71524,2.08827,0.201755,-0.28101,2.08827,1
2,9,27,3.06727,4.27388,1.79261,-0.805878,4.27388,1
3,12,43,0.947122,1.72094,-0.351569,-0.382527,1.72094,1
4,6,95,-5.55605,-5.55605,-3.41916,-2.85377,-2.85377,3
2,3,51,2.74161,2.57636,-3.03783,-0.448822,2.57636,0
4,17,51,-2.78547,-1.01882,-3.03783,-0.448822,-0.448822,3
2,5,64,2.59046,0.630846,-3.84075,-0.813937,0.630846,0
4,5,68,0.450349,-0.0657441,-4.27007,-1.01066,-1.01066,0
3,20,57,-0.485958,-0.489985,-3.55909,-0.534181,-0.489985,0
3,13,38,1.36682,1.77277,0.671689,-0.230343,1.77277,1
4,18,52,-2.89315,0.000935337,-3.16282,-0.404636,-0.404636,1
1,11,30,3.53541,2.42955,1.53923,-0.805878,2.42955,0
4,8,79,-4.69937,-4.33476,-4.30456,-1.7295,-1.7295,3
2,10,46,2.34092,2.38404,-1.27338,-0.395639,2.38404,1
4,9,48,-2.89315,-0.862059,-2.02538,-0.386848,-2.02538,3
1,11,73,0.489236,1.43968,-4.58061,-1.30758,1.43968,1
4,10,82,-4.90201,-4.46546,-5.04662,-1.89873,-1.89873,3
1,8,13,5.02822,5.04699,2.91513,-0.805878,5.04699,1
2,14,45,1.37344,1.56023,-0.989663,-0.351506,1.56023,1
4,10,49,-2.88215,3.73678,-2.3856,-0.416188,-2.3856,1
1,3,68,2.55317,1.69814,-4.27007,-1.01066,1.69814,0
4,17,76,-4.38821,-4.38821,-4.75214,-1.45125,-1.45125,3
2,3,77,1.20659,1.45113,-4.67517,-1.58996,1.45113,1
4,12,51,-2.78547,-0.953588,-3.03783,-0.448822,-0.448822,3
3,18,35,1.52115,2.53478,1.44812,-0.805878,2.53478,1
2,11,95,-0.663512,-1.40938,-3.41916,-2.85377,-1.40938,0
4,17,56,-3.03023,-1.35092,-3.43957,-0.474568,-0.474568,3
2,11,42,1.85807,2.40782,-0.0637023,-0.353411,1.85807,1
3,18,20,2.69409,2.61169,2.55099,-0.805878,2.61169,0
4,13,67,-3.62281,-3.47656,-4.33476,-0.933887,-0.933887,3
3,20,42,-0.291027,0.437541,-0.0637023,-0.353411,0.437541,1
3,18,71,-0.730945,-1.1179,-4.4203,-1.13959,-1.1179,0
4,2,57,0.340904,0.123998,-3.55909,-0.534181,-3.55909,0
4,19,58,-3.03783,-3.41689,-3.5329,-0.497556,-0.497556,3
3,16,49,-0.393746,-0.6775,-2.3856,-0.416188,-0.6775,0
2,4,23,4.18082,2.27386,2.09672,-0.805878,2.27386,0
3,10,44,0.809821,0.450163,-0.646582,-0.45329,0.450163,0
3,14,29,2.07425,2.01629,1.67657,-0.805878,2.01629,0
3,6,58,-2.71889,-0.257756,-3.5329,-0.497556,-0.257756,1
4,3,30,0.374186,2.0508,1.53923,-0.805878,1.53923,1
3,8,48,0.614563,-0.319165,-2.02538,-0.386848,-0.319165,0
3,2,79,-0.852136,-0.107207,-4.30456,-1.7295,-0.107207,1
1,8,86,0.838416,1.19705,-5.61978,-2.01828,1.19705,1
4,10,45,-2.61941,4.14466,-0.989663,-0.351506,-0.989663,1
2,7,65,1.15481,1.90349,-4.11009,-0.783219,1.90349,1
1,11,35,3.11624,2.90536,1.44812,-0.805878,2.90536,0
2,10,49,1.87824,2.01269,-2.3856,-0.416188,2.01269,1
4,9,45,-2.61941,-0.612153,-0.989663,-0.351506,-0.989663,3
4,14,14,-0.580929,-0.580929,2.79075,-0.805878,2.79075,2
4,6,45,0.0486922,1.63524,-0.989663,-0.351506,-0.989663,1
4,4,45,-1.26033,2.08906,-0.989663,-0.351506,-0.989663,1
4,2,83,1.16518,-2.38467,-5.22327,-1.89942,-2.38467,0
4,11,98,-6.29331,-6.29331,-3.41916,-3.12829,-3.12829,3
4,1,45,2.18418,2.86682,-0.989663,-0.351506,2.18418,1
3,8,49,0.419531,-0.558442,-2.3856,-0.416188,-0.558442,0
1,11,86,1.16755,0.381488,-5.61978,-2.01828,0.381488,0
4,16,48,-2.52467,-2.52467,-2.02538,-0.386848,-0.386848,3
1,8,50,2.93092,3.23797,-2.70986,-0.510597,3.23797,1
3,2,72,0.483274,-0.426378,-4.69937,-1.21867,-0.426378,0
1,8,87,1.02618,1.32426,-5.60239,-2.09737,1.32426,1
4,10,44,-2.26409,-0.602975,-0.646582,-0.45329,-0.646582,3
2,7,66,1.04648,1.7164,-4.06104,-0.806488,1.04648,1
1,11,34,3.53648,3.35375,1.42834,-0.805878,3.35375,0
2,10,50,1.78528,2.05105,-2.70986,-0.510597,2.05105,1
4,9,44,-2.26409,0.24556,-0.646582,-0.45329,-0.646582,1
4,20,68,-3.77303,-3.40095,-4.27007,-1.01066,-1.01066,3
2,5,63,2.70429,0.939008,-4.03562,-0.692524,0.939008,0
4,2,51,0.527686,0.356675,-3.03783,-0.448822,-3.03783,0
3,18,77,-1.68797,-1.50802,-4.67517,-1.58996,-1.50802,1
3,9,26,2.25465,2.6836,2.08517,-0.805878,2.6836,1
4,4,44,-0.569209,1.42994,-0.646582,-0.45329,-0.646582,1
4,2,82,1.1075,-2.34601,-5.04662,-1.89873,-2.34601,0
4,11,99,-6.43894,-6.43894,-3.41916,-3.35117,-3.35117,3
4,13,95,-5.55605,-5.55605,-3.41916,-2.85377,-2.85377,3
1,16,61,2.12424,1.44828,-3.77303,-0.607646,1.44828,0
1,6,25,4.34129,3.68962,2.04479,-0.805878,3.68962,0
4,2,44,1.8275,-0.760682,-0.646582,-0.45329,-0.530138,0
4,1,44,3.44703,1.91411,-0.646582,-0.45329,1.03733,0
2,1,34,3.87549,3.73132,1.42834,-0.805878,3.73132,0
4,19,88,-4.70389,-4.70389,-5.55605,-2.24038,-2.24038,3
3,19,32,1.63189,1.77696,1.7249,-0.805878,1.77696,1
2,2,35,3.75028,3.25666,1.44812,-0.805878,3.25666,0
2,4,37,3.18109,3.32923,0.962271,-0.077702,3.32923,1
3,2,53,2.36024,2.19055,-3.24637,-0.595251,2.19055,0
2,9,42,2.41833,1.47529,-0.0637023,-0.353411,1.47529,0
1,3,71,2.02284,2.38111,-4.4203,-1.13959,2.38111,1
4,17,77,-4.23657,-4.23657,-4.67517,-1.58996,-1.58996,3
3,11,44,0.424105,-0.606782,-0.646582,-0.45329,-0.606782,0
2,20,37,2.29014,1.96481,0.962271,-0.077702,1.96481,0
1,5,28,4.42027,4.29313,1.70711,-0.805878,4.29313,0
4,6,93,-5.61978,-5.61978,-3.41916,-2.51688,-2.51688,3
3,12,45,1.37861,0.682765,-0.989663,-0.351506,0.682765,0
4,1,29,2.73662,3.88707,1.67657,-0.805878,2.94863,1
4,8,42,-2.16262,-0.0938465,-0.0637023,-0.353411,-0.0637023,2
3,7,54,-2.13759,0.783182,-3.28628,-0.56961,0.783182,1
3,1,34,3.44094,3.30423,1.42834,-0.805878,3.30423,0
4,11,86,-4.30456,-4.30456,-5.61978,-2.01828,-2.01828,3
4,2,79,1.03875,-2.20726,-4.30456,-1.7295,-2.20726,0
3,1,4,4.18593,5.19353,2.97261,-0.805878,4.18593,1
3,7,40,1.02886,1.7453,0.424054,-0.32524,1.7453,1
3,12,40,1.64795,2.13863,0.424054,-0.32524,2.13863,1
4,6,88,-4.70389,-4.70389,-5.55605,-2.24038,-2.24038,3
2,9,26,3.60032,4.58812,2.08517,-0.805878,4.58812,1
2,3,48,2.75863,2.38935,-2.02538,-0.386848,2.38935,0
4,17,50,-2.7155,-2.7155,-2.70986,-0.510597,-0.510597,3
4,13,77,-4.23657,-4.29976,-4.67517,-1.58996,-1.58996,3
3,20,60,-0.603061,-0.508037,-3.62281,-0.563066,-0.508037,1
2,9,86,0.557145,0.691913,-5.61978,-2.01828,0.691913,1
4,14,15,-0.479294,-0.479294,2.8676,-0.805878,2.8676,2
4,6,44,-2.26409,-0.0493353,-0.646582,-0.45329,-0.646582,1
1,8,97,-0.0334564,0.182473,-3.41916,-2.81209,0.182473,1
1,11,37,3.14736,3.03519,0.962271,-0.077702,3.03519,0
2,10,55,2.02677,1.69721,-3.26052,-0.458097,1.69721,0
4,9,47,-2.78547,-0.826762,-1.66582,-0.377744,-0.377744,3
1,11,74,0.538626,1.22479,-4.86797,-1.45906,1.22479,1
4,10,85,-4.65291,-4.76753,-5.14185,-2.10808,-2.10808,3
1,8,14,4.56709,4.94435,2.79075,-0.805878,4.94435,1
2,14,44,2.06424,1.92706,-0.646582,-0.45329,1.92706,0
4,10,48,-2.89315,3.77837,-2.02538,-0.386848,-2.02538,1
2,3,76,1.3271,1.49347,-4.75214,-1.45125,1.49347,1
4,12,50,-2.7155,-2.7155,-2.70986,-0.510597,-2.70986,3
3,12,39,1.71286,1.97905,0.982003,-0.317489,1.97905,1
4,6,91,-5.35927,-5.35927,-6.29331,-2.45927,-2.45927,3
2,3,55,2.32183,2.37469,-3.26052,-0.458097,2.37469,1
3,18,44,-0.313699,0.853376,-0.646582,-0.45329,0.853376,1
2,11,82,-0.11002,-0.382687,-5.04662,-1.89873,-0.382687,0
4,17,55,-3.02202,-1.32972,-3.26052,-0.458097,-0.458097,3
2,11,41,1.86067,2.33498,0.201755,-0.28101,2.33498,1
3,18,21,2.67763,3.43194,2.59473,-0.805878,3.43194,1
4,13,68,-3.77303,-3.62048,-4.27007,-1.01066,-1.01066,3
3,20,53,-0.361916,-0.24607,-3.24637,-0.595251,-0.24607,1
3,18,64,-0.341129,-0.146543,-3.84075,-0.813937,-0.146543,1
4,2,60,0.145328,0.0462868,-3.62281,-0.563066,-0.156702,0
4,19,57,-2.97891,-3.30021,-3.55909,-0.534181,-0.534181,3
3,16,48,-0.171407,-0.583847,-2.02538,-0.386848,-0.583847,0
2,4,22,3.93021,3.5093,2.39276,-0.805878,3.5093,0
3,8,41,1.14455,2.08473,0.201755,-0.28101,2.08473,1
3,10,43,0.72965,-0.233952,-0.351569,-0.382527,-0.233952,0
3,14,28,2.18475,2.04108,1.70711,-0.805878,2.04108,0
3,6,59,-0.185517,0.756091,-3.59803,-0.651593,0.756091,1
4,3,31,0.451572,2.0053,1.72456,-0.805878,1.72456,1
3,8,54,-0.0224005,0.230829,-3.28628,-0.56961,0.230829,1
3,2,77,0.0924551,0.487462,-4.67517,-1.58996,0.487462,1
1,8,84,1.13434,1.31688,-5.35927,-2.00544,1.31688,1
4,10,43,-2.24665,-0.412363,-0.351569,-0.382527,-0.382527,2
4,20,73,-4.06104,-4.06104,-4.58061,-1.30758,-1.30758,3
2,5,58,3.03108,0.8982,-3.5329,-0.497556,3.03108,0
4,6,43,-2.24665,0.129302,-0.351569,-0.382527,-0.382527,1
3,18,72,-0.765253,-1.15196,-4.69937,-1.21867,-1.15196,0
3,9,31,1.6462,1.58514,1.72456,-0.805878,1.58514,2
4,4,43,-0.53227,1.30174,-0.351569,-0.382527,-0.351569,1
2,16,16,3.17476,4.37092,2.59926,-0.805878,4.37092,1
4,3,43,-1.15075,2.0725,-0.351569,-0.382527,2.05786,1
4,1,43,3.47455,1.94777,-0.351569,-0.382527,1.42993,0
1,5,57,2.65734,2.51657,-3.55909,-0.534181,2.51657,0
2,12,62,0.66766,0.279619,-3.86868,-0.735614,0.279619,0
1,1,38,3.91432,4.03439,0.671689,-0.230343,4.03439,1
1,10,42,3.09786,3.69156,-0.0637023,-0.353411,3.69156,1
2,1,33,4.06829,3.82025,1.60775,-0.805878,3.82025,0
4,19,89,-5.04662,-5.04662,-5.75042,-2.39784,-2.39784,3
3,19,33,1.84053,1.28688,1.60775,-0.805878,1.28688,0
2,2,34,3.8717,3.77675,1.42834,-0.805878,3.77675,0
2,9,11,4.51973,4.57065,2.80572,-0.805878,4.57065,1
2,3,35,3.95456,3.08589,1.44812,-0.805878,3.08589,0
2,4,36,3.39945,3.45446,1.45696,0.264588,3.45446,1
4,20,94,-5.60239,-5.60239,-3.41916,-2.55553,-2.55553,3
2,5,37,3.12235,3.26385,0.962271,-0.077702,3.26385,1
2,14,35,2.77794,2.61497,1.44812,-0.805878,2.61497,0
4,9,52,-2.68861,-2.27275,-3.16282,-0.404636,-0.404636,3
3,7,53,-2.39882,0.86072,-3.24637,-0.595251,0.86072,1
3,1,33,3.54562,3.35832,1.60775,-0.805878,3.35832,0
3,1,19,2.33749,3.46852,2.73033,-0.805878,3.46852,1
3,7,39,1.73051,2.34307,0.982003,-0.317489,2.34307,1
3,11,43,0.827415,0.119898,-0.351569,-0.382527,0.119898,0
1,12,81,0.465072,0.784639,-4.70389,-1.77463,0.784639,1
4,15,47,-2.47724,-2.47724,-1.66582,-0.377744,-0.377744,3
3,8,40,1.43917,2.28393,0.424054,-0.32524,2.28393,1
2,9,25,3.67866,4.56861,2.04479,-0.805878,4.56861,1
2,3,61,2.25794,2.02458,-3.77303,-0.607646,2.02458,0
4,17,49,-2.61941,-2.61941,-2.3856,-0.416188,-0.416188,3
2,11,31,3.60757,3.01929,1.72456,-0.805878,3.01929,0
3,18,99,-2.65521,-2.8475,-3.41916,-3.35117,-2.8475,0
4,13,78,-4.4203,-4.34374,-4.65291,-1.66623,-1.66623,3
3,20,63,-0.754162,-0.5764,-4.03562,-0.692524,-0.5764,1
3,13,40,1.20964,0.463801,0.424054,-0.32524,0.463801,0
4,18,50,-2.7155,-2.7155,-2.70986,-0.510597,-0.510597,3
3,10,42,0.948495,0.745967,-0.0637023,-0.353411,0.745967,0
3,8,55,0.0321323,0.32643,-3.26052,-0.458097,0.32643,1
3,2,78,0.750701,0.604289,-4.65291,-1.66623,0.604289,0
1,8,85,0.907258,1.21034,-5.14185,-2.10808,1.21034,1
4,10,42,-2.16262,-0.515724,-0.0637023,-0.353411,-0.0637023,2
4,8,97,-6.05291,-6.05291,-3.41916,-2.81209,-2.81209,3
2,10,52,1.6308,1.40772,-3.16282,-0.404636,1.40772,0
4,9,42,-2.16262,0.555865,-0.0637023,-0.353411,-0.353411,1
4,20,74,-4.33476,-4.33476,-4.86797,-1.45906,-1.45906,3
2,5,57,2.994,0.905059,-3.55909,-0.534181,0.905059,0
4,6,42,-2.16262,-0.0249494,-0.0637023,-0.353411,-0.0637023,1
4,13,46,-2.41163,-2.41163,-1.27338,-0.395639,-1.27338,3
4,18,18,-0.728975,-0.728975,2.65786,-0.805878,2.65786,2
4,5,42,4.98701,0.912089,-0.0637023,-0.353411,-0.0637023,0
2,16,17,3.1981,2.76389,2.67763,-0.805878,2.76389,0
4,3,42,-1.10366,2.28704,-0.0637023,-0.353411,0.0866631,1
3,12,35,1.96254,2.80012,1.44812,-0.805878,2.80012,1
4,6,87,-4.82344,-4.82344,-5.60239,-2.09737,-2.09737,3
4,1,42,3.47307,1.93191,-0.0637023,-0.353411,1.38343,0
2,4,35,3.37889,3.64518,1.44812,-0.805878,3.64518,1
4,1,37,0.962911,2.47182,0.962271,-0.077702,1.52758,1
3,20,80,-1.24842,-1.37,-4.82344,-1.66435,-1.37,0
1,6,76,1.32203,0.362113,-4.75214,-1.45125,0.362113,0
4,2,19,-0.728975,-0.760146,2.73033,-0.805878,2.73033,2
4,11,34,-1.65275,-1.65275,1.42834,-0.805878,1.42834,2
3,14,18,2.65786,2.48856,2.65786,-0.805878,2.48856,0
3,6,37,1.65178,2.701,0.962271,-0.077702,2.701,1
1,5,38,3.35603,3.5702,0.671689,-0.230343,3.5702,1
1,6,36,3.90444,4.32906,1.45696,0.264588,4.32906,1
1,12,68,1.54734,1.08978,-4.27007,-1.01066,1.08978,0
4,15,92,-5.14185,-5.14185,-6.43894,-2.39982,-2.39982,3
4,19,23,-0.967684,-0.967684,2.09672,-0.805878,2.09672,2
4,8,85,-4.65291,-4.58061,-5.14185,-2.10808,-2.10808,3
3,2,20,3.24954,3.21463,2.55099,-0.805878,3.21463,0
3,4,35,3.02186,3.94518,1.44812,-0.805878,3.94518,1
2,3,8,5.38123,4.8788,2.93668,-0.805878,4.8788,0
3,5,36,2.24111,2.81435,1.45696,0.264588,2.81435,1
3,14,26,2.10171,2.81429,2.08517,-0.805878,2.81429,1
3,6,61,-0.640965,0.791045,-3.77303,-0.607646,0.791045,1
4,3,21,-0.362783,0.703425,2.59473,-0.805878,2.59473,2
1,6,84,0.955763,-0.161705,-5.35927,-2.00544,-0.161705,0
4,2,27,0.561378,0.370785,1.79261,-0.805878,-0.511712,2
4,11,42,-2.16262,-2.28768,-0.0637023,-0.353411,-0.0637023,2
4,20,71,-3.84075,-3.84075,-4.4203,-1.13959,-1.13959,3
2,5,60,2.82922,1.04947,-3.62281,-0.563066,1.04947,0
2,12,72,0.0876738,0.668505,-4.69937,-1.21867,0.668505,1
2,7,53,1.47131,2.39214,-3.24637,-0.595251,2.39214,1
2,16,30,2.26708,2.83175,1.53923,-0.805878,2.83175,1
4,3,41,-1.06317,2.30079,0.201755,-0.28101,0.201755,1
4,13,98,-6.29331,-6.29331,-3.41916,-3.12829,-3.12829,3
4,1,41,3.52952,1.87713,0.201755,-0.28101,1.84443,0
3,16,39,2.53183,0.573108,0.982003,-0.317489,0.573108,0
2,1,31,3.75234,3.81236,1.72456,-0.805878,3.81236,1
4,1,36,1.01317,2.49904,1.45696,0.264588,2.49904,1
3,20,81,-1.90748,-1.43135,-4.70389,-1.77463,-1.43135,1
1,6,79,1.45541,0.189149,-4.30456,-1.7295,0.189149,0
4,2,18,2.15925,5.61082,2.65786,-0.805878,0.798576,1
4,11,35,-1.73068,-1.73068,1.44812,-0.805878,1.44812,2
3,14,19,3.88695,2.80629,2.73033,-0.805878,2.80629,0
3,6,36,1.8999,3.0477,1.45696,0.264588,3.0477,1
4,6,94,-5.60239,-5.60239,-3.41916,-2.55553,-2.55553,3
3,12,42,1.17679,1.90106,-0.0637023,-0.353411,1.90106,1
1,12,67,1.62612,1.26047,-4.33476,-0.933887,1.26047,0
4,15,93,-5.61978,-5.61978,-3.41916,-2.51688,-2.51688,3
4,19,22,-0.882782,-0.882782,2.39276,-0.805878,2.39276,2
2,3,32,3.70145,2.97095,1.7249,-0.805878,3.70145,0
2,9,10,3.73809,4.16153,2.9161,-0.805878,4.16153,1
3,4,34,3.17343,3.84562,1.42834,-0.805878,3.84562,1
3,5,35,2.57052,2.93498,1.44812,-0.805878,2.93498,1
2,7,14,3.54368,4.7162,2.79075,-0.805878,4.7162,1
4,12,20,-0.805878,-0.805878,2.55099,-0.805878,2.55099,2
3,18,48,-0.38246,1.24929,-2.02538,-0.386848,1.24929,1
2,11,78,0.310442,0.0321273,-4.65291,-1.66623,0.0321273,0
4,17,43,-2.24665,-1.80122,-0.351569,-0.382527,-0.351569,2
3,14,25,2.29636,2.81856,2.04479,-0.805878,2.81856,1
3,6,62,-0.858967,0.735687,-3.86868,-0.735614,0.735687,1
4,3,26,0.676847,0.382778,2.08517,-0.805878,2.08517,2
1,6,81,1.3981,0.0607568,-4.70389,-1.77463,0.0607568,0
4,11,41,-2.08792,-2.21157,0.201755,-0.28101,-0.28101,2
3,8,53,-0.237574,0.289801,-3.24637,-0.595251,0.289801,1
3,2,76,0.0559043,0.528233,-4.75214,-1.45125,0.528233,1
1,8,91,0.772582,0.826047,-6.29331,-2.45927,0.826047,1
4,10,40,-2.00091,-0.23133,0.424054,-0.32524,0.424054,2
4,20,72,-4.11009,-4.11009,-4.69937,-1.21867,-1.21867,3
2,5,59,2.92943,0.829041,-3.59803,-0.651593,0.829041,0
4,6,40,-2.00091,0.0999526,0.424054,-0.32524,0.424054,2
4,1,40,3.41476,1.89502,0.424054,-0.32524,3.41476,0
1,16,72,0.595727,1.41619,-4.69937,-1.21867,1.41619,1
1,6,34,3.74046,4.14033,1.42834,-0.805878,4.14033,1
1,5,44,3.21932,3.62613,-0.646582,-0.45329,3.62613,1
2,12,41,2.35823,2.15188,0.201755,-0.28101,2.15188,0
1,1,59,2.75734,2.85257,-3.59803,-0.651593,2.85257,1
1,10,39,3.2408,3.80432,0.982003,-0.317489,3.80432,1
3,16,38,1.44679,1.75429,0.671689,-0.230343,1.75429,1
2,1,30,3.67302,3.61183,1.53923,-0.805878,3.67302,0
4,3,23,-0.522677,0.65625,2.09672,-0.805878,2.09672,2
1,6,74,1.71181,0.430525,-4.86797,-1.45906,0.430525,0
4,2,25,1.033,0.309478,2.04479,-0.805878,-0.434093,2
4,11,36,-1.77946,-1.77946,1.45696,0.264588,1.45696,2
3,14,20,2.72573,2.50067,2.55099,-0.805878,2.50067,0
2,19,99,-1.82103,-1.96226,-3.41916,-3.35117,-1.96226,0
3,6,35,1.97728,3.05913,1.44812,-0.805878,3.05913,1
3,8,85,-1.34705,-1.55253,-5.14185,-2.10808,-1.55253,0
1,5,32,3.7978,4.36958,1.7249,-0.805878,4.36958,1
1,6,38,3.46446,3.84529,0.671689,-0.230343,3.84529,1
3,14,22,2.65094,2.22209,2.39276,-0.805878,2.22209,0
3,6,33,1.79838,2.91137,1.60775,-0.805878,2.91137,1
2,19,97,-1.79362,-1.90548,-3.41916,-2.81209,-1.79362,0
3,4,40,1.72828,3.20082,0.424054,-0.32524,3.20082,1
4,13,88,-4.70389,-4.70389,-5.55605,-2.24038,-2.24038,3
2,13,96,-0.850612,-0.254873,-3.41916,-2.99602,-0.254873,1
1,11,66,1.7097,1.9638,-4.06104,-0.806488,1.9638,1
4,10,93,-5.61978,-5.61978,-3.41916,-2.51688,-2.51688,3
2,3,33,4.23235,3.36452,1.60775,-0.805878,3.36452,0
2,9,13,4.51141,4.64296,2.91513,-0.805878,4.64296,1
1,12,66,1.71148,1.39421,-4.06104,-0.806488,1.39421,0
4,15,94,-5.60239,-5.60239,-3.41916,-2.55553,-2.55553,3
4,19,25,-1.10732,-1.10732,2.04479,-0.805878,2.04479,2
4,8,87,-4.82344,-4.82344,-5.60239,-2.09737,-2.09737,3
3,2,22,3.45405,4.02167,2.39276,-0.805878,4.02167,1
3,4,33,3.15032,3.88917,1.60775,-0.805878,3.88917,1
3,5,34,2.91569,3.00591,1.42834,-0.805878,3.00591,1
2,7,13,4.44222,5.10064,2.91513,-0.805878,5.10064,1
4,12,21,-0.867753,-0.867753,2.59473,-0.805878,2.59473,2
3,18,49,-0.426841,1.14789,-2.3856,-0.416188,1.14789,1
2,11,77,0.176425,0.372484,-4.67517,-1.58996,0.372484,1
4,17,42,-2.16262,-1.72127,-0.0637023,-0.353411,-0.353411,2
3,14,24,2.43656,2.95698,2.20454,-0.805878,2.95698,1
3,6,63,-0.870588,0.846476,-4.03562,-0.692524,0.846476,1
4,3,27,0.819415,0.333378,1.79261,-0.805878,1.79261,2
1,6,86,1.37058,1.15053,-5.61978,-2.01828,1.15053,0
4,11,40,-2.00091,-2.18371,0.424054,-0.32524,0.424054,2
4,5,18,-0.728975,5.07494,2.65786,-0.805878,2.65786,1
3,13,24,2.48562,3.18474,2.20454,-0.805878,3.18474,1
4,18,34,-1.65275,-0.0215625,1.42834,-0.805878,1.42834,2
1,20,77,0.419339,0.172067,-4.67517,-1.58996,0.172067,0
4,14,43,-2.24665,1.30782,-0.351569,-0.382527,-0.382527,1
2,1,16,4.78679,4.28956,2.59926,-0.805878,4.28956,0
3,2,65,1.32294,1.60635,-4.11009,-0.783219,1.60635,1
1,8,88,0.836275,1.28078,-5.55605,-2.24038,1.28078,1
4,10,39,-1.93459,-0.163307,0.982003,-0.317489,0.982003,2
2,20,66,-0.256163,0.135938,-4.06104,-0.806488,0.135938,1
1,19,59,0.322897,1.34825,-3.59803,-0.651593,1.34825,1
3,6,19,3.49382,3.73746,2.73033,-0.805878,3.73746,1
3,10,68,-0.745711,-0.455299,-4.27007,-1.01066,-0.455299,1
4,4,39,-0.239675,1.55024,0.982003,-0.317489,0.982003,1
3,20,86,-1.68848,-2.20617,-5.61978,-2.01828,-2.20617,0
4,1,39,3.47098,1.99294,0.982003,-0.317489,1.95508,0
1,16,73,0.818702,1.60124,-4.58061,-1.30758,1.60124,1
1,6,45,2.57591,3.07464,-0.989663,-0.351506,3.07464,1
1,5,45,2.98201,3.2058,-0.989663,-0.351506,3.2058,1
2,12,42,2.20452,1.9208,-0.0637023,-0.353411,1.9208,0
1,1,58,2.84841,2.94087,-3.5329,-0.497556,2.94087,1
1,10,38,2.97077,3.4493,0.671689,-0.230343,3.4493,1
1,8,43,2.10165,2.57166,-0.351569,-0.382527,2.57166,1
4,16,47,-2.47724,-2.47724,-1.66582,-0.377744,-0.377744,3
2,14,42,2.42873,2.21739,-0.0637023,-0.353411,2.21739,0
3,8,52,-0.52069,0.326717,-3.16282,-0.404636,0.326717,1
3,2,67,1.23495,1.27682,-4.33476,-0.933887,1.27682,1
1,8,90,0.827891,1.11044,-6.05291,-2.36134,1.11044,1
4,10,41,-2.08792,-0.364877,0.201755,-0.28101,0.201755,2
3,18,75,-1.0194,-1.38966,-4.90201,-1.41384,-1.38966,0
3,9,28,0.469271,1.5959,1.70711,-0.805878,1.5959,2
4,4,42,-0.533216,1.5202,-0.0637023,-0.353411,-0.0637023,1
2,3,69,1.77446,1.6273,-4.38821,-0.937499,1.6273,0
4,12,43,-2.24665,2.36996,-0.351569,-0.382527,-0.382527,1
4,5,40,5.38761,0.994597,0.424054,-0.32524,0.424054,0
4,13,44,-2.26409,-1.86512,-0.646582,-0.45329,-0.45329,3
4,13,75,-4.27007,-4.29703,-4.90201,-1.41384,-1.41384,3
3,20,50,-0.711869,1.07255,-2.70986,-0.510597,1.07255,1
3,18,79,-1.2884,-1.64594,-4.30456,-1.7295,-1.64594,0
1,6,98,0.0350193,0.273163,-3.41916,-3.12829,0.273163,1
4,2,49,1.34806,2.29215,-2.3856,-0.416188,2.18798,1
3,7,67,-0.882649,0.734456,-4.33476,-0.933887,0.734456,1
3,1,63,1.40126,1.09194,-4.03562,-0.692524,1.40126,0
4,8,39,-1.93459,0.241816,0.982003,-0.317489,-0.317489,2
2,4,32,3.19879,3.45042,1.7249,-0.805878,3.45042,1
2,17,89,-1.27938,-0.912142,-5.75042,-2.39784,-0.912142,1
4,1,2,6.73672,4.14353,2.95846,-0.805878,2.39672,0
1,17,59,0.434477,1.65274,-3.59803,-0.651593,1.65274,1
1,16,75,0.619298,1.29246,-4.90201,-1.41384,1.29246,1
1,6,35,3.88198,3.9626,1.44812,-0.805878,3.9626,1
1,5,35,3.99355,3.93693,1.44812,-0.805878,3.93693,0
1,1,60,2.73088,2.82202,-3.62281,-0.563066,2.82202,1
1,10,36,3.23578,3.76745,1.45696,0.264588,3.76745,1
2,12,40,2.58713,2.26509,0.424054,-0.32524,2.26509,0
4,3,22,-0.467562,0.827831,2.39276,-0.805878,2.39276,2
1,6,85,1.04953,-0.146212,-5.14185,-2.10808,-0.146212,0
4,2,24,0.918578,0.39673,2.20454,-0.805878,2.20454,2
4,11,37,-1.84662,-1.84662,0.962271,-0.077702,0.962271,2
3,14,21,2.64729,2.7906,2.59473,-0.805878,2.7906,1
2,19,98,-1.69154,-1.82539,-3.41916,-3.12829,-1.82539,0
3,6,34,1.84848,3.0583,1.42834,-0.805878,3.0583,1
3,8,84,-1.27679,-1.5872,-5.35927,-2.00544,-1.5872,0
1,5,39,3.59846,3.71694,0.982003,-0.317489,3.71694,1
1,6,39,3.36921,3.70974,0.982003,-0.317489,3.70974,1
3,4,41,1.33941,3.05239,0.201755,-0.28101,3.05239,1
4,13,87,-4.82344,-4.82344,-5.60239,-2.09737,-2.09737,3
2,13,99,-1.15562,-0.460055,-3.41916,-3.35117,-0.460055,1
1,11,65,1.74152,1.9707,-4.11009,-0.783219,1.9707,1
4,10,90,-5.22327,-5.22327,-6.05291,-2.36134,-2.36134,3
3,14,23,2.59455,2.46323,2.09672,-0.805878,2.46323,0
2,19,96,-1.45262,-1.74491,-3.41916,-2.99602,-1.74491,0
3,6,32,1.78957,2.50747,1.7249,-0.805878,2.50747,1
4,3,16,1.25264,-0.543395,2.59926,-0.805878,2.59926,2
1,6,75,1.50005,0.395924,-4.90201,-1.41384,0.395924,0
4,2,30,2.0922,3.82714,1.53923,-0.805878,0.352898,1
4,11,39,-1.93459,-2.13918,0.982003,-0.317489,0.982003,2
2,3,38,3.74405,2.55455,0.671689,-0.230343,2.55455,0
2,9,12,3.1678,3.17296,2.93608,-0.805878,3.17296,1
1,12,65,1.77701,1.37715,-4.11009,-0.783219,1.37715,0
4,15,95,-5.55605,-5.55605,-3.41916,-2.85377,-2.85377,3
4,19,24,-1.02966,-1.02966,2.20454,-0.805878,2.20454,2
4,8,86,-4.30456,-4.30456,-5.61978,-2.01828,-2.01828,3
3,2,23,2.77754,3.08459,2.09672,-0.805878,3.08459,1
3,4,32,2.45347,3.20614,1.7249,-0.805878,3.20614,1
3,5,33,2.73029,3.07819,1.60775,-0.805878,3.07819,1
4,5,13,-0.496319,1.33127,2.91513,-0.805878,2.91513,2
1,20,66,0.841135,1.01636,-4.06104,-0.806488,1.01636,1
4,14,42,-2.16262,1.04861,-0.0637023,-0.353411,-0.0637023,1
2,1,17,4.41877,5.37748,2.67763,-0.805878,5.37748,1
2,7,9,2.90638,4.43112,2.89122,-0.805878,4.43112,1
4,12,25,-1.10732,-0.295487,2.04479,-0.805878,2.04479,2
3,2,66,1.52628,1.43623,-4.06104,-0.806488,1.43623,0
1,8,89,0.889205,1.17187,-5.75042,-2.39784,1.17187,1
4,10,38,-1.89425,-1.89425,0.671689,-0.230343,0.671689,2
3,7,66,-1.14369,0.766022,-4.06104,-0.806488,0.766022,1
3,1,62,1.88143,0.654566,-3.86868,-0.735614,0.654566,0
4,8,38,-1.89425,-1.89425,0.671689,-0.230343,0.671689,2
4,12,98,-6.29331,-6.29331,-3.41916,-3.12829,-3.12829,3
2,20,69,-0.745848,-0.295857,-4.38821,-0.937499,-0.295857,1
4,13,50,-2.7155,-2.7155,-2.70986,-0.510597,-2.70986,3
4,18,22,-0.882782,-0.882782,2.39276,-0.805878,2.39276,2
4,5,38,-1.88519,0.258813,0.671689,-0.230343,0.671689,2
1,19,58,0.349396,1.28847,-3.5329,-0.497556,1.28847,1
3,6,16,3.6732,3.74561,2.59926,-0.805878,3.74561,1
3,10,69,-1.30356,-0.495811,-4.38821,-0.937499,-0.495811,1
4,4,38,-0.868282,0.862519,0.671689,-0.230343,0.671689,1
3,20,87,-2.06366,-2.01423,-5.60239,-2.09737,-2.01423,1
4,1,38,0.938657,2.41994,0.671689,-0.230343,1.4563,1
1,16,74,0.704854,1.43844,-4.86797,-1.45906,1.43844,1
1,6,32,3.42859,3.8905,1.7249,-0.805878,3.8905,1
1,5,34,4.05011,3.82527,1.42834,-0.805878,3.82527,0
2,12,55,0.623949,0.567361,-3.26052,-0.458097,0.567361,0
1,1,61,2.61144,2.74089,-3.77303,-0.607646,2.74089,1
1,10,37,3.0186,3.6302,0.962271,-0.077702,3.6302,1
4,9,57,-3.00692,-2.41224,-3.55909,-0.534181,-0.534181,3
1,11,23,3.72255,5.25504,2.09672,-0.805878,3.72255,1
2,10,37,2.83229,2.56101,0.962271,-0.077702,2.56101,0
1,11,96,0.811275,-0.332785,-3.41916,-2.99602,-0.332785,0
1,8,36,3.29399,2.97292,1.45696,0.264588,2.97292,0
4,16,46,-2.41163,-2.41163,-1.27338,-0.395639,-0.395639,3
2,14,41,2.51852,2.36889,0.201755,-0.28101,2.36889,0
2,17,90,-1.66189,-1.14766,-6.05291,-2.36134,-1.14766,1
4,1,13,-0.496319,1.33127,2.91513,-0.805878,0.828432,2
1,17,58,0.32707,1.31214,-3.5329,-0.497556,1.31214,1
2,7,19,4.937,3.38998,2.73033,-0.805878,3.38998,0
4,12,19,-0.760146,-0.760146,2.73033,-0.805878,2.73033,2
4,17,44,-2.26409,-1.86403,-0.646582,-0.45329,-0.45329,3
4,3,17,-0.543395,5.32604,2.67763,-0.805878,0.7271,1
1,6,72,1.81021,0.580226,-4.69937,-1.21867,0.580226,0
4,2,31,2.28519,3.93393,1.72456,-0.805878,0.774426,1
4,11,38,-1.89425,-1.89425,0.671689,-0.230343,-0.230343,2
2,20,78,-0.685902,-1.00631,-4.65291,-1.66623,-1.00631,0
3,11,38,1.81609,2.155,0.671689,-0.230343,2.155,1
3,8,87,-2.28428,0.000209765,-5.60239,-2.09737,0.000209765,1
4,12,46,-2.41163,-2.41163,-1.27338,-0.395639,-0.395639,3
2,3,64,1.96187,2.01941,-3.84075,-0.813937,2.01941,1
3,4,42,1.31496,2.93238,-0.0637023,-0.353411,2.93238,1
4,13,86,-4.30456,-4.30456,-5.61978,-2.01828,-2.01828,3
1,12,75,0.760465,0.840924,-4.90201,-1.41384,0.840924,1
4,15,85,-4.65291,-4.49384,-5.14185,-2.10808,-2.10808,3
4,19,30,-1.41916,-1.41916,1.53923,-0.805878,1.53923,2
2,13,98,-1.23658,-0.505108,-3.41916,-3.12829,-0.505108,1
1,11,64,1.73302,2.12336,-3.84075,-0.813937,2.12336,1
4,10,91,-5.35927,-5.35927,-6.29331,-2.45927,-2.45927,3
3,5,32,1.39578,3.77012,1.7249,-0.805878,3.77012,1
2,7,15,3.79444,3.7742,2.8676,-0.805878,3.7742,0
4,12,23,-0.967684,-0.967684,2.09672,-0.805878,2.09672,2
3,18,51,-0.802155,0.77485,-3.03783,-0.448822,0.77485,1
2,11,79,0.176843,0.0699832,-4.30456,-1.7295,0.0699832,0
4,17,40,-2.00091,-1.60187,0.424054,-0.32524,-0.32524,2
4,5,16,-0.543395,-0.543395,2.59926,-0.805878,2.59926,2
3,13,26,2.29944,3.04808,2.08517,-0.805878,3.04808,1
4,18,32,-1.51638,-1.51638,1.7249,-0.805878,1.7249,2
1,20,79,0.224126,-0.0971209,-4.30456,-1.7295,-0.0971209,0
4,14,41,-2.08792,1.19804,0.201755,-0.28101,0.201755,1
2,7,8,3.96711,3.51506,2.93668,-0.805878,3.51506,0
4,12,22,-0.882782,-0.882782,2.39276,-0.805878,2.39276,2
3,2,71,0.435878,0.837133,-4.4203,-1.13959,0.837133,1
1,8,94,0.352744,0.675616,-3.41916,-2.55553,0.675616,1
4,10,37,-1.84662,-1.84662,0.962271,-0.077702,0.962271,2
2,4,34,3.34393,3.44316,1.42834,-0.805878,3.44316,1
1,19,57,0.695114,1.44,-3.55909,-0.534181,0.695114,1
3,6,45,0.471939,2.31795,-0.989663,-0.351506,2.31795,1
3,10,70,-0.560889,-0.283679,-4.23657,-1.06699,-0.283679,1
3,11,11,2.78691,3.47224,2.80572,-0.805878,3.47224,1
4,9,58,-3.00406,-2.48952,-3.5329,-0.497556,-0.497556,3
1,11,40,2.40358,2.9407,0.424054,-0.32524,2.9407,1
2,10,36,2.85875,3.04377,1.45696,0.264588,3.04377,1
1,11,97,0.727354,-0.456046,-3.41916,-2.81209,-0.456046,0
1,8,37,3.38052,2.9321,0.962271,-0.077702,2.9321,0
4,16,45,-2.28561,-2.28561,-0.989663,-0.351506,-0.351506,3
2,14,40,2.71261,2.32212,0.424054,-0.32524,2.32212,0
3,19,57,-0.375297,-0.354383,-3.55909,-0.534181,-0.354383,1
4,19,33,-1.57416,-1.57416,1.60775,-0.805878,1.60775,2
3,4,43,1.03758,2.96448,-0.351569,-0.382527,2.96448,1
1,12,76,1.11732,1.01119,-4.75214,-1.45125,1.01119,0
4,15,84,-4.67517,-4.3681,-5.35927,-2.00544,-2.00544,3
4,19,31,-1.46886,-1.46886,1.72456,-0.805878,1.72456,2
2,2,58,1.64421,2.268,-3.5329,-0.497556,2.268,1
1,12,20,4.12414,3.49908,2.55099,-0.805878,3.49908,0
2,17,95,-1.6371,-1.45631,-3.41916,-2.85377,-1.45631,1
1,17,37,3.0285,3.55263,0.962271,-0.077702,3.55263,1
3,8,86,-3.02532,-0.0924691,-5.61978,-2.01828,-0.0924691,1
1,5,33,3.63161,3.65534,1.60775,-0.805878,3.65534,1
1,6,33,3.50127,4.0342,1.60775,-0.805878,4.0342,1
4,6,22,-0.882782,3.45638,2.39276,-0.805878,2.39276,1
3,12,98,-2.30678,-2.50261,-3.41916,-3.12829,-2.50261,0
2,9,47,2.93618,1.8425,-1.66582,-0.377744,1.8425,0
2,3,7,5.70134,4.88651,2.92731,-0.805878,5.70134,0
1,10,32,3.92956,3.81725,1.7249,-0.805878,3.81725,0
1,1,32,3.96326,3.61165,1.7249,-0.805878,3.61165,0
3,5,31,1.26208,3.31529,1.72456,-0.805878,3.31529,1
2,7,18,4.36248,4.42944,2.65786,-0.805878,4.42944,1
4,12,16,-0.543395,-0.465852,2.59926,-0.805878,2.59926,2
3,18,52,-0.318882,1.0168,-3.16282,-0.404636,1.0168,1
2,11,74,-0.17011,0.405217,-4.86797,-1.45906,0.405217,1
4,17,47,-2.47724,-2.47724,-1.66582,-0.377744,-0.377744,3
4,5,19,-0.760146,-0.703918,2.73033,-0.805878,2.73033,2
3,13,25,2.48585,2.78414,2.04479,-0.805878,2.78414,1
4,18,35,-1.73068,-0.0573149,1.44812,-0.805878,1.44812,2
1,20,76,0.135554,-0.00817521,-4.75214,-1.45125,-0.00817521,0
4,14,40,-2.00091,1.47437,0.424054,-0.32524,-0.32524,1
3,2,64,1.32512,1.43219,-3.84075,-0.813937,1.43219,1
1,8,95,0.118706,0.540891,-3.41916,-2.85377,0.540891,1
4,10,36,-1.77946,-1.77946,1.45696,0.264588,1.45696,2
2,20,79,-0.766347,-1.09025,-4.30456,-1.7295,-1.09025,0
3,11,39,1.39842,1.00601,0.982003,-0.317489,1.00601,0
1,11,42,2.03367,2.39229,-0.0637023,-0.353411,2.39229,1
2,10,58,1.81601,1.34481,-3.5329,-0.497556,1.34481,0
4,9,36,-1.77946,-1.77946,1.45696,0.264588,0.264588,2
2,4,33,3.26465,3.43218,1.60775,-0.805878,3.43218,1
4,13,48,-2.52467,-2.52467,-2.02538,-0.386848,-2.02538,3
4,18,20,-0.805878,-0.805878,2.55099,-0.805878,2.55099,2
4,5,36,-1.77157,0.775091,1.45696,0.264588,1.45696,2
3,11,12,3.57894,4.59901,2.93608,-0.805878,4.59901,1
2,12,53,1.06578,0.903267,-3.24637,-0.595251,0.903267,0
1,1,63,2.48762,2.6233,-4.03562,-0.692524,2.6233,1
1,10,35,3.69243,3.78352,1.44812,-0.805878,3.78352,1
2,1,12,5.04537,5.3483,2.93608,-0.805878,5.04537,1
2,3,50,2.70247,2.39856,-2.70986,-0.510597,2.39856,0
2,9,24,3.641,4.58788,2.20454,-0.805878,4.58788,1
4,13,92,-5.14185,-5.14185,-6.43894,-2.39982,-2.39982,3
1,12,19,5.07635,3.53357,2.73033,-0.805878,3.53357,0
2,17,88,-1.39717,-0.948953,-5.55605,-2.24038,-0.948953,1
4,1,3,6.27361,3.00051,3,-0.805878,-0.800991,0
1,17,36,2.84149,3.29814,1.45696,0.264588,3.29814,1
3,8,81,-1.80824,-1.38333,-4.70389,-1.77463,-1.38333,1
2,19,53,-0.0936547,1.0881,-3.24637,-0.595251,1.0881,1
3,14,74,-0.682615,-0.531736,-4.86797,-1.45906,-0.531736,1
4,12,44,-2.26409,2.21311,-0.646582,-0.45329,-0.646582,1
2,3,70,1.61365,1.70186,-4.23657,-1.06699,1.61365,1
1,10,33,4.13798,3.77837,1.60775,-0.805878,3.77837,0
1,1,33,4.19344,3.87945,1.60775,-0.805878,3.87945,0
3,5,30,1.30941,3.47677,1.53923,-0.805878,3.47677,1
1,19,55,0.931785,1.49831,-3.26052,-0.458097,1.49831,1
3,10,80,-1.28393,0.233709,-4.82344,-1.66435,0.233709,1
3,6,31,2.50286,2.75503,1.72456,-0.805878,2.75503,1
2,7,17,4.28596,4.3849,2.67763,-0.805878,4.3849,1
4,12,17,-0.64769,-0.64769,2.67763,-0.805878,2.67763,2
4,17,46,-2.41163,-2.41163,-1.27338,-0.395639,-0.395639,3
3,17,78,-1.37894,-1.58474,-4.65291,-1.66623,-1.58474,0
3,3,69,0.240772,0.282396,-4.38821,-0.937499,0.282396,1
3,10,35,1.71843,2.1048,1.44812,-0.805878,2.1048,1
3,8,67,-0.745005,-0.254585,-4.33476,-0.933887,-0.254585,1
3,2,69,1.21256,1.32617,-4.38821,-0.937499,1.32617,1
1,8,92,0.696997,0.866366,-6.43894,-2.39982,0.866366,1
4,10,35,-1.73068,-1.73068,1.44812,-0.805878,1.44812,2
3,20,74,-0.5938,-1.27941,-4.86797,-1.45906,-1.27941,0
4,1,35,1.10153,2.60924,1.44812,-0.805878,1.34443,1
3,6,66,-0.519177,0.695863,-4.06104,-0.806488,0.695863,1
3,11,13,2.126,3.19276,2.91513,-0.805878,3.19276,1
2,12,54,0.655179,0.819969,-3.28628,-0.56961,0.819969,1
1,1,62,2.54783,2.69966,-3.86868,-0.735614,2.69966,1
1,10,34,3.74434,3.73678,1.42834,-0.805878,3.73678,0
4,2,94,-5.60239,-5.60239,-3.41916,-2.55553,-2.55553,3
3,18,42,0.0139506,1.15768,-0.0637023,-0.353411,1.15768,1
2,1,13,4.79304,5.05657,2.91513,-0.805878,5.05657,1
4,13,91,-5.35927,-5.35927,-6.29331,-2.45927,-2.45927,3
1,11,69,1.571,1.89215,-4.38821,-0.937499,1.89215,1
4,10,94,-5.60239,-5.60239,-3.41916,-2.55553,-2.55553,3
3,2,35,2.45128,2.74063,1.44812,-0.805878,2.45128,1
1,7,35,3.9532,3.69269,1.44812,-0.805878,3.69269,0
3,4,28,2.7748,3.33635,1.70711,-0.805878,3.33635,1
1,3,76,1.82876,2.33596,-4.75214,-1.45125,2.33596,1
4,17,68,-3.77303,-2.25121,-4.27007,-1.01066,-1.01066,3
3,3,68,-0.00780685,0.324355,-4.27007,-1.01066,0.324355,1
3,17,65,-1.10892,-0.0548554,-4.11009,-0.783219,-0.0548554,1
1,12,18,4.78047,4.47982,2.65786,-0.805878,4.47982,0
2,17,93,-1.63887,-1.21111,-3.41916,-2.51688,-1.21111,1
4,1,6,3.81933,-0.0435823,2.97518,-0.805878,-0.724203,0
1,17,39,3.11479,2.36707,0.982003,-0.317489,2.36707,0
3,8,80,-0.993914,-1.12848,-4.82344,-1.66435,-1.12848,0
4,12,47,-2.47724,-2.47724,-1.66582,-0.377744,-1.66582,3
2,3,65,1.921,1.82414,-4.11009,-0.783219,1.921,0
3,5,29,1.24405,3.14743,1.67657,-0.805878,3.14743,1
1,19,52,1.9688,1.80719,-3.16282,-0.404636,1.80719,0
3,10,83,-1.13459,-0.0511902,-5.22327,-1.89942,-0.0511902,1
3,6,30,1.74317,3.25975,1.53923,-0.805878,3.25975,1
4,17,45,-2.28561,-2.28561,-0.989663,-0.351506,-0.351506,3
2,7,12,4.82476,3.22497,2.93608,-0.805878,3.22497,0
4,12,18,-0.728975,-0.728975,2.65786,-0.805878,2.65786,2
4,5,9,-0.323307,-0.323307,2.89122,-0.805878,2.89122,2
1,20,70,0.56068,0.780071,-4.23657,-1.06699,0.780071,1
4,14,38,-1.89425,-0.116016,0.671689,-0.230343,0.671689,2
3,17,79,-2.37166,-1.87756,-4.30456,-1.7295,-1.87756,3
3,3,66,0.0447439,0.798271,-4.06104,-0.806488,0.798271,1
3,10,34,1.46177,2.05409,1.42834,-0.805878,2.05409,1
3,2,70,1.26275,1.35918,-4.23657,-1.06699,1.35918,1
1,8,93,0.457327,0.694279,-3.41916,-2.51688,0.694279,1
4,10,34,-1.65275,-1.65275,1.42834,-0.805878,1.42834,2
4,13,93,-5.61978,-5.61978,-3.41916,-2.51688,-2.51688,3
4,1,34,1.2103,2.5657,1.42834,-0.805878,1.2103,1
3,6,65,-1.26383,0.57012,-4.11009,-0.783219,0.57012,1
3,11,14,2.84497,3.5676,2.79075,-0.805878,3.5676,1
2,12,51,0.798212,1.56991,-3.03783,-0.448822,1.56991,1
1,8,40,2.23014,2.8561,0.424054,-0.32524,2.8561,1
4,16,42,-2.16262,-2.05166,-0.0637023,-0.353411,-0.353411,2
2,14,37,3.07074,2.81673,0.962271,-0.077702,2.81673,0
2,1,18,4.5406,4.46728,2.65786,-0.805878,4.46728,0
4,13,90,-5.22327,-5.22327,-6.05291,-2.36134,-2.36134,3
1,11,68,1.8158,1.94338,-4.27007,-1.01066,1.94338,1
4,10,95,-5.55605,-5.55605,-3.41916,-2.85377,-2.85377,3
3,2,44,2.93951,1.30378,-0.646582,-0.45329,1.30378,0
1,7,34,3.96307,3.88784,1.42834,-0.805878,3.88784,0
3,4,27,2.93614,4.36562,1.79261,-0.805878,4.36562,1
1,3,77,1.72844,2.24791,-4.67517,-1.58996,2.24791,1
4,17,71,-3.84075,-3.84075,-4.4203,-1.13959,-1.13959,3
1,12,17,4.29281,4.50499,2.67763,-0.805878,4.50499,1
2,2,16,4.02782,4.14842,2.59926,-0.805878,4.14842,1
2,17,94,-1.32949,-1.22461,-3.41916,-2.55553,-1.22461,1
4,1,1,3.04785,4.05431,3,-0.805878,2.11024,1
1,17,38,2.80694,3.36639,0.671689,-0.230343,3.36639,1
1,8,35,3.46043,2.95534,1.44812,-0.805878,2.95534,0
4,16,39,-1.93459,-1.8744,0.982003,-0.317489,-0.317489,2
3,5,28,1.50977,3.5284,1.70711,-0.805878,3.5284,1
1,19,41,2.62414,2.88672,0.201755,-0.28101,2.88672,1
3,10,86,-1.62053,-0.354962,-5.61978,-2.01828,-0.354962,1
3,6,29,2.50451,3.05464,1.67657,-0.805878,3.05464,1
4,5,12,-0.438248,4.82776,2.93608,-0.805878,2.93608,1
3,13,22,1.19652,3.20847,2.39276,-0.805878,3.20847,1
4,18,36,-1.77946,-0.126799,1.45696,0.264588,0.264588,2
1,20,67,0.817759,1.14722,-4.33476,-0.933887,1.14722,1
4,14,37,-1.84662,-0.113904,0.962271,-0.077702,0.962271,2
4,4,34,-0.691556,1.01001,1.42834,-0.805878,1.42834,2
2,7,67,1.169,1.78496,-4.33476,-0.933887,1.78496,1
2,14,61,0.342655,0.810486,-3.77303,-0.607646,0.810486,1
4,10,33,-1.57416,-1.57416,1.60775,-0.805878,1.60775,2
4,4,33,-0.710733,0.967878,1.60775,-0.805878,1.60775,2
4,1,33,1.26014,2.83482,1.60775,-0.805878,1.33557,1
3,14,73,-0.912175,-0.72451,-4.58061,-1.30758,-0.72451,1
2,19,54,-0.122105,1.03301,-3.28628,-0.56961,1.03301,1
3,11,48,0.0759009,0.912431,-2.02538,-0.386848,0.912431,1
1,10,31,3.91174,3.99425,1.72456,-0.805878,3.99425,1
3,5,20,4.2993,3.79916,2.55099,-0.805878,3.79916,0
2,9,34,3.17328,2.39622,1.42834,-0.805878,2.39622,0
2,3,24,4.14748,3.83926,2.20454,-0.805878,3.83926,0
1,16,76,0.60817,1.21754,-4.75214,-1.45125,1.21754,1
1,5,40,3.68303,3.87914,0.424054,-0.32524,3.87914,1
1,6,46,2.63813,3.0922,-1.27338,-0.395639,3.0922,1
4,12,40,-2.00091,2.96265,0.424054,-0.32524,0.424054,1
2,3,90,-0.213397,-0.377134,-6.05291,-2.36134,-0.377134,0
4,6,81,-4.86797,-4.63781,-4.70389,-1.77463,-1.77463,3
3,12,33,2.38755,2.90745,1.60775,-0.805878,2.90745,1
2,17,92,-1.5171,-1.01255,-6.43894,-2.39982,-1.01255,1
4,1,7,-0.323307,6.945,2.92731,-0.805878,4.66513,1
1,17,32,3.49753,3.16822,1.7249,-0.805878,3.16822,0
3,19,77,-1.14029,-1.26053,-4.67517,-1.58996,-1.26053,0
3,3,24,2.61611,2.69672,2.20454,-0.805878,2.69672,1
4,18,40,-2.00091,-1.66158,0.424054,-0.32524,-0.32524,2
3,13,34,1.75436,2.45136,1.42834,-0.805878,2.45136,1
4,16,37,-1.84662,-1.79066,0.962271,-0.077702,0.962271,2
3,5,26,3.00352,2.14166,2.08517,-0.805878,2.14166,0
2,17,41,1.5631,1.88591,0.201755,-0.28101,1.88591,1
1,19,51,2.12381,2.02035,-3.03783,-0.448822,2.12381,0
3,10,76,-0.556051,0.285587,-4.75214,-1.45125,0.285587,1
3,6,27,2.08158,2.77105,1.79261,-0.805878,2.77105,1
2,13,97,-0.920428,-0.287617,-3.41916,-2.81209,-0.287617,1
1,11,67,1.52254,1.89879,-4.33476,-0.933887,1.89879,1
4,10,92,-5.14185,-5.14185,-6.43894,-2.39982,-2.39982,3
4,13,89,-5.04662,-5.04662,-5.75042,-2.39784,-2.39784,3
1,20,64,1.02655,1.12679,-3.84075,-0.813937,1.12679,1
4,14,36,-1.77946,0.0410939,1.45696,0.264588,1.45696,2
1,11,47,3.04552,2.66691,-1.66582,-0.377744,2.66691,0
2,10,61,1.48333,1.27647,-3.77303,-0.607646,1.27647,0
4,9,33,-1.57416,-1.57416,1.60775,-0.805878,1.60775,2
2,20,72,-0.495042,-0.646766,-4.69937,-1.21867,-0.646766,0
2,12,17,3.21972,4.7257,2.67763,-0.805878,4.7257,1
1,10,15,4.44943,4.13376,2.8676,-0.805878,4.13376,0
3,11,32,1.69428,1.9293,1.7249,-0.805878,1.9293,1
3,6,64,-0.558442,1.3872,-3.84075,-0.813937,1.3872,1
3,11,15,2.83996,2.93941,2.8676,-0.805878,2.93941,1
2,12,52,0.894497,1.46629,-3.16282,-0.404636,1.46629,1
2,7,10,4.42938,4.95678,2.9161,-0.805878,4.95678,1
4,12,24,-1.02966,-0.257232,2.20454,-0.805878,2.20454,2
2,17,83,-1.09375,-1.26266,-5.22327,-1.89942,-1.26266,0
4,1,4,2.77517,5.19022,2.97261,-0.805878,2.77517,1
1,17,33,3.29509,3.94029,1.60775,-0.805878,3.94029,1
3,19,76,-1.112,-1.18987,-4.75214,-1.45125,-1.18987,0
3,3,25,3.36908,2.60761,2.04479,-0.805878,2.60761,0
3,19,53,-0.411293,0.11655,-3.24637,-0.595251,0.11655,1
4,19,37,-1.84662,-1.84662,0.962271,-0.077702,-0.077702,2
4,18,41,-2.08792,-1.72682,0.201755,-0.28101,-0.28101,2
3,13,35,1.45685,2.29911,1.44812,-0.805878,2.29911,1
3,5,27,2.82729,2.35789,1.79261,-0.805878,2.35789,0
1,19,54,0.875175,1.80402,-3.28628,-0.56961,1.80402,1
3,10,81,-0.820756,-0.312357,-4.70389,-1.77463,-0.312357,1
3,6,28,2.35982,3.53282,1.70711,-0.805878,3.53282,1
3,18,80,-1.86453,-2.02648,-4.82344,-1.66435,-2.02648,3
4,18,45,-2.28561,-2.28561,-0.989663,-0.351506,-0.989663,3
3,13,31,1.47471,3.22841,1.72456,-0.805878,3.22841,1
3,14,17,1.35032,2.86691,2.67763,-0.805878,2.86691,1
3,6,38,1.57961,2.40033,0.671689,-0.230343,2.40033,1
4,3,18,-0.651644,4.84526,2.65786,-0.805878,2.65786,1
1,6,73,1.68874,0.491668,-4.58061,-1.30758,0.491668,0
4,2,28,1.84802,4.23123,1.70711,-0.805878,-0.446085,1
4,11,33,-1.57416,-1.57416,1.60775,-0.805878,1.60775,2
4,5,15,-0.479294,-0.479294,2.8676,-0.805878,2.8676,2
2,2,84,0.810957,0.95446,-5.35927,-2.00544,0.95446,1
4,16,38,-1.89425,-1.85456,0.671689,-0.230343,-0.230343,2
3,2,68,1.34429,1.35202,-4.27007,-1.01066,1.35202,1
2,14,60,0.377758,0.824626,-3.62281,-0.563066,0.824626,1
4,10,32,-1.51638,-1.83363,1.7249,-0.805878,1.7249,2
2,20,71,-0.146169,-0.3546,-4.4203,-1.13959,-0.3546,0
4,4,32,-1.05072,3.33107,1.7249,-0.805878,1.7249,1
1,8,47,2.55779,3.27881,-1.66582,-0.377744,3.27881,1
4,16,43,-2.24665,-2.13149,-0.351569,-0.382527,-0.351569,2
2,14,38,2.93483,2.71293,0.671689,-0.230343,2.71293,0
3,20,85,-2.11743,-2.01312,-5.14185,-2.10808,-2.01312,1
4,1,32,3.2021,3.71497,1.7249,-0.805878,2.04944,1
3,14,78,-0.944519,-0.793377,-4.65291,-1.66623,-0.793377,1
2,19,57,-0.104916,1.09241,-3.55909,-0.534181,1.09241,1
3,11,49,-0.244315,0.495915,-2.3856,-0.416188,0.495915,1
3,6,60,0.578498,1.35617,-3.62281,-0.563066,1.35617,1
3,14,27,2.14807,2.67107,1.79261,-0.805878,2.67107,1
3,20,37,1.53536,1.04562,0.962271,-0.077702,1.04562,0
1,10,30,3.75442,4.14466,1.53923,-0.805878,4.14466,1
4,7,10,-0.318694,4.49157,2.9161,-0.805878,2.9161,1
2,5,25,3.45705,4.02513,2.04479,-0.805878,3.45705,1
2,2,91,-0.104679,-0.106984,-6.29331,-2.45927,-0.104679,0
3,2,45,3.66974,2.29502,-0.989663,-0.351506,2.29502,0
1,7,33,3.69745,3.88109,1.60775,-0.805878,3.88109,1
3,4,26,3.33191,4.43362,2.08517,-0.805878,4.43362,1
3,8,92,-1.98387,-0.278321,-6.43894,-2.39982,-0.278321,1
1,10,64,1.74524,2.10039,-3.84075,-0.813937,2.10039,1
1,16,79,-0.0207514,0.31479,-4.30456,-1.7295,0.31479,1
1,5,47,3.21477,3.03384,-1.66582,-0.377744,3.03384,0
1,6,47,2.55516,2.91471,-1.66582,-0.377744,2.91471,1
4,6,80,-4.58061,-4.41031,-4.82344,-1.66435,-4.41031,3
3,12,32,1.69643,2.05467,1.7249,-0.805878,2.05467,1
3,20,34,1.69269,1.29657,1.42834,-0.805878,1.29657,0
1,10,23,4.20518,5.21868,2.09672,-0.805878,5.21868,1
4,1,10,5.6418,6.21945,2.9161,-0.805878,4.81399,1
1,17,51,1.41264,2.04909,-3.03783,-0.448822,2.04909,1
4,18,43,-2.24665,-1.85439,-0.351569,-0.382527,-0.351569,2
3,13,33,1.9049,2.38203,1.60775,-0.805878,2.38203,1
3,5,25,3.08968,2.82045,2.04479,-0.805878,2.82045,0
2,17,40,1.66195,1.80813,0.424054,-0.32524,1.80813,1
1,19,48,1.79708,2.23417,-2.02538,-0.386848,2.23417,1
3,10,79,-0.764548,0.121769,-4.30456,-1.7295,0.121769,1
3,6,26,2.91031,3.09422,2.08517,-0.805878,3.09422,1
4,4,35,-0.680891,1.17185,1.44812,-0.805878,1.44812,2
3,8,34,1.96015,2.45102,1.42834,-0.805878,2.45102,1
3,2,89,-1.15312,-1.32236,-5.75042,-2.39784,-1.32236,0
3,1,87,-0.388201,-0.582571,-5.60239,-2.09737,-0.582571,0
2,10,30,2.97698,2.97516,1.53923,-0.805878,2.97516,0
4,8,31,-1.46886,-1.62949,1.72456,-0.805878,1.72456,2
2,5,14,4.76559,5.33356,2.79075,-0.805878,5.33356,1
4,7,31,-1.46886,-0.625819,1.72456,-0.805878,1.72456,2
4,5,31,-1.46886,2.0708,1.72456,-0.805878,1.72456,1
3,9,11,3.92851,3.06284,2.80572,-0.805878,3.06284,0
4,4,31,-1.00444,3.54333,1.72456,-0.805878,1.72456,1
1,6,87,1.11675,1.29706,-5.60239,-2.09737,1.29706,1
4,11,43,-2.24665,-2.35323,-0.351569,-0.382527,-0.382527,2
4,2,26,0.790514,0.442468,2.08517,-0.805878,-0.306539,2
1,10,26,4.3776,3.44681,2.08517,-0.805878,3.44681,0
2,12,14,3.54096,3.39044,2.79075,-0.805878,3.39044,0
2,14,88,-0.792935,-0.70868,-5.55605,-2.24038,-0.70868,1
3,7,28,1.67938,2.8206,1.70711,-0.805878,2.8206,1
3,1,8,5.4976,5.68285,2.93668,-0.805878,5.68285,1
3,14,15,2.89303,2.44742,2.8676,-0.805878,2.44742,0
3,6,40,1.02758,2.07747,0.424054,-0.32524,2.07747,1
1,6,67,1.9378,2.12036,-4.33476,-0.933887,2.12036,1
4,2,22,1.60383,3.92743,2.39276,-0.805878,2.39276,1
4,11,31,-1.46886,-1.46886,1.72456,-0.805878,1.72456,2
2,17,75,-0.30726,-0.844134,-4.90201,-1.41384,-0.844134,0
3,14,75,-1.37248,-0.906044,-4.90201,-1.41384,-0.906044,1
2,19,52,-0.0335716,1.01885,-3.16282,-0.404636,1.01885,1
3,11,50,-0.401816,0.582958,-2.70986,-0.510597,0.582958,1
2,12,15,4.27978,3.67274,2.8676,-0.805878,3.67274,0
1,10,29,3.95631,4.14661,1.67657,-0.805878,4.14661,1
2,2,24,3.99452,3.51879,2.20454,-0.805878,3.51879,0
3,20,43,-0.307915,0.282848,-0.351569,-0.382527,0.282848,1
4,12,15,-0.479294,-0.479294,2.8676,-0.805878,2.8676,2
2,7,23,4.02729,4.00693,2.09672,-0.805878,4.00693,0
4,9,31,-1.46886,-1.69631,1.72456,-0.805878,1.72456,2
3,1,30,3.67154,3.71292,1.53923,-0.805878,3.67154,1
3,7,34,0.631802,2.16429,1.42834,-0.805878,2.16429,1
2,2,21,4.48802,4.69694,2.59473,-0.805878,4.48802,1
4,6,31,-1.46886,0.552432,1.72456,-0.805878,1.72456,2
4,12,75,-4.27007,-1.05372,-4.90201,-1.41384,-1.41384,1
4,17,20,-0.805878,-0.805878,2.55099,-0.805878,2.55099,2
1,10,49,2.44774,2.81566,-2.3856,-0.416188,2.81566,1
1,1,49,3.23844,3.69807,-2.3856,-0.416188,3.69807,1
3,5,14,4.20895,5.71055,2.79075,-0.805878,5.71055,1
2,9,60,1.75818,1.39245,-3.62281,-0.563066,1.39245,0
2,3,22,4.22879,4.28008,2.39276,-0.805878,4.28008,1
4,9,65,-3.38493,-2.94817,-4.11009,-0.783219,-4.11009,3
3,1,86,-0.202178,-0.590794,-5.61978,-2.01828,-0.590794,0
4,8,30,-1.41916,-1.57333,1.53923,-0.805878,1.53923,2
2,10,29,2.59304,2.77271,1.67657,-0.805878,2.77271,1
3,2,46,3.79259,2.47602,-1.27338,-0.395639,2.47602,0
1,7,32,3.91163,4.21995,1.7249,-0.805878,4.21995,1
3,4,25,2.8948,4.25894,2.04479,-0.805878,4.25894,1
4,1,21,3.01527,1.0059,2.59473,-0.805878,3.01527,0
1,17,50,1.88349,2.41225,-2.70986,-0.510597,1.88349,1
2,17,43,1.49505,1.61571,-0.351569,-0.382527,1.61571,1
1,19,53,1.28866,1.82838,-3.24637,-0.595251,1.82838,1
3,10,82,-0.62292,0.064259,-5.04662,-1.89873,0.064259,1
3,6,25,2.43505,3.12689,2.04479,-0.805878,3.12689,1
4,7,11,-0.381377,-0.805878,2.80572,-0.805878,2.80572,2
2,5,26,2.81499,4.11421,2.08517,-0.805878,4.11421,1
3,10,29,2.40444,2.50685,1.67657,-0.805878,2.50685,1
3,8,83,-1.20228,-1.34245,-5.22327,-1.89942,-1.34245,0
2,19,55,-0.0761451,1.00438,-3.26052,-0.458097,1.00438,1
3,14,72,-1.1163,-0.503594,-4.69937,-1.21867,-0.503594,1
4,18,42,-2.16262,-1.78567,-0.0637023,-0.353411,-0.353411,2
3,13,32,1.53738,2.93552,1.7249,-0.805878,2.93552,1
3,8,35,1.89664,2.33973,1.44812,-0.805878,2.33973,1
3,2,90,-1.70707,-1.45781,-6.05291,-2.36134,-1.45781,1
2,5,13,4.52605,4.7639,2.91513,-0.805878,4.7639,1
4,7,30,-1.41916,-0.596911,1.53923,-0.805878,1.53923,2
4,6,30,-1.41916,0.615459,1.53923,-0.805878,1.53923,2
4,5,30,-1.41916,2.10676,1.53923,-0.805878,1.53923,1
4,4,30,-0.888344,3.42803,1.53923,-0.805878,1.53923,1
1,1,51,3.07272,3.24546,-3.03783,-0.448822,3.24546,1
1,10,63,1.8675,2.23759,-4.03562,-0.692524,2.23759,1
2,12,33,1.94284,4.26899,1.60775,-0.805878,4.26899,1
2,5,16,4.89655,4.61868,2.59926,-0.805878,4.61868,0
4,7,29,-1.34672,-0.483394,1.67657,-0.805878,1.67657,2
4,5,29,-1.34672,2.14024,1.67657,-0.805878,0.176653,1
4,4,29,-0.728733,3.45554,1.67657,-0.805878,1.67657,1
2,9,52,1.87084,1.96681,-3.16282,-0.404636,1.96681,1
2,3,46,2.63597,2.5854,-1.27338,-0.395639,2.5854,0
4,12,67,-3.62281,-1.73606,-4.33476,-0.933887,-0.933887,3
3,5,6,3.39168,4.4279,2.97518,-0.805878,4.4279,1
4,17,28,-1.27956,-1.27956,1.70711,-0.805878,1.70711,2
2,10,31,2.81155,2.7508,1.72456,-0.805878,2.7508,0
4,8,28,-1.27956,-1.44018,1.70711,-0.805878,1.70711,2
2,5,15,4.18431,4.67786,2.8676,-0.805878,4.18431,1
4,7,28,-1.27956,-0.781029,1.70711,-0.805878,1.70711,2
4,6,28,-1.27956,0.531912,1.70711,-0.805878,1.70711,2
4,5,28,-1.27956,2.38341,1.70711,-0.805878,2.38341,1
3,9,10,2.93645,3.72795,2.9161,-0.805878,3.72795,1
4,4,28,-0.680517,3.75255,1.70711,-0.805878,1.70711,1
4,15,21,-0.867753,-0.867753,2.59473,-0.805878,2.59473,2
1,16,78,0.180526,0.850183,-4.65291,-1.66623,0.850183,1
1,6,44,3.11445,3.53851,-0.646582,-0.45329,3.53851,1
1,5,46,2.97428,2.93493,-1.27338,-0.395639,2.93493,0
1,1,57,2.78187,2.84207,-3.55909,-0.534181,2.84207,1
1,10,57,2.16214,2.59412,-3.55909,-0.534181,2.59412,1
2,12,43,2.24461,1.82836,-0.351569,-0.382527,1.82836,0
2,5,10,5.15837,5.73286,2.9161,-0.805878,5.73286,1
4,7,27,-1.19634,-0.486369,1.79261,-0.805878,1.79261,2
2,9,95,-0.636268,-0.128538,-3.41916,-2.85377,-0.128538,1
4,6,27,-1.19634,-0.703099,1.79261,-0.805878,1.79261,2
4,5,27,-1.06202,0.296516,1.79261,-0.805878,1.79261,2
3,6,47,-0.137067,1.80057,-1.66582,-0.377744,1.80057,1
3,10,64,-0.0684757,0.100804,-3.84075,-0.813937,0.100804,1
2,14,84,-1.15758,0.253991,-5.35927,-2.00544,0.253991,1
3,7,16,3.51228,3.78434,2.59926,-0.805878,3.78434,1
3,1,12,4.59698,5.31322,2.93608,-0.805878,5.31322,1
2,2,41,2.92958,2.60126,0.201755,-0.28101,2.60126,0
4,14,97,-6.05291,-6.05291,-3.41916,-2.81209,-2.81209,3
4,6,6,-0.0435823,2.02906,2.97518,-0.805878,2.97518,2
4,5,26,-0.993509,0.3699,2.08517,-0.805878,2.08517,2
3,6,44,0.454018,1.7393,-0.646582,-0.45329,1.7393,1
3,10,65,-0.299296,0.011759,-4.11009,-0.783219,0.011759,1
2,14,91,-0.787468,-0.923371,-6.29331,-2.45927,-0.923371,0
3,7,31,1.55155,2.76132,1.72456,-0.805878,2.76132,1
3,1,11,4.08362,3.33892,2.80572,-0.805878,3.33892,0
2,2,42,2.87991,2.7713,-0.0637023,-0.353411,2.7713,0
3,14,16,2.8676,2.58666,2.59926,-0.805878,2.58666,0
3,6,39,1.00306,1.89253,0.982003,-0.317489,1.89253,1
4,3,19,-0.728975,-0.760146,2.73033,-0.805878,2.73033,2
1,6,78,1.50203,0.304101,-4.65291,-1.66623,0.304101,0
4,2,29,1.87878,4.00478,1.67657,-0.805878,-0.00432933,1
4,11,32,-1.51638,-1.51638,1.7249,-0.805878,1.7249,2
4,14,96,-5.75042,-5.75042,-3.41916,-2.99602,-2.99602,3
4,6,7,-0.247152,-0.247152,2.92731,-0.805878,2.92731,2
3,17,32,1.8031,1.89462,1.7249,-0.805878,1.89462,1
3,3,39,1.55274,1.91815,0.982003,-0.317489,1.91815,1
3,20,58,-0.482806,-0.818623,-3.5329,-0.497556,-0.818623,0
4,5,25,-0.918161,0.240566,2.04479,-0.805878,2.04479,2
3,14,14,2.90573,2.99419,2.79075,-0.805878,2.99419,1
3,6,41,1.12885,2.04724,0.201755,-0.28101,2.04724,1
3,10,66,-0.447839,0.0217168,-4.06104,-0.806488,0.0217168,1
3,9,9,2.80991,3.83485,2.89122,-0.805878,3.83485,1
4,4,25,0.387296,0.791185,2.04479,-0.805878,2.04479,2
3,11,55,-0.165863,0.782812,-3.26052,-0.458097,0.782812,1
1,7,7,5.69565,4.98701,2.92731,-0.805878,4.98701,0
2,12,12,3.82086,5.10752,2.93608,-0.805878,5.10752,1
1,10,24,4.07774,3.63704,2.20454,-0.805878,4.07774,0
2,20,70,-0.620472,-0.184204,-4.23657,-1.06699,-0.184204,1
3,11,53,-0.353048,0.712775,-3.24637,-0.595251,0.712775,1
2,1,32,3.59665,3.60314,1.7249,-0.805878,3.60314,1
1,6,88,1.09226,1.30669,-5.55605,-2.24038,1.30669,1
4,11,54,-2.99027,-2.88967,-3.28628,-0.56961,-0.56961,3
2,20,64,-0.102987,0.171509,-3.84075,-0.813937,0.171509,1
3,11,51,0.473866,0.819153,-3.03783,-0.448822,0.819153,1
1,10,28,3.9416,4.16412,1.70711,-0.805878,4.16412,1
2,10,64,1.2927,1.00511,-3.84075,-0.813937,1.00511,0
4,12,14,-0.580929,-0.580929,2.79075,-0.805878,2.79075,2
2,7,16,4.11935,4.56711,2.59926,-0.805878,4.56711,1
4,9,30,-1.41916,-1.63809,1.53923,-0.805878,1.53923,2
2,2,20,4.80631,4.60349,2.55099,-0.805878,4.60349,0
4,6,26,-1.12974,-0.636188,2.08517,-0.805878,2.08517,2
4,12,70,-4.03562,-2.00325,-4.23657,-1.06699,-1.06699,3
4,17,25,-1.10732,-1.10732,2.04479,-0.805878,2.04479,2
3,5,9,2.78342,4.45629,2.89122,-0.805878,4.45629,1
2,9,49,2.60959,1.65311,-2.3856,-0.416188,1.65311,0
2,3,21,4.41849,4.17367,2.59473,-0.805878,4.17367,0
4,9,66,-3.47846,-2.99624,-4.06104,-0.806488,-0.806488,3
3,1,85,-0.172742,1.33077,-5.14185,-2.10808,1.33077,1
4,8,25,-1.10732,0.324402,2.04479,-0.805878,2.04479,2
2,10,28,3.05332,2.87856,1.70711,-0.805878,2.87856,0
4,7,20,-0.805878,-0.747157,2.55099,-0.805878,2.55099,2
2,5,23,3.62201,4.05772,2.09672,-0.805878,4.05772,1
2,14,36,3.03419,2.84691,1.45696,0.264588,2.84691,0
1,8,41,2.13471,2.71583,0.201755,-0.28101,2.71583,1
4,16,41,-2.08792,-1.97327,0.201755,-0.28101,-0.28101,2
1,11,18,5.24505,5.51518,2.65786,-0.805878,5.51518,1
4,10,13,-0.496319,-0.496319,2.91513,-0.805878,2.91513,2
3,2,47,3.71755,2.60913,-1.66582,-0.377744,2.60913,0
3,4,24,2.98262,4.67979,2.20454,-0.805878,4.67979,1
2,17,71,0.0361899,-0.750805,-4.4203,-1.13959,-0.750805,0
4,1,8,5.58709,-0.304695,2.93668,-0.805878,5.58709,0
4,9,27,-1.19634,-0.447251,1.79261,-0.805878,1.79261,2
2,7,27,3.83757,4.08534,1.79261,-0.805878,3.83757,1
1,7,45,3.38433,3.32744,-0.989663,-0.351506,3.32744,0
3,4,22,3.16156,2.86229,2.39276,-0.805878,2.86229,0
2,1,15,5.06081,1.94715,2.8676,-0.805878,5.06081,0
1,10,56,2.17579,2.65562,-3.43957,-0.474568,2.65562,1
1,1,56,2.80367,2.91644,-3.43957,-0.474568,2.91644,1
3,5,23,2.64545,3.76721,2.09672,-0.805878,3.76721,1
2,17,42,1.72469,1.76949,-0.0637023,-0.353411,1.76949,1
1,19,50,1.60321,1.33402,-2.70986,-0.510597,1.33402,0
3,10,77,-0.587927,0.271436,-4.67517,-1.58996,0.271436,1
3,6,24,2.08192,3.08182,2.20454,-0.805878,3.08182,1
2,12,38,2.13499,3.83315,0.671689,-0.230343,3.83315,1
1,10,50,2.41368,2.79296,-2.70986,-0.510597,2.79296,1
3,11,29,1.90981,2.15943,1.67657,-0.805878,2.15943,1
4,16,36,-1.77946,-1.73881,1.45696,0.264588,1.45696,2
3,11,78,-0.236588,-1.20276,-4.65291,-1.66623,-1.20276,0
3,12,30,1.94626,1.75572,1.53923,-0.805878,1.75572,0
2,20,74,-0.424285,-0.735636,-4.86797,-1.45906,-0.735636,0
2,12,31,2.31036,2.21535,1.72456,-0.805878,2.21535,0
1,10,13,4.08607,4.16947,2.91513,-0.805878,4.16947,1
3,11,34,1.83641,2.75996,1.42834,-0.805878,2.75996,1
1,11,45,3.17284,2.64909,-0.989663,-0.351506,2.64909,0
2,10,63,1.32106,1.11164,-4.03562,-0.692524,1.11164,0
4,9,39,-1.93459,0.552177,0.982003,-0.317489,0.982003,2
2,3,68,1.82152,1.6545,-4.27007,-1.01066,1.6545,0
4,12,42,-2.16262,2.51298,-0.0637023,-0.353411,-0.353411,1
4,5,23,0.066115,1.83508,2.09672,-0.805878,2.09672,2
3,13,29,1.82527,3.25579,1.67657,-0.805878,3.25579,1
4,18,47,-2.47724,-2.47724,-1.66582,-0.377744,-0.377744,3
4,5,41,4.63997,0.941371,0.201755,-0.28101,-0.0772797,0
4,13,43,-2.24665,-1.80304,-0.351569,-0.382527,-0.382527,2
3,11,54,-0.119459,0.830093,-3.28628,-0.56961,0.830093,1
1,10,25,4.19412,3.40653,2.04479,-0.805878,3.40653,0
4,11,53,-2.88215,-2.7955,-3.24637,-0.595251,-0.595251,3
2,20,67,-0.24383,0.120529,-4.33476,-0.933887,0.120529,1
3,11,52,0.629346,0.913578,-3.16282,-0.404636,0.913578,1
2,12,13,4.09119,3.22992,2.91513,-0.805878,3.22992,0
1,10,27,4.3565,3.80237,1.79261,-0.805878,3.80237,0
1,6,91,0.829234,0.912891,-6.29331,-2.45927,0.912891,1
4,11,55,-3.02202,-2.94053,-3.26052,-0.458097,-0.458097,3
4,6,23,-0.967684,3.48303,2.09672,-0.805878,2.09672,1
3,12,99,-2.40043,-2.67952,-3.41916,-3.35117,-2.67952,0
2,9,46,2.53987,1.85134,-1.27338,-0.395639,1.85134,0
2,3,4,5.31885,5.78042,2.97261,-0.805878,5.78042,1
3,5,24,2.88277,2.60174,2.20454,-0.805878,2.60174,0
2,1,14,4.68579,5.01816,2.79075,-0.805878,5.01816,1
3,6,54,-0.618445,1.07362,-3.28628,-0.56961,1.07362,1
3,14,33,1.39144,1.92504,1.60775,-0.805878,1.92504,1
3,18,83,-1.49047,-2.06293,-5.22327,-1.89942,-2.06293,0
2,2,25,4.25852,3.17723,2.04479,-0.805878,3.17723,0
2,17,70,-0.201613,-0.399167,-4.23657,-1.06699,-0.399167,0
1,10,16,5.04822,4.22255,2.59926,-0.805878,4.22255,0
3,20,39,0.891596,0.225738,0.982003,-0.317489,0.225738,2
2,13,32,2.53856,2.84668,1.7249,-0.805878,2.84668,1
2,20,68,-0.401305,0.0301947,-4.27007,-1.01066,0.0301947,1
3,9,25,2.46039,2.47182,2.04479,-0.805878,2.47182,1
4,4,41,-0.529745,1.59969,0.201755,-0.28101,0.201755,1
1,3,19,3.89258,5.00652,2.73033,-0.805878,5.00652,1
2,6,25,3.51652,4.26958,2.04479,-0.805878,4.26958,1
1,7,46,3.17184,3.35907,-1.27338,-0.395639,3.35907,1
3,4,23,3.81535,0.662222,2.09672,-0.805878,0.662222,0
4,6,25,-1.10732,-0.578512,2.04479,-0.805878,2.04479,2
3,11,79,-0.0858849,-1.17254,-4.30456,-1.7295,-1.17254,0
3,12,31,1.89868,1.78978,1.72456,-0.805878,1.78978,0
2,5,9,4.09999,4.89449,2.89122,-0.805878,4.89449,1
4,7,26,-1.12974,-0.413242,2.08517,-0.805878,2.08517,2
4,5,8,-0.304695,1.32534,2.93668,-0.805878,-0.0949047,2
3,13,18,2.65786,2.43632,2.65786,-0.805878,2.43632,0
4,18,88,-4.70389,-4.70389,-5.55605,-2.24038,-2.24038,3
3,20,21,5.1669,2.82056,2.59473,-0.805878,2.82056,0
1,20,71,0.44336,0.247839,-4.4203,-1.13959,0.247839,0
4,14,33,-1.57416,-0.0183573,1.60775,-0.805878,1.60775,2
4,13,20,-0.805878,-0.805878,2.55099,-0.805878,2.55099,2
3,1,83,-0.0300506,1.34499,-5.22327,-1.89942,1.34499,1
2,10,18,3.07407,4.63551,2.65786,-0.805878,4.63551,1
4,8,27,-1.19634,0.380407,1.79261,-0.805878,1.79261,2
3,8,32,1.7784,4.02057,1.7249,-0.805878,4.02057,1
4,16,33,-1.57416,-1.52601,1.60775,-0.805878,1.60775,2
1,8,33,3.79893,3.10757,1.60775,-0.805878,3.10757,0
3,2,95,-1.13753,-1.68324,-3.41916,-2.85377,-1.68324,0
2,14,46,1.21826,1.53019,-1.27338,-0.395639,1.53019,1
1,11,99,0.150037,-0.731379,-3.41916,-3.35117,-0.731379,0
1,8,39,2.25888,2.82463,0.982003,-0.317489,2.82463,1
4,16,35,-1.73068,-1.66574,1.44812,-0.805878,1.44812,2
3,11,87,-1.85962,-0.803497,-5.60239,-2.09737,-0.803497,1
3,12,23,1.10117,2.97012,2.09672,-0.805878,2.97012,1
2,19,19,2.7888,2.73276,2.73033,-0.805878,2.73276,0
4,7,23,-0.967684,-0.821237,2.09672,-0.805878,2.09672,2
2,5,22,3.79963,4.48975,2.39276,-0.805878,4.48975,1
3,11,77,-0.370666,-0.825757,-4.67517,-1.58996,-0.825757,0
3,12,29,2.04495,2.27155,1.67657,-0.805878,2.27155,1
2,20,75,-0.333422,-0.874319,-4.90201,-1.41384,-0.874319,0
2,12,16,4.05924,3.29969,2.59926,-0.805878,3.29969,0
1,10,12,4.56605,4.37095,2.93608,-0.805878,4.56605,0
3,11,35,1.51559,2.75562,1.44812,-0.805878,2.75562,1
1,11,46,3.0817,2.65869,-1.27338,-0.395639,2.65869,0
2,10,62,1.25296,1.0692,-3.86868,-0.735614,1.0692,0
4,9,32,-1.51638,-1.75373,1.7249,-0.805878,1.7249,2
4,13,94,-5.60239,-5.60239,-3.41916,-2.55553,-2.55553,3
4,8,16,-0.543395,3.50431,2.59926,-0.805878,2.59926,1
2,10,27,3.79382,3.22339,1.79261,-0.805878,3.79382,0
2,17,64,-0.0528472,0.203713,-3.84075,-0.813937,0.203713,1
4,1,11,5.23159,5.77696,2.80572,-0.805878,1.18376,1
1,17,60,0.350832,1.62658,-3.62281,-0.563066,1.62658,1
3,4,44,1.48755,2.78667,-0.646582,-0.45329,2.78667,1
1,12,77,0.795245,0.80775,-4.67517,-1.58996,0.80775,1
4,15,83,-4.75214,-4.43112,-5.22327,-1.89942,-1.89942,3
4,19,28,-1.27956,-1.27956,1.70711,-0.805878,1.70711,2
3,5,22,3.14679,4.2633,2.39276,-0.805878,4.2633,1
2,17,45,1.11442,2.61697,-0.989663,-0.351506,2.61697,1
3,10,72,-0.465466,0.462462,-4.69937,-1.21867,0.462462,1
3,6,23,4.07497,4.41178,2.09672,-0.805878,4.41178,1
3,6,46,0.524807,2.04118,-1.27338,-0.395639,2.04118,1
3,10,67,-0.386864,-0.049987,-4.33476,-0.933887,-0.049987,1
3,9,14,2.79048,4.00831,2.79075,-0.805878,4.00831,1
4,4,24,0.325082,0.694074,2.20454,-0.805878,2.20454,2
2,15,32,2.69382,3.20948,1.7249,-0.805878,3.20948,1
2,1,29,3.69473,3.78569,1.67657,-0.805878,3.78569,1
2,4,7,4.44789,4.62404,2.92731,-0.805878,4.44789,1
3,16,33,1.76889,2.19025,1.60775,-0.805878,2.19025,1
2,12,37,2.31824,4.17718,0.962271,-0.077702,4.17718,1
1,10,51,2.21107,2.65573,-3.03783,-0.448822,2.65573,1
3,11,28,2.30805,2.32571,1.70711,-0.805878,2.32571,1
2,1,4,4.43549,4.59664,2.97261,-0.805878,4.43549,1
3,20,33,1.8018,1.6676,1.60775,-0.805878,1.6676,0
1,10,18,5.0861,4.64905,2.65786,-0.805878,4.64905,0
1,5,98,-0.418387,0.174986,-3.41916,-3.12829,0.174986,1
1,6,96,0.210864,0.431886,-3.41916,-2.99602,0.431886,1
4,2,55,0.295054,0.135664,-3.26052,-0.458097,-0.275449,0
3,18,73,-0.926133,-1.55227,-4.58061,-1.30758,-1.55227,0
3,9,30,1.65057,1.06107,1.53923,-0.805878,1.06107,0
4,4,40,-0.420493,1.6851,0.424054,-0.32524,0.424054,1
4,5,20,-0.805878,2.7285,2.55099,-0.805878,2.55099,1
3,13,30,1.7727,3.28509,1.53923,-0.805878,3.28509,1
4,18,44,-2.26409,-1.9075,-0.646582,-0.45329,-0.45329,3
4,5,46,-2.48511,2.76813,-1.27338,-0.395639,-1.27338,1
4,18,30,-1.41916,-1.41916,1.53923,-0.805878,1.53923,2
4,13,42,-2.16262,-1.54644,-0.0637023,-0.353411,-0.353411,2
2,2,93,-0.0877427,-0.298032,-3.41916,-2.51688,-0.298032,0
3,8,93,-2.1491,-0.301099,-3.41916,-2.51688,-0.301099,1
3,19,48,0.0362739,1.60749,-2.02538,-0.386848,1.60749,1
4,19,40,-2.00091,-1.91091,0.424054,-0.32524,-0.32524,2
2,5,36,3.32433,3.67157,1.45696,0.264588,3.67157,1
4,20,95,-5.55605,-5.55605,-3.41916,-2.85377,-2.85377,3
3,17,45,-0.159627,-0.367615,-0.989663,-0.351506,-0.367615,0
3,3,32,2.64359,1.92062,1.7249,-0.805878,1.92062,0
4,13,14,-0.580929,-0.580929,2.79075,-0.805878,2.79075,2
1,12,86,0.76284,0.596677,-5.61978,-2.01828,0.596677,0
4,15,42,-2.16262,-1.79362,-0.0637023,-0.353411,-0.353411,2
2,14,94,-0.918041,-1.46207,-3.41916,-2.55553,-1.46207,0
3,8,38,1.94732,1.7073,0.671689,-0.230343,1.7073,0
3,2,93,-1.14601,-1.4937,-3.41916,-2.51688,-1.4937,0
2,5,38,3.02402,3.22159,0.671689,-0.230343,3.22159,1
4,20,93,-5.61978,-5.61978,-3.41916,-2.51688,-2.51688,3
2,17,74,0.0519785,-0.584821,-4.86797,-1.45906,-0.584821,0
3,6,43,0.5003,1.67126,-0.351569,-0.382527,1.67126,1
1,6,66,2.0434,2.33421,-4.06104,-0.806488,2.33421,1
4,2,17,-0.543395,4.61533,2.67763,-0.805878,2.67763,1
4,11,28,-1.27956,-1.27956,1.70711,-0.805878,1.70711,2
4,12,29,-1.34672,-1.34672,1.67657,-0.805878,1.67657,2
2,10,24,3.48396,3.74037,2.20454,-0.805878,3.74037,1
4,8,29,-1.34672,-1.51229,1.67657,-0.805878,1.67657,2
2,10,70,1.27304,0.866242,-4.23657,-1.06699,0.866242,0
4,9,24,-1.02966,-0.347636,2.20454,-0.805878,2.20454,2
4,12,12,-0.438248,-0.438248,2.93608,-0.805878,2.93608,2
2,7,22,4.04736,3.74275,2.39276,-0.805878,3.74275,0
4,13,16,-0.543395,4.32065,2.59926,-0.805878,2.59926,1
2,20,77,-0.370783,-0.805848,-4.67517,-1.58996,-0.805848,0
2,12,30,2.8305,2.75325,1.53923,-0.805878,2.75325,0
1,10,10,4.91021,5.42486,2.9161,-0.805878,4.91021,1
3,11,37,1.61424,2.57263,0.962271,-0.077702,2.57263,1
1,11,44,1.83919,2.36276,-0.646582,-0.45329,2.36276,1
2,10,56,1.88841,1.54712,-3.43957,-0.474568,1.54712,0
4,9,38,-1.89425,-1.89425,0.671689,-0.230343,-0.230343,2
4,9,69,-3.67095,-3.2559,-4.38821,-0.937499,-0.937499,3
4,8,18,-0.728975,-0.728975,2.65786,-0.805878,2.65786,2
2,10,25,3.7505,3.4255,2.04479,-0.805878,3.4255,0
4,1,9,2.33185,-0.323307,2.89122,-0.805878,-0.363541,2
3,4,46,0.39712,1.00305,-1.27338,-0.395639,1.00305,1
1,12,79,0.646991,0.91133,-4.30456,-1.7295,0.91133,1
4,15,81,-4.86797,-4.45179,-4.70389,-1.77463,-1.77463,3
4,19,26,-1.12974,-1.12974,2.08517,-0.805878,2.08517,2
1,19,49,1.72986,2.1344,-2.3856,-0.416188,2.1344,1
3,10,78,-0.575176,0.204105,-4.65291,-1.66623,0.204105,1
3,6,21,4.02105,4.57517,2.59473,-0.805878,4.57517,1
4,4,10,3.00962,6.945,2.9161,-0.805878,2.9161,1
2,15,30,2.41745,3.31244,1.53923,-0.805878,3.31244,1
1,20,78,0.398661,0.00803706,-4.65291,-1.66623,0.00803706,0
4,14,46,-2.41163,-2.41163,-1.27338,-0.395639,-1.27338,3
3,13,27,2.28313,2.53051,1.79261,-0.805878,2.53051,1
4,18,33,-1.57416,-0.0268025,1.60775,-0.805878,1.60775,2
3,8,36,1.7935,2.40843,1.45696,0.264588,2.40843,1
3,2,83,0.0930909,0.179667,-5.22327,-1.89942,0.179667,1
2,12,39,2.41881,2.38565,0.982003,-0.317489,2.38565,0
1,10,53,2.10162,2.64801,-3.24637,-0.595251,2.64801,1
3,11,26,2.23445,2.52162,2.08517,-0.805878,2.52162,1
3,8,95,-2.39924,-0.710683,-3.41916,-2.85377,-0.710683,1
2,19,59,-0.123012,0.852065,-3.59803,-0.651593,0.852065,1
3,14,76,-1.90959,-1.4981,-4.75214,-1.45125,-1.4981,3
4,15,97,-6.05291,-6.05291,-3.41916,-2.81209,-2.81209,3
3,19,50,-0.220723,1.16752,-2.70986,-0.510597,1.16752,1
4,19,42,-2.16262,-2.02961,-0.0637023,-0.353411,-0.353411,2
4,18,46,-2.41163,-2.41163,-1.27338,-0.395639,-0.395639,3
3,13,28,1.91412,3.28787,1.70711,-0.805878,3.28787,1
2,1,10,4.8885,5.44858,2.9161,-0.805878,5.44858,1
3,20,35,1.58172,1.21537,1.44812,-0.805878,1.21537,0
1,10,20,4.37755,3.40448,2.55099,-0.805878,3.40448,0
2,7,11,4.11115,5.00193,2.80572,-0.805878,5.00193,1
4,12,27,-1.19634,-0.42213,1.79261,-0.805878,1.79261,2
3,7,81,-0.821569,0.817605,-4.70389,-1.77463,0.817605,1
3,1,77,1.35749,2.23817,-4.67517,-1.58996,2.23817,1
4,8,49,-2.88215,-1.68047,-2.3856,-0.416188,-2.3856,3
3,3,35,3.01846,2.29412,1.44812,-0.805878,2.29412,0
3,17,44,-0.0235311,0.462232,-0.646582,-0.45329,0.462232,1
4,5,56,1.37555,0.634488,-3.43957,-0.474568,-3.43957,0
4,13,76,-4.38821,-4.33898,-4.75214,-1.45125,-1.45125,3
3,20,61,-0.662293,-0.492698,-3.77303,-0.607646,-0.492698,1
4,13,99,-6.43894,-6.43894,-3.41916,-3.35117,-3.35117,3
4,7,8,-0.304695,-0.29117,2.93668,-0.805878,2.93668,2
2,5,27,3.04742,4.07295,1.79261,-0.805878,4.07295,1
3,10,28,2.71144,2.48494,1.70711,-0.805878,2.48494,0
2,5,12,4.22718,5.18819,2.93608,-0.805878,5.18819,1
4,7,25,-1.10732,-0.317074,2.04479,-0.805878,2.04479,2
4,13,19,-0.760146,-0.760146,2.73033,-0.805878,2.73033,2
3,1,82,0.645852,1.75049,-5.04662,-1.89873,1.75049,1
2,10,17,3.68233,4.89523,2.67763,-0.805878,4.89523,1
4,8,26,-1.12974,0.539355,2.08517,-0.805878,2.08517,2
1,8,32,3.81927,4.06536,1.7249,-0.805878,4.06536,1
4,16,34,-1.65275,-1.58726,1.42834,-0.805878,1.42834,2
1,12,87,0.676369,0.600272,-5.60239,-2.09737,0.600272,0
4,15,41,-2.08792,-1.73309,0.201755,-0.28101,-0.28101,2
2,14,95,-0.884223,-1.19636,-3.41916,-2.85377,-1.19636,0
3,8,33,2.00869,2.34302,1.60775,-0.805878,2.34302,1
4,16,32,-1.51638,-1.51638,1.7249,-0.805878,1.7249,2
1,8,34,3.37582,2.88654,1.42834,-0.805878,2.88654,0
3,2,88,-0.805693,-1.16448,-5.55605,-2.24038,-1.16448,0
2,5,39,2.40705,3.44017,0.982003,-0.317489,3.44017,1
4,20,92,-5.14185,-5.14185,-6.43894,-2.39982,-2.39982,3
2,17,73,-0.139055,-0.885026,-4.58061,-1.30758,-0.885026,0
3,6,42,0.792441,1.87344,-0.0637023,-0.353411,1.87344,1
1,6,77,1.41926,0.333439,-4.67517,-1.58996,0.333439,0
4,2,16,3.04922,-0.543395,2.59926,-0.805878,-0.674636,0
4,11,29,-1.34672,-1.34672,1.67657,-0.805878,1.67657,2
2,2,39,3.10743,2.76865,0.982003,-0.317489,2.76865,0
2,11,15,4.45518,3.73445,2.8676,-0.805878,3.73445,0
3,11,76,0.00450727,-0.852118,-4.75214,-1.45125,-0.852118,0
3,12,28,2.06132,2.29167,1.70711,-0.805878,2.29167,1
4,4,11,-0.304695,2.57953,2.80572,-0.805878,2.80572,2
2,15,31,2.82854,3.24332,1.72456,-0.805878,3.24332,1
4,5,63,1.13161,0.292274,-4.03562,-0.692524,-0.692524,0
3,20,24,2.09672,2.49485,2.20454,-0.805878,2.49485,1
4,18,87,-4.82344,-4.82344,-5.60239,-2.09737,-2.09737,3
4,14,52,-2.89315,2.14264,-3.16282,-0.404636,-0.404636,1
3,7,84,-1.0362,0.380166,-5.35927,-2.00544,0.380166,1
3,1,64,1.70063,1.06401,-3.84075,-0.813937,1.06401,0
4,8,52,-0.589392,0.355171,-3.16282,-0.404636,-0.404636,1
3,3,36,3.02335,2.22428,1.45696,0.264588,2.22428,0
3,17,33,1.71749,2.83653,1.60775,-0.805878,2.83653,1
2,14,47,0.843823,1.10433,-1.66582,-0.377744,1.10433,1
1,11,98,0.331453,-0.536911,-3.41916,-3.12829,-0.536911,0
1,8,38,3.41874,2.98576,0.671689,-0.230343,2.98576,0
4,16,44,-2.26409,-2.21163,-0.646582,-0.45329,-0.45329,3
4,7,9,-0.323307,-0.323307,2.89122,-0.805878,2.89122,2
2,5,28,3.67998,3.92128,1.70711,-0.805878,3.92128,1
3,10,31,2.58891,2.3985,1.72456,-0.805878,2.3985,0
4,11,87,-4.82344,-4.82344,-5.60239,-2.09737,-2.09737,3
4,2,78,1.51802,-1.85546,-4.65291,-1.66623,-1.85546,0
3,1,3,6.45059,2.68556,3,-0.805878,2.68556,0
3,7,23,2.21562,4.00004,2.09672,-0.805878,4.00004,1
3,2,56,1.96735,1.94738,-3.43957,-0.474568,1.94738,0
3,4,55,1.45781,1.04465,-3.26052,-0.458097,1.04465,0
2,3,31,3.5552,3.10437,1.72456,-0.805878,3.10437,0
2,9,39,2.87195,2.00618,0.982003,-0.317489,2.00618,0
2,2,9,5.25736,2.37641,2.89122,-0.805878,2.37641,0
3,15,31,1.83509,1.98487,1.72456,-0.805878,1.98487,1
2,5,8,3.49415,2.90549,2.93668,-0.805878,2.90549,0
2,14,33,2.84213,2.24278,1.60775,-0.805878,2.24278,0
2,2,23,4.21822,4.18926,2.09672,-0.805878,4.18926,0
3,15,29,1.97008,2.07162,1.67657,-0.805878,2.07162,1
2,10,69,1.09522,0.779247,-4.38821,-0.937499,1.09522,0
4,12,13,-0.496319,-0.496319,2.91513,-0.805878,2.91513,2
2,7,21,3.28941,3.73307,2.59473,-0.805878,3.73307,1
4,9,25,-1.10732,-0.392194,2.04479,-0.805878,2.04479,2
3,8,39,1.3703,1.91462,0.982003,-0.317489,1.91462,1
3,2,94,-1.23398,-1.46843,-3.41916,-2.55553,-1.46843,0
3,1,72,-0.511764,1.43789,-4.69937,-1.21867,1.43789,1
3,7,92,-2.06192,-2.43314,-6.43894,-2.39982,-2.43314,0
3,1,96,-0.909293,-1.46542,-3.41916,-2.99602,-1.46542,0
4,8,20,-0.805878,-0.805878,2.55099,-0.805878,2.55099,2
2,17,91,-1.78174,-1.19629,-6.29331,-2.45927,-1.19629,1
4,1,12,4.86474,6.75299,2.93608,-0.805878,4.86474,1
1,17,57,0.500352,1.37693,-3.55909,-0.534181,1.37693,1
3,4,47,0.0615444,0.848185,-1.66582,-0.377744,0.848185,1
2,3,39,2.98369,1.14908,0.982003,-0.317489,1.14908,0
2,9,15,4.47054,4.26625,2.8676,-0.805878,4.26625,0
4,8,81,-4.86797,-4.38821,-4.70389,-1.77463,-1.77463,3
3,2,16,1.5967,2.75146,2.59926,-0.805878,2.75146,1
4,7,15,-0.479294,-0.479294,2.8676,-0.805878,2.8676,2
2,5,30,3.95746,4.21819,1.53923,-0.805878,4.21819,1
3,10,25,2.6018,2.58929,2.04479,-0.805878,2.58929,0
4,1,58,1.62774,-0.596759,-3.5329,-0.497556,-0.56068,0
2,17,81,-0.573098,-0.975814,-4.70389,-1.77463,-0.975814,0
1,17,35,2.87689,3.64693,1.44812,-0.805878,3.64693,1
4,11,85,-4.65291,-4.58971,-5.14185,-2.10808,-2.10808,3
4,2,72,1.89989,-1.45906,-4.69937,-1.21867,-4.69937,0
3,1,1,5.55649,4.12488,3,-0.805878,5.55649,0
3,7,21,1.28751,3.91793,2.59473,-0.805878,3.91793,1
4,4,21,0.14132,0.492448,2.59473,-0.805878,2.59473,2
2,15,29,2.48091,3.39454,1.67657,-0.805878,3.39454,1
3,2,42,2.96788,1.34162,-0.0637023,-0.353411,1.34162,0
1,11,21,4.18433,5.3249,2.59473,-0.805878,5.3249,1
4,10,14,-0.580929,-0.580929,2.79075,-0.805878,2.79075,2
3,8,19,4.73347,3.43724,2.73033,-0.805878,3.43724,0
4,7,12,-0.438248,3.17414,2.93608,-0.805878,2.93608,1
2,5,31,3.44941,3.77164,1.72456,-0.805878,3.77164,1
4,1,59,1.53326,-0.699552,-3.59803,-0.651593,-0.699552,0
2,17,80,-1.17201,-1.19344,-4.82344,-1.66435,-1.19344,0
4,20,67,-3.62281,-3.32705,-4.33476,-0.933887,-0.933887,3
1,17,44,2.48013,1.99496,-0.646582,-0.45329,1.99496,0
3,19,73,-1.43612,-1.02012,-4.58061,-1.30758,-1.02012,1
3,3,4,1.88949,4.94846,2.97261,-0.805878,4.94846,1
4,11,90,-5.22327,-5.22327,-6.05291,-2.36134,-2.36134,3
4,2,75,1.41858,-1.91758,-4.90201,-1.41384,-1.41384,0
3,7,20,2.64185,2.89301,2.55099,-0.805878,2.89301,1
3,10,24,2.26743,2.78503,2.20454,-0.805878,2.78503,1
3,1,93,-0.800937,-1.22704,-3.41916,-2.51688,-1.22704,0
3,7,97,-2.44947,-2.79033,-3.41916,-2.81209,-2.79033,0
3,18,88,-2.84203,-2.77664,-5.55605,-2.24038,-2.77664,3
4,2,4,-0.00471011,3.36601,2.97261,-0.805878,0.120857,1
4,15,29,-1.34672,-1.34672,1.67657,-0.805878,1.67657,2
3,8,37,1.87854,1.51235,0.962271,-0.077702,1.51235,0
3,2,92,-1.26656,-1.37317,-6.43894,-2.39982,-1.37317,0
3,1,29,3.34436,3.63081,1.67657,-0.805878,3.63081,1
3,7,33,0.435005,2.04287,1.60775,-0.805878,2.04287,1
2,2,22,4.3192,4.69323,2.39276,-0.805878,4.69323,1
3,1,84,0.98148,1.71418,-5.35927,-2.00544,1.71418,1
2,10,19,4.14716,3.93691,2.73033,-0.805878,3.93691,0
4,8,24,-1.02966,0.331034,2.20454,-0.805878,2.20454,2
3,7,52,-2.03208,0.413281,-3.16282,-0.404636,0.413281,1
3,1,32,2.98098,3.47808,1.7249,-0.805878,3.47808,1
4,12,72,-4.11009,-0.648977,-4.69937,-1.21867,-1.21867,1
4,17,23,-0.967684,-0.967684,2.09672,-0.805878,2.09672,2
1,10,48,2.65585,2.86739,-2.02538,-0.386848,2.86739,1
1,1,48,3.33255,3.84845,-2.02538,-0.386848,3.84845,1
3,5,15,3.13759,3.45115,2.8676,-0.805878,3.45115,1
4,6,24,-1.02966,-0.534267,2.20454,-0.805878,2.20454,2
2,14,89,-0.553612,-0.709964,-5.75042,-2.39784,-0.709964,0
3,7,29,2.43555,3.00318,1.67657,-0.805878,3.00318,1
3,1,9,2.32467,1.27158,2.89122,-0.805878,1.27158,2
4,8,23,-0.967684,2.38782,2.09672,-0.805878,2.09672,1
4,6,29,-1.34672,0.450749,1.67657,-0.805878,1.67657,2
4,12,77,-4.23657,-0.956208,-4.67517,-1.58996,-1.58996,1
4,17,18,-0.728975,-0.728975,2.65786,-0.805878,2.65786,2
3,5,12,4.12718,3.81341,2.93608,-0.805878,3.81341,0
2,9,58,1.70407,1.58561,-3.5329,-0.497556,1.58561,0
2,3,16,4.27095,4.03614,2.59926,-0.805878,4.03614,0
2,17,69,-0.416776,-0.394606,-4.38821,-0.937499,-0.394606,1
4,1,14,1.46467,5.34579,2.79075,-0.805878,4.32051,1
3,18,78,-1.21634,-1.56969,-4.65291,-1.66623,-1.56969,0
1,6,99,-0.0905877,0.0282016,-3.41916,-3.35117,0.0282016,1
1,5,99,-0.482981,0.0690068,-3.41916,-3.35117,0.0690068,1
4,2,54,0.37431,0.258668,-3.28628,-0.56961,-3.28628,0
2,14,86,-0.497304,-0.350023,-5.61978,-2.01828,-0.497304,1
3,7,18,3.50515,4.94819,2.65786,-0.805878,4.94819,1
3,1,14,3.94757,5.42091,2.79075,-0.805878,5.42091,1
4,15,99,-6.43894,-6.43894,-3.41916,-3.35117,-3.35117,3
2,12,44,2.10879,1.87701,-0.646582,-0.45329,1.87701,0
4,15,22,-0.882782,-0.882782,2.39276,-0.805878,2.39276,2
2,17,68,-0.156322,-0.213284,-4.27007,-1.01066,-0.213284,0
4,1,15,3.76421,-0.479294,2.8676,-0.805878,-0.483328,0
1,17,56,0.492912,1.4374,-3.43957,-0.474568,1.4374,1
3,8,58,-0.493742,-1.62108,-3.5329,-0.497556,-1.62108,0
3,2,81,0.490749,0.496667,-4.70389,-1.77463,0.496667,1
2,2,29,4.04648,3.77076,1.67657,-0.805878,3.77076,0
4,9,23,-0.967684,-0.231451,2.09672,-0.805878,2.09672,2
2,10,14,4.44088,4.61508,2.79075,-0.805878,4.44088,1
4,9,54,-2.82576,-2.3841,-3.28628,-0.56961,-3.28628,3
1,11,28,3.99548,2.69423,1.70711,-0.805878,2.69423,0
4,8,77,-4.23657,-4.11009,-4.67517,-1.58996,-1.58996,3
2,10,40,2.38533,3.34436,0.424054,-0.32524,3.34436,1
4,4,23,-0.0396152,0.418769,2.09672,-0.805878,-0.499816,2
2,20,76,-0.57201,-0.883081,-4.75214,-1.45125,-0.883081,0
2,12,29,3.22619,3.26621,1.67657,-0.805878,3.26621,1
1,10,11,4.37964,4.84526,2.80572,-0.805878,4.84526,1
3,11,36,1.7851,2.6278,1.45696,0.264588,2.6278,1
1,11,43,2.02476,2.69195,-0.351569,-0.382527,2.69195,1
2,10,57,1.91643,1.48045,-3.55909,-0.534181,1.48045,0
4,9,37,-1.84662,-1.84662,0.962271,-0.077702,-0.077702,2
4,8,22,-0.882782,2.42391,2.39276,-0.805878,2.39276,1
3,5,39,2.4679,1.81481,0.982003,-0.317489,1.81481,0
2,3,15,4.64875,3.86956,2.8676,-0.805878,3.86956,0
4,15,73,-4.06104,-3.66078,-4.58061,-1.30758,-1.30758,3
4,7,18,-0.728975,-0.728975,2.65786,-0.805878,2.65786,2
2,5,17,4.31607,4.13203,2.67763,-0.805878,4.31607,0
2,17,44,1.6401,1.42793,-0.646582,-0.45329,1.42793,0
1,19,60,0.29414,1.23457,-3.62281,-0.563066,0.29414,1
3,10,75,-0.497995,0.328501,-4.90201,-1.41384,0.328501,1
3,6,22,3.83484,4.29483,2.39276,-0.805878,4.29483,1
3,7,25,2.37636,3.30412,2.04479,-0.805878,3.30412,1
3,10,13,2.88045,3.06304,2.91513,-0.805878,3.06304,1
4,1,54,1.51841,-0.40203,-3.28628,-0.56961,-0.569025,0
4,15,16,-0.543395,-0.543395,2.59926,-0.805878,2.59926,2
3,1,76,0.368136,1.79394,-4.75214,-1.45125,1.79394,1
3,7,80,-0.95547,1.02541,-4.82344,-1.66435,1.02541,1
1,6,64,2.18199,2.51997,-3.84075,-0.813937,2.51997,1
4,11,30,-1.41916,-1.41916,1.53923,-0.805878,1.53923,2
4,2,23,2.79619,3.56121,2.09672,-0.805878,-0.260224,1
1,19,56,0.537832,1.24165,-3.43957,-0.474568,1.24165,1
3,10,71,-0.173053,0.43127,-4.4203,-1.13959,0.43127,1
3,6,18,3.58973,2.93647,2.65786,-0.805878,2.93647,0
3,10,27,2.88536,2.3713,1.79261,-0.805878,2.3713,0
4,11,91,-5.35927,-5.35927,-6.29331,-2.45927,-2.45927,3
4,2,74,1.70189,-1.68365,-4.86797,-1.45906,-1.68365,0
3,1,15,4.42597,1.09877,2.8676,-0.805878,1.09877,0
3,7,19,2.69874,3.29246,2.73033,-0.805878,3.29246,1
3,8,59,-0.285989,0.328593,-3.59803,-0.651593,0.328593,1
3,2,82,0.0260758,0.221881,-5.04662,-1.89873,0.221881,1
3,2,43,2.91127,1.32456,-0.351569,-0.382527,1.32456,0
1,7,59,2.27944,2.3905,-3.59803,-0.651593,2.3905,1
3,4,4,2.52581,3.97697,2.97261,-0.805878,3.97697,1
2,9,40,2.69735,1.7823,0.424054,-0.32524,1.7823,0
2,2,28,4.12953,4.02257,1.70711,-0.805878,4.02257,0
4,7,67,-0.818621,-0.525409,-4.33476,-0.933887,-0.933887,1
3,15,34,0.773189,1.67688,1.42834,-0.805878,1.67688,1
4,9,22,-0.882782,-0.17256,2.39276,-0.805878,2.39276,2
2,10,15,3.91544,4.61922,2.8676,-0.805878,4.61922,1
2,5,21,4.17466,4.37682,2.59473,-0.805878,4.37682,1
4,7,22,-0.882782,-0.730474,2.39276,-0.805878,2.39276,2
4,9,53,-2.78953,-2.28353,-3.24637,-0.595251,-0.595251,3
4,4,22,-0.0107288,0.473199,2.39276,-0.805878,2.39276,2
4,8,17,-0.64769,-0.64769,2.67763,-0.805878,2.67763,2
4,2,73,1.43237,-1.86557,-4.58061,-1.30758,-4.58061,0
4,11,84,-4.67517,-4.56779,-5.35927,-2.00544,-2.00544,3
2,16,20,3.48527,3.89544,2.55099,-0.805878,3.89544,1
4,3,39,-0.905573,2.16668,0.982003,-0.317489,0.982003,1
3,7,26,2.00859,3.48551,2.08517,-0.805878,3.48551,1
3,10,18,1.54979,3.97769,2.65786,-0.805878,3.97769,1
4,1,49,1.75917,2.52816,-2.3856,-0.416188,1.49761,1
1,17,31,3.26735,3.07267,1.72456,-0.805878,3.07267,0
2,13,31,2.58347,2.93199,1.72456,-0.805878,2.93199,1
3,2,48,3.47205,3.19076,-2.02538,-0.386848,3.19076,0
1,7,54,2.78964,3.07017,-3.28628,-0.56961,3.07017,1
3,4,15,2.87959,2.94256,2.8676,-0.805878,2.94256,1
3,10,74,-0.122856,0.379392,-4.86797,-1.45906,0.379392,1
3,6,17,3.86168,4.25543,2.67763,-0.805878,4.25543,1
4,15,31,-1.46886,-1.46886,1.72456,-0.805878,1.72456,2
4,1,61,1.27981,-0.77005,-3.77303,-0.607646,-0.607646,0
1,17,42,2.86467,2.31255,-0.0637023,-0.353411,2.31255,0
3,19,71,-1.31656,-1.04921,-4.4203,-1.13959,-1.31656,1
3,3,14,3.61924,5.75553,2.79075,-0.805878,5.75553,1
2,16,18,2.63901,2.84315,2.65786,-0.805878,2.84315,1
4,3,37,1.21465,2.29641,0.962271,-0.077702,0.159709,1
4,2,95,-5.55605,-5.55605,-3.41916,-2.85377,-2.85377,3
3,7,24,3.28984,3.94285,2.20454,-0.805878,3.94285,1
3,10,12,2.91513,2.97466,2.93608,-0.805878,2.97466,1
4,1,55,1.60923,-0.491603,-3.26052,-0.458097,-0.484903,0
3,10,26,2.82864,2.5942,2.08517,-0.805878,2.5942,0
2,9,72,0.255158,-0.19561,-4.69937,-1.21867,-0.19561,0
1,4,4,5.74846,6.35534,2.97261,-0.805878,6.35534,1
1,17,48,1.96536,2.52539,-2.02538,-0.386848,2.52539,1
4,1,23,3.51957,1.04654,2.09672,-0.805878,0.799652,0
4,13,47,-2.47724,-2.47724,-1.66582,-0.377744,-0.377744,3
4,5,37,-1.81824,0.565803,0.962271,-0.077702,0.962271,2
4,18,21,-0.867753,-0.867753,2.59473,-0.805878,2.59473,2
4,12,74,-4.33476,-1.04406,-4.86797,-1.45906,-1.45906,1
1,10,62,1.55023,2.10023,-3.86868,-0.735614,2.10023,1
1,1,50,3.14369,3.71566,-2.70986,-0.510597,3.14369,1
3,5,13,3.48712,4.69082,2.91513,-0.805878,4.69082,1
4,17,21,-0.867753,-0.867753,2.59473,-0.805878,2.59473,2
2,2,27,3.85299,3.15926,1.79261,-0.805878,3.15926,0
4,7,66,-0.539229,-0.483255,-4.06104,-0.806488,-0.806488,1
3,15,33,0.670221,1.4102,1.60775,-0.805878,1.4102,2
3,3,92,-1.25599,-1.43038,-6.43894,-2.39982,-1.43038,0
4,19,73,-4.06104,-4.06104,-4.58061,-1.30758,-1.30758,3
4,9,21,-0.867753,-0.12007,2.59473,-0.805878,2.59473,2
1,3,79,1.65934,2.10389,-4.30456,-1.7295,2.10389,1
4,17,69,-3.86868,-2.34536,-4.38821,-0.937499,-0.937499,3
3,3,71,-0.14288,-0.593805,-4.4203,-1.13959,-0.593805,0
4,19,78,-4.4203,-4.4203,-4.65291,-1.66623,-1.66623,3
3,17,64,-0.525146,0.0381489,-3.84075,-0.813937,0.0381489,1
3,1,97,-1.05286,-1.4834,-3.41916,-2.81209,-1.4834,0
4,8,21,-0.867753,2.45059,2.59473,-0.805878,2.59473,2
2,10,12,3.93458,3.54038,2.93608,-0.805878,3.54038,0
2,5,24,3.14413,4.041,2.20454,-0.805878,4.041,1
4,7,21,-0.867753,-0.684209,2.59473,-0.805878,2.59473,2
2,9,37,3.07729,2.156,0.962271,-0.077702,2.156,0
2,3,25,3.9479,3.74047,2.04479,-0.805878,3.74047,0
3,5,21,2.78815,4.33582,2.59473,-0.805878,4.33582,1
4,16,27,-1.19634,-1.19634,1.79261,-0.805878,1.79261,2
2,9,81,0.656773,-0.392506,-4.70389,-1.77463,-0.392506,0
4,6,21,-0.867753,3.45525,2.59473,-0.805878,2.59473,1
4,4,16,-0.117779,-0.543395,2.59926,-0.805878,2.59926,2
2,15,24,2.83721,3.31033,2.20454,-0.805878,3.31033,1
2,2,53,2.01947,2.6301,-3.24637,-0.595251,2.6301,1
4,18,85,-4.65291,-4.65291,-5.14185,-2.10808,-2.10808,3
4,14,58,-3.03783,1.98002,-3.5329,-0.497556,-0.497556,1
3,20,30,1.69947,2.03431,1.53923,-0.805878,2.03431,1
3,8,21,2.65698,3.1463,2.59473,-0.805878,3.1463,1
1,20,73,0.251317,0.0301882,-4.58061,-1.30758,0.0301882,0
4,14,47,-2.47724,-2.47724,-1.66582,-0.377744,-1.66582,3
3,1,17,3.78209,4.54191,2.67763,-0.805878,4.54191,1
3,7,37,1.54336,1.86959,0.962271,-0.077702,1.86959,1
1,12,91,0.601719,0.299374,-6.29331,-2.45927,0.299374,0
4,15,37,-1.84662,2.54919,0.962271,-0.077702,0.962271,1
2,16,22,2.60323,2.8474,2.39276,-0.805878,2.8474,1
4,3,33,1.58514,2.41343,1.60775,-0.805878,1.60775,1
3,10,16,2.87191,4.11447,2.59926,-0.805878,4.11447,1
4,1,51,1.75712,-0.314748,-3.03783,-0.448822,-0.420317,0
4,20,96,-5.75042,-5.75042,-3.41916,-2.99602,-2.99602,3
2,5,35,3.41724,3.85991,1.44812,-0.805878,3.85991,1
3,10,20,3.66115,3.78042,2.55099,-0.805878,3.78042,1
1,12,94,0.311144,0.388792,-3.41916,-2.55553,0.388792,1
4,15,34,-1.65275,2.64613,1.42834,-0.805878,1.42834,1
3,7,87,-2.0448,-2.09117,-5.60239,-2.09737,-2.09117,0
3,1,67,1.32934,0.894706,-4.33476,-0.933887,0.894706,0
4,8,11,-0.381377,-0.805878,2.80572,-0.805878,2.80572,2
4,17,99,-6.43894,-6.43894,-3.41916,-3.35117,-3.35117,3
4,12,59,-3.16282,-1.13309,-3.59803,-0.651593,-0.651593,3
4,18,82,-4.90201,-4.90201,-5.04662,-1.89873,-1.89873,3
3,20,31,1.64223,1.97311,1.72456,-0.805878,1.97311,1
4,14,59,-3.16282,1.9477,-3.59803,-0.651593,-0.651593,1
2,9,83,0.360204,-0.800258,-5.22327,-1.89942,-0.800258,0
4,16,25,-1.10732,-1.10732,2.04479,-0.805878,2.04479,2
2,10,65,1.49669,1.07319,-4.11009,-0.783219,1.07319,0
4,9,29,-1.34672,-1.57959,1.67657,-0.805878,1.67657,2
2,2,19,4.22146,4.5647,2.73033,-0.805878,4.5647,1
3,15,25,2.51262,2.84452,2.04479,-0.805878,2.84452,1
3,5,38,1.69173,2.33635,0.671689,-0.230343,2.33635,1
2,3,14,5.19427,5.6856,2.79075,-0.805878,5.6856,1
2,2,31,4.06432,3.69121,1.72456,-0.805878,3.69121,0
2,2,12,5.01605,4.96852,2.93608,-0.805878,4.96852,0
3,1,16,3.29714,3.91827,2.59926,-0.805878,3.91827,1
3,7,36,1.07971,2.04142,1.45696,0.264588,2.04142,1
1,12,90,0.51728,0.378809,-6.05291,-2.36134,0.378809,0
4,15,38,-1.89425,2.52538,0.671689,-0.230343,0.671689,1
3,10,73,-0.0549696,0.457271,-4.58061,-1.30758,0.457271,1
3,6,20,3.64253,3.23435,2.55099,-0.805878,3.23435,0
3,7,27,2.80381,3.59134,1.79261,-0.805878,3.59134,1
3,10,19,2.34786,2.60744,2.73033,-0.805878,2.60744,2
4,1,48,1.94757,2.78019,-2.02538,-0.386848,2.64047,1
2,11,40,2.03485,2.51581,0.424054,-0.32524,2.51581,1
2,20,89,-1.57181,-1.33656,-5.75042,-2.39784,-1.33656,1
2,7,24,4.20822,4.23008,2.20454,-0.805878,4.23008,1
3,2,36,2.51917,3.29164,1.45696,0.264588,3.29164,1
1,7,42,2.95844,3.25483,-0.0637023,-0.353411,3.25483,1
3,4,19,3.77209,3.24865,2.73033,-0.805878,3.24865,0
3,9,95,-2.58586,0.0308564,-3.41916,-2.85377,0.0308564,1
3,17,31,1.89517,1.87452,1.72456,-0.805878,1.87452,0
4,12,68,-3.77303,-1.86974,-4.27007,-1.01066,-1.01066,3
3,5,11,2.5893,3.20627,2.80572,-0.805878,3.20627,1
4,17,27,-1.19634,-1.19634,1.79261,-0.805878,1.79261,2
2,16,19,3.62388,3.49274,2.73033,-0.805878,3.49274,0
4,3,36,1.28592,2.3368,1.45696,0.264588,1.2065,1
3,7,7,3.10108,3.68625,2.92731,-0.805878,3.68625,1
3,10,15,4.18031,3.77693,2.8676,-0.805878,3.77693,0
4,1,52,1.68718,-0.394568,-3.16282,-0.404636,-0.397589,0
3,11,68,0.153611,0.328549,-4.27007,-1.01066,0.328549,1
2,16,70,-0.0237082,-0.24877,-4.23657,-1.06699,-0.24877,0
3,13,70,-0.243148,0.0452985,-4.23657,-1.06699,0.0452985,1
1,19,35,3.75892,3.41644,1.44812,-0.805878,3.41644,0
3,10,92,-1.76677,-0.699009,-6.43894,-2.39982,-0.699009,1
2,19,27,2.47417,2.87452,1.79261,-0.805878,2.87452,1
3,6,11,2.42206,3.81593,2.80572,-0.805878,3.81593,1
2,1,85,1.19008,1.62111,-5.14185,-2.10808,1.62111,1
3,8,29,2.21706,3.9509,1.67657,-0.805878,3.9509,1
2,13,33,2.80008,4.11467,1.60775,-0.805878,4.11467,1
3,8,56,-0.452431,0.204902,-3.43957,-0.474568,0.204902,1
3,2,87,-0.743458,-0.960625,-5.60239,-2.09737,-0.960625,0
3,8,20,3.78576,3.66327,2.55099,-0.805878,3.66327,0
2,2,30,4.11656,3.74164,1.53923,-0.805878,3.74164,0
4,7,65,-0.475618,-0.402803,-4.11009,-0.783219,-0.783219,1
3,15,36,0.614085,1.49435,1.45696,0.264588,1.49435,1
4,9,16,-0.543395,1.94775,2.59926,-0.805878,2.59926,2
4,15,24,-1.02966,-1.02966,2.20454,-0.805878,2.20454,2
1,12,24,3.4895,4.06812,2.20454,-0.805878,4.06812,1
2,2,54,1.81532,2.44933,-3.28628,-0.56961,2.44933,1
4,19,45,-2.28561,-2.28561,-0.989663,-0.351506,-0.351506,3
3,19,45,0.30443,1.86437,-0.989663,-0.351506,1.86437,1
3,7,86,-2.49625,-1.7181,-5.61978,-2.01828,-1.7181,1
3,1,66,1.68392,0.928129,-4.06104,-0.806488,0.928129,0
4,8,10,-0.318694,3.41299,2.9161,-0.805878,2.9161,1
4,17,98,-6.29331,-6.29331,-3.41916,-3.12829,-3.12829,3
4,5,61,1.18153,0.466468,-3.77303,-0.607646,-0.607646,0
3,10,21,3.25265,3.95216,2.59473,-0.805878,3.95216,1
3,1,13,4.58204,4.30787,2.91513,-0.805878,4.30787,0
3,7,17,2.85547,3.89326,2.67763,-0.805878,3.89326,1
2,9,80,0.459588,-0.591865,-4.82344,-1.66435,-0.591865,0
4,16,26,-1.12974,-1.12974,2.08517,-0.805878,2.08517,2
3,20,22,5.13513,2.73065,2.39276,-0.805878,2.73065,0
3,13,15,2.40983,3.01025,2.8676,-0.805878,3.01025,1
4,18,93,-5.61978,-5.61978,-3.41916,-2.51688,-2.51688,3
4,14,34,-1.65275,-0.1589,1.42834,-0.805878,1.42834,2
4,5,5,0.107183,2.78044,2.97834,-0.805878,2.97834,2
4,13,15,-0.479294,-0.479294,2.8676,-0.805878,2.8676,2
3,1,74,1.1468,2.26409,-4.86797,-1.45906,2.26409,1
3,7,94,-2.25418,-2.57176,-3.41916,-2.55553,-2.57176,0
4,15,75,-4.27007,-3.91458,-4.90201,-1.41384,-1.41384,3
3,1,28,3.46558,3.45903,1.70711,-0.805878,3.45903,0
3,7,32,1.37143,2.54653,1.7249,-0.805878,2.54653,1
4,7,16,-0.543395,-0.523778,2.59926,-0.805878,2.59926,2
2,5,19,3.61774,3.63738,2.73033,-0.805878,3.61774,1
3,4,36,2.9224,3.7342,1.45696,0.264588,3.7342,1
3,2,11,4.28203,3.3822,2.80572,-0.805878,3.3822,0
1,12,69,1.73806,1.23011,-4.38821,-0.937499,1.23011,0
4,15,91,-5.35927,-5.35927,-6.29331,-2.45927,-2.45927,3
4,19,20,-0.805878,-0.805878,2.55099,-0.805878,2.55099,2
3,15,22,2.59473,2.59477,2.39276,-0.805878,2.59477,1
2,1,28,3.50618,3.70487,1.70711,-0.805878,3.70487,1
2,4,6,3.55983,5.84086,2.97518,-0.805878,3.55983,1
3,16,32,1.81929,2.50515,1.7249,-0.805878,2.50515,1
3,1,75,0.348096,1.84908,-4.90201,-1.41384,1.84908,1
3,7,95,-2.37395,-3.01149,-3.41916,-2.85377,-3.01149,0
3,8,57,-1.66871,-1.63286,-3.55909,-0.534181,-1.63286,3
4,16,40,-2.00091,-1.91778,0.424054,-0.32524,-0.32524,2
1,8,42,2.14009,2.6134,-0.0637023,-0.353411,2.6134,1
3,2,80,-0.257684,-0.210353,-4.82344,-1.66435,-0.210353,1
2,2,26,4.10459,3.45966,2.08517,-0.805878,3.45966,0
1,10,19,4.33868,4.32265,2.73033,-0.805878,4.32265,0
3,20,38,0.758958,0.671702,0.671689,-0.230343,0.671702,0
4,9,20,-0.805878,-0.805878,2.55099,-0.805878,2.55099,2
2,10,13,3.17023,3.26833,2.91513,-0.805878,3.26833,1
2,9,94,-0.436463,0.109021,-3.41916,-2.55553,0.109021,1
4,6,20,-0.805878,2.53682,2.55099,-0.805878,2.55099,2
4,4,20,-0.805878,3.6121,2.55099,-0.805878,2.55099,1
4,3,20,-0.805878,2.03347,2.55099,-0.805878,2.55099,2
4,19,87,-4.82344,-4.82344,-5.60239,-2.09737,-2.09737,3
3,19,39,0.561792,0.459669,0.982003,-0.317489,0.459669,2
2,2,32,4.27521,3.90698,1.7249,-0.805878,3.90698,0
1,11,32,3.61753,2.4872,1.7249,-0.805878,2.4872,0
2,10,60,1.42761,1.23194,-3.62281,-0.563066,1.23194,0
4,9,34,-1.65275,-1.65275,1.42834,-0.805878,1.42834,2
2,20,73,-0.432066,-0.753582,-4.58061,-1.30758,-0.753582,0
2,12,18,1.53423,4.20525,2.65786,-0.805878,4.20525,1
1,10,14,5.04619,4.82376,2.79075,-0.805878,4.82376,0
3,11,33,1.9374,2.97318,1.60775,-0.805878,2.97318,1
2,2,51,2.29877,2.64957,-3.03783,-0.448822,2.64957,1
4,18,83,-4.75214,-4.75214,-5.22327,-1.89942,-1.89942,3
4,14,56,-3.03023,2.0994,-3.43957,-0.474568,-0.474568,1
3,20,28,2.01203,2.14072,1.70711,-0.805878,2.14072,1
3,8,23,2.57354,2.91871,2.09672,-0.805878,2.91871,1
2,1,2,5.42506,5.34832,2.95846,-0.805878,5.34832,0
4,16,30,-1.41916,-1.41916,1.53923,-0.805878,1.53923,2
1,20,26,2.87141,3.27648,2.08517,-0.805878,3.27648,1
4,16,28,-1.27956,-1.27956,1.70711,-0.805878,1.70711,2
4,8,50,-2.99027,-1.76084,-2.70986,-0.510597,-0.510597,3
2,11,13,2.87408,3.95441,2.91513,-0.805878,3.95441,1
3,3,46,1.69571,-0.15287,-1.27338,-0.395639,-0.15287,0
3,17,43,-0.137392,0.886135,-0.351569,-0.382527,0.886135,1
4,5,53,1.57068,0.539463,-3.24637,-0.595251,-0.595251,0
4,13,31,-1.46886,-1.46886,1.72456,-0.805878,1.72456,2
3,8,25,2.32674,3.70084,2.04479,-0.805878,3.70084,1
2,13,51,0.831959,1.18101,-3.03783,-0.448822,1.18101,1
3,2,34,2.64721,3.16458,1.42834,-0.805878,3.16458,1
1,7,36,4.06361,3.69356,1.45696,0.264588,3.69356,0
3,4,29,2.59158,3.26826,1.67657,-0.805878,3.26826,1
2,11,18,3.92717,5.51354,2.65786,-0.805878,5.51354,1
3,11,56,-0.813758,0.911479,-3.43957,-0.474568,0.911479,1
1,19,39,3.21103,2.90626,0.982003,-0.317489,2.90626,0
4,17,33,-1.57416,3.27358,1.60775,-0.805878,1.60775,1
4,12,30,-1.41916,-1.41916,1.53923,-0.805878,1.53923,2
3,20,23,5.14277,2.56584,2.09672,-0.805878,2.56584,0
3,13,16,2.87948,3.0636,2.59926,-0.805878,3.0636,1
4,18,90,-5.22327,-5.22327,-6.05291,-2.36134,-2.36134,3
1,20,69,0.582974,0.785022,-4.38821,-0.937499,0.785022,1
4,14,35,-1.73068,-0.44689,1.44812,-0.805878,1.44812,2
4,5,10,-0.318694,6.945,2.9161,-0.805878,2.9161,1
4,6,32,-1.51638,0.3958,1.7249,-0.805878,1.7249,2
2,3,44,2.32278,1.3136,-0.646582,-0.45329,1.3136,0
2,9,54,1.94558,1.97399,-3.28628,-0.56961,1.97399,1
3,4,38,2.94958,3.47864,0.671689,-0.230343,3.47864,1
3,2,9,4.54748,0.454804,2.89122,-0.805878,0.454804,0
4,12,61,-3.28628,-1.46125,-3.77303,-0.607646,-0.607646,3
3,1,69,1.61686,0.906677,-4.38821,-0.937499,0.906677,0
4,8,9,-0.323307,-0.323307,2.89122,-0.805878,2.89122,2
2,11,24,3.34451,3.63965,2.20454,-0.805878,3.63965,1
4,17,97,-6.05291,-6.05291,-3.41916,-2.81209,-2.81209,3
3,20,29,1.77123,2.05348,1.67657,-0.805878,2.05348,1
4,18,80,-4.58061,-4.58061,-4.82344,-1.66435,-1.66435,3
4,14,57,-2.97891,2.00315,-3.55909,-0.534181,-0.534181,1
3,8,16,4.79348,3.99693,2.59926,-0.805878,3.99693,0
4,12,71,-3.84075,-0.71456,-4.4203,-1.13959,-1.13959,1
3,5,10,4.56193,6.12145,2.9161,-0.805878,6.12145,1
4,17,24,-1.02966,-1.02966,2.20454,-0.805878,2.20454,2
3,8,62,0.572191,-0.208089,-3.86868,-0.735614,-0.208089,0
3,2,85,0.394551,0.237619,-5.14185,-2.10808,0.237619,0
3,20,47,-0.456775,1.31312,-1.66582,-0.377744,1.31312,1
4,7,68,-0.857921,-0.588809,-4.27007,-1.01066,-1.01066,1
3,15,39,0.835448,1.05767,0.982003,-0.317489,1.05767,1
2,2,17,4.08976,4.8774,2.67763,-0.805878,4.08976,1
2,10,67,1.4205,1.03014,-4.33476,-0.933887,1.03014,0
4,9,19,-0.760146,-0.715342,2.73033,-0.805878,2.73033,2
2,10,26,4.03336,3.57763,2.08517,-0.805878,3.57763,0
4,8,19,-0.760146,-0.650209,2.73033,-0.805878,2.73033,2
2,12,35,2.22061,4.37244,1.44812,-0.805878,4.37244,1
4,8,99,-6.43894,-6.43894,-3.41916,-3.35117,-3.35117,3
2,10,10,4.4264,4.64102,2.9161,-0.805878,4.64102,1
2,5,18,4.09615,4.66146,2.65786,-0.805878,4.66146,1
4,7,19,-0.760146,-0.650209,2.73033,-0.805878,2.73033,2
4,12,76,-4.38821,-1.01025,-4.75214,-1.45125,-1.45125,1
4,17,19,-0.760146,-0.760146,2.73033,-0.805878,2.73033,2
3,5,19,3.28685,3.66916,2.73033,-0.805878,3.66916,1
4,8,51,-0.517102,0.40394,-3.03783,-0.448822,-3.03783,1
2,11,14,3.18052,3.67087,2.79075,-0.805878,3.67087,1
3,3,33,3.34517,2.45167,1.60775,-0.805878,2.45167,0
3,17,42,0.131345,0.925978,-0.0637023,-0.353411,0.925978,1
4,5,58,1.24193,0.486588,-3.5329,-0.497556,-3.5329,0
4,13,30,-1.41916,-1.41916,1.53923,-0.805878,1.53923,2
2,3,34,4.01802,2.99033,1.42834,-0.805878,2.99033,0
3,4,51,1.84175,1.32309,-3.03783,-0.448822,1.32309,0
2,3,19,4.56713,5.22573,2.73033,-0.805878,5.22573,1
2,9,59,1.77082,1.26347,-3.59803,-0.651593,1.26347,0
1,8,99,-0.333167,0.091896,-3.41916,-3.35117,0.091896,1
1,11,39,2.35006,2.75978,0.982003,-0.317489,2.75978,1
4,10,96,-5.75042,-5.75042,-3.41916,-2.99602,-2.99602,3
3,2,4,2.35833,4.41395,2.97261,-0.805878,4.41395,1
2,9,87,0.253567,0.057433,-5.60239,-2.09737,0.057433,0
4,6,19,-0.760146,-0.69455,2.73033,-0.805878,2.73033,2
4,4,19,-0.728975,-0.669826,2.73033,-0.805878,2.73033,2
4,5,67,0.703182,-0.0639158,-4.33476,-0.933887,-0.933887,0
4,9,74,-4.33476,-4.09939,-4.86797,-1.45906,-4.86797,3
2,10,20,3.66681,4.32559,2.55099,-0.805878,4.32559,1
4,9,71,-3.84075,-3.73397,-4.4203,-1.13959,-1.13959,3
2,12,22,1.91796,3.88397,2.39276,-0.805878,1.91796,1
3,5,43,1.91734,1.46264,-0.351569,-0.382527,1.46264,0
2,3,11,3.91191,3.87472,2.80572,-0.805878,3.87472,0
3,1,18,4.43559,4.41783,2.65786,-0.805878,4.41783,0
3,7,38,1.27712,1.67917,0.671689,-0.230343,1.67917,1
1,12,92,0.524178,0.29852,-6.43894,-2.39982,0.29852,0
4,15,36,-1.77946,2.58277,1.45696,0.264588,1.45696,1
4,13,49,-2.61941,-2.61941,-2.3856,-0.416188,-0.416188,3
4,18,23,-0.967684,-0.967684,2.09672,-0.805878,2.09672,2
4,5,39,6.35534,0.993937,0.982003,-0.317489,0.982003,0
4,18,38,-1.89425,-0.288493,0.671689,-0.230343,-0.230343,2
3,13,20,2.69959,2.32997,2.55099,-0.805878,2.32997,0
2,12,47,2.47281,2.36844,-1.66582,-0.377744,2.36844,0
1,1,53,2.95501,3.03476,-3.24637,-0.595251,3.03476,1
1,10,61,1.93458,2.31092,-3.77303,-0.607646,1.93458,1
3,11,18,2.43476,4.48417,2.65786,-0.805878,4.48417,1
3,10,17,2.66772,3.83345,2.67763,-0.805878,3.83345,1
4,1,50,1.67277,2.56798,-2.70986,-0.510597,1.60595,1
1,17,43,2.57853,2.14143,-0.351569,-0.382527,2.57853,0
4,15,98,-6.29331,-6.29331,-3.41916,-3.12829,-3.12829,3
3,1,65,1.71734,0.939859,-4.11009,-0.783219,1.71734,0
3,7,85,-1.92584,0.442419,-5.14185,-2.10808,0.442419,1
3,18,84,-1.57189,-1.93191,-5.35927,-2.00544,-1.93191,0
4,15,27,-1.19634,-1.19634,1.79261,-0.805878,1.79261,2
4,12,58,-3.03783,-1.09411,-3.5329,-0.497556,-0.497556,3
3,8,30,2.1974,4.31675,1.53923,-0.805878,4.31675,1
3,11,69,-0.392272,0.160246,-4.38821,-0.937499,0.160246,1
2,16,71,0.275407,0.0427085,-4.4203,-1.13959,0.0427085,0
3,13,69,-1.33422,-0.1065,-4.38821,-0.937499,-0.1065,1
1,19,32,3.10369,3.53408,1.7249,-0.805878,3.53408,1
3,10,95,-1.95886,-1.00572,-3.41916,-2.85377,-1.00572,1
2,19,26,2.45205,3.0061,2.08517,-0.805878,3.0061,1
3,6,10,3.94422,4.51409,2.9161,-0.805878,4.51409,1
2,1,84,1.21987,1.74466,-5.35927,-2.00544,1.21987,1
4,15,28,-1.27956,-1.27956,1.70711,-0.805878,1.70711,2
3,18,85,-2.16997,-2.02045,-5.14185,-2.10808,-2.02045,1
3,8,31,2.31966,4.11239,1.72456,-0.805878,4.11239,1
2,12,66,0.333694,0.620584,-4.06104,-0.806488,0.620584,1
3,7,15,2.05956,3.18371,2.8676,-0.805878,3.18371,1
4,5,11,-0.381377,1.77495,2.80572,-0.805878,2.80572,2
3,20,20,2.55099,2.63582,2.55099,-0.805878,2.63582,1
3,13,17,4.87621,4.25656,2.67763,-0.805878,4.25656,0
4,18,91,-5.35927,-5.35927,-6.29331,-2.45927,-2.45927,3
1,20,68,0.76767,1.06276,-4.27007,-1.01066,1.06276,1
4,14,32,-1.51638,-1.51638,1.7249,-0.805878,1.7249,2
4,13,13,-0.496319,-0.496319,2.91513,-0.805878,2.91513,2
1,20,90,-1.14653,-0.423938,-6.05291,-2.36134,-0.423938,1
4,6,33,-1.62353,1.27918,1.60775,-0.805878,1.60775,2
3,4,37,2.55162,3.52501,0.962271,-0.077702,3.52501,1
1,12,70,1.60266,1.07914,-4.23657,-1.06699,1.07914,0
4,15,90,-5.22327,-5.22327,-6.05291,-2.36134,-2.36134,3
4,19,21,-0.867753,-0.867753,2.59473,-0.805878,2.59473,2
3,2,10,4.32239,4.70724,2.9161,-0.805878,4.70724,1
4,8,60,-1.14121,-0.022255,-3.62281,-0.563066,-0.563066,1
2,11,11,4.71966,5.12496,2.80572,-0.805878,5.12496,1
4,5,55,1.39298,0.632502,-3.26052,-0.458097,-0.458097,0
1,20,24,3.59597,4.28385,2.20454,-0.805878,4.28385,1
4,16,18,-0.728975,-0.728975,2.65786,-0.805878,2.65786,2
2,7,33,2.91211,3.35816,1.60775,-0.805878,3.35816,1
4,12,65,-3.5329,-1.60985,-4.11009,-0.783219,-0.783219,3
4,17,30,-1.41916,-1.41916,1.53923,-0.805878,1.53923,2
3,2,33,3.05665,3.2456,1.60775,-0.805878,3.2456,1
1,7,37,3.96724,3.75037,0.962271,-0.077702,3.75037,0
3,4,30,2.2108,3.00258,1.53923,-0.805878,3.00258,1
3,9,90,-2.04352,0.640458,-6.05291,-2.36134,0.640458,1
3,17,24,2.44553,3.15501,2.20454,-0.805878,3.15501,1
3,8,63,-0.399177,-0.203946,-4.03562,-0.692524,-0.203946,1
3,2,86,-0.511388,-0.903893,-5.61978,-2.01828,-0.903893,0
3,20,44,-0.319883,-0.0378404,-0.646582,-0.45329,-0.0378404,1
4,9,18,-0.728975,-0.728975,2.65786,-0.805878,2.65786,2
2,2,18,4.55636,2.49645,2.65786,-0.805878,2.49645,0
3,20,46,-0.198002,1.66261,-1.27338,-0.395639,1.66261,1
2,10,66,1.34698,1.01363,-4.06104,-0.806488,1.01363,0
4,9,28,-1.27956,-1.51462,1.70711,-0.805878,1.70711,2
4,7,69,-1.12354,-0.725914,-4.38821,-0.937499,-4.38821,1
3,15,24,2.48729,2.92392,2.20454,-0.805878,2.92392,1
2,12,34,2.13357,3.80589,1.42834,-0.805878,3.80589,1
4,9,43,-2.24665,0.413876,-0.351569,-0.382527,-0.351569,1
4,8,96,-5.75042,-5.75042,-3.41916,-2.99602,-2.99602,3
2,10,11,4.43554,4.17744,2.80572,-0.805878,4.17744,0
4,4,18,-0.620726,5.76397,2.65786,-0.805878,2.65786,1
4,5,66,0.753481,0.012526,-4.06104,-0.806488,-0.806488,0
1,12,93,0.492057,0.493349,-3.41916,-2.51688,0.493349,1
4,15,35,-1.73068,2.60716,1.44812,-0.805878,1.44812,1
2,13,73,-0.000170427,0.626996,-4.58061,-1.30758,0.626996,1
3,8,60,-1.60704,0.0503716,-3.62281,-0.563066,0.0503716,1
3,2,75,0.875493,0.813749,-4.90201,-1.41384,0.813749,0
1,8,82,1.213,1.40279,-5.04662,-1.89873,1.40279,1
4,10,17,-0.64769,-0.64769,2.67763,-0.805878,2.67763,2
2,5,20,4.54976,4.45779,2.55099,-0.805878,4.45779,0
4,7,17,-0.64769,-0.64769,2.67763,-0.805878,2.67763,2
3,4,45,0.480863,1.10572,-0.989663,-0.351506,1.10572,1
1,12,78,1.04167,0.936687,-4.65291,-1.66623,0.936687,0
4,15,82,-4.90201,-4.37138,-5.04662,-1.89873,-1.89873,3
4,19,29,-1.34672,-1.34672,1.67657,-0.805878,1.67657,2
4,9,72,-4.11009,-3.88693,-4.69937,-1.21867,-1.21867,3
2,10,22,3.62337,3.66101,2.39276,-0.805878,3.62337,1
1,12,80,0.612203,0.852453,-4.82344,-1.66435,0.852453,1
4,15,32,-1.51638,-1.51638,1.7249,-0.805878,1.7249,2
1,6,90,1.03416,1.04121,-6.05291,-2.36134,1.04121,1
4,11,52,-2.89315,-2.76136,-3.16282,-0.404636,-0.404636,3
3,11,42,0.687107,0.263848,-0.0637023,-0.353411,0.263848,0
1,12,27,3.66653,4.01882,1.79261,-0.805878,4.01882,1
3,7,22,2.79981,3.7259,2.39276,-0.805878,3.7259,1
3,1,2,5.39024,3.15492,2.95846,-0.805878,3.15492,0
1,6,89,1.09193,1.06318,-5.75042,-2.39784,1.06318,0
4,11,49,-2.61941,-2.61941,-2.3856,-0.416188,-0.416188,3
4,5,65,1.00893,0.131491,-4.11009,-0.783219,-0.783219,0
4,5,64,1.05462,0.174982,-3.84075,-0.813937,-3.84075,0
1,10,17,5.03569,4.9672,2.67763,-0.805878,4.9672,0
3,20,36,0.752777,1.2356,1.45696,0.264588,1.2356,2
4,7,7,-0.247152,-0.247152,2.92731,-0.805878,2.92731,2
3,13,14,2.87001,2.64593,2.79075,-0.805878,2.64593,0
4,18,92,-5.14185,-5.14185,-6.43894,-2.39982,-2.39982,3
4,14,61,-3.28628,1.78482,-3.77303,-0.607646,-0.607646,1
4,12,28,-1.27956,-1.27956,1.70711,-0.805878,1.70711,2
2,5,40,2.37825,3.7624,0.424054,-0.32524,3.7624,1
4,20,91,-5.35927,-5.35927,-6.29331,-2.45927,-2.45927,3
2,17,72,0.00369249,-0.566335,-4.69937,-1.21867,-0.566335,0
4,15,74,-4.33476,-3.88716,-4.86797,-1.45906,-1.45906,3
3,18,94,-2.4403,-2.53913,-3.41916,-2.55553,-2.53913,0
3,2,57,2.41935,1.41997,-3.55909,-0.534181,1.41997,0
3,4,54,1.16288,1.01133,-3.28628,-0.56961,1.01133,0
2,3,28,3.91547,3.188,1.70711,-0.805878,3.188,0
2,9,38,3.16751,2.37786,0.671689,-0.230343,2.37786,0
3,15,16,2.8676,3.74793,2.59926,-0.805878,3.74793,1
2,2,10,4.96232,5.15958,2.9161,-0.805878,5.15958,1
4,12,45,-2.28561,-2.28561,-0.989663,-0.351506,-0.351506,3
2,3,71,1.28696,1.7447,-4.4203,-1.13959,1.7447,1
4,6,86,-4.30456,-4.30456,-5.61978,-2.01828,-2.01828,3
3,12,34,1.84408,2.3031,1.42834,-0.805878,2.3031,1
2,1,53,2.5521,2.797,-3.24637,-0.595251,2.797,1
2,12,21,1.55847,4.22141,2.59473,-0.805878,4.22141,1
3,11,17,2.99401,3.76906,2.67763,-0.805878,3.76906,1
4,13,52,-2.89315,-2.73152,-3.16282,-0.404636,-0.404636,3
4,5,32,-1.51638,1.95986,1.7249,-0.805878,1.7249,1
4,5,17,-0.64769,-0.511344,2.67763,-0.805878,2.67763,2
4,17,48,-2.52467,-2.52467,-2.02538,-0.386848,-0.386848,3
3,11,59,-0.331906,0.7211,-3.59803,-0.651593,0.7211,1
1,19,38,2.44579,3.10449,0.671689,-0.230343,3.10449,1
2,1,87,0.722168,0.473772,-5.60239,-2.09737,0.473772,0
3,11,70,0.131601,-0.0797642,-4.23657,-1.06699,-0.0797642,0
2,16,88,-1.44647,-1.68543,-5.55605,-2.24038,-1.68543,0
3,13,72,-1.01146,-0.763807,-4.69937,-1.21867,-0.763807,1
1,19,37,3.4755,3.06408,0.962271,-0.077702,3.06408,0
2,19,25,2.64417,3.07654,2.04479,-0.805878,3.07654,1
3,6,9,3.71459,3.04563,2.89122,-0.805878,3.04563,0
4,5,50,-2.74915,2.29964,-2.70986,-0.510597,0.426834,1
4,14,99,-6.43894,-6.43894,-3.41916,-3.35117,-3.35117,3
4,18,26,-1.12974,-1.12974,2.08517,-0.805878,2.08517,2
4,13,38,-1.89425,-1.84089,0.671689,-0.230343,0.671689,2
4,5,24,-0.874016,0.32471,2.20454,-0.805878,2.20454,2
1,12,22,4.46852,3.58799,2.39276,-0.805878,3.58799,0
1,20,29,3.25011,3.79383,1.67657,-0.805878,3.79383,1
4,16,21,-0.867753,-0.867753,2.59473,-0.805878,2.59473,2
4,5,51,1.75942,0.95034,-3.03783,-0.448822,-3.03783,0
4,18,27,-1.19634,-1.19634,1.79261,-0.805878,1.79261,2
4,13,37,-1.84662,-1.79157,0.962271,-0.077702,-0.077702,2
2,2,7,5.31407,4.23132,2.92731,-0.805878,4.23132,0
1,12,23,4.60869,4.46477,2.09672,-0.805878,4.46477,0
1,20,28,3.07713,3.82942,1.70711,-0.805878,3.82942,1
4,16,22,-0.882782,-0.882782,2.39276,-0.805878,2.39276,2
1,12,31,3.12641,3.85028,1.72456,-0.805878,3.85028,1
4,13,54,-2.99027,-2.81411,-3.28628,-0.56961,-0.56961,3
3,8,14,2.80791,4.53179,2.79075,-0.805878,4.53179,1
3,2,62,1.65701,1.68567,-3.86868,-0.735614,1.68567,1
1,7,48,3.22486,3.07033,-2.02538,-0.386848,3.07033,0
3,4,9,4.31177,4.11635,2.89122,-0.805878,4.11635,0
3,2,41,3.32216,1.30699,0.201755,-0.28101,1.30699,0
1,11,20,4.33918,4.38844,2.55099,-0.805878,4.38844,1
4,10,15,-0.479294,-0.479294,2.8676,-0.805878,2.8676,2
3,8,18,3.65376,4.56851,2.65786,-0.805878,4.56851,1
2,12,70,0.065057,0.227946,-4.23657,-1.06699,0.227946,1
2,7,7,4.19604,4.71923,2.92731,-0.805878,4.71923,1
4,12,31,-1.46886,-1.46886,1.72456,-0.805878,1.72456,2
2,16,91,-1.51401,-1.83945,-6.29331,-2.45927,-1.83945,0
3,13,73,-0.70971,-0.530834,-4.58061,-1.30758,-0.530834,1
3,11,57,-0.362959,0.604016,-3.55909,-0.534181,0.604016,1
1,19,36,3.76667,3.1722,1.45696,0.264588,3.1722,0
2,19,22,4.48937,3.41776,2.39276,-0.805878,3.41776,0
3,6,14,3.34199,4.89793,2.79075,-0.805878,4.89793,1
3,20,45,-0.223833,1.34265,-0.989663,-0.351506,1.34265,1
1,10,22,4.24366,5.08424,2.39276,-0.805878,5.08424,1
4,5,48,-2.63102,2.73031,-2.02538,-0.386848,-2.02538,1
4,18,24,-1.02966,-1.02966,2.20454,-0.805878,2.20454,2
2,17,82,-0.781116,-1.40535,-5.04662,-1.89873,-1.40535,0
1,17,34,3.38177,3.80599,1.42834,-0.805878,3.80599,1
3,19,79,-1.30772,-1.41944,-4.30456,-1.7295,-1.41944,0
3,3,6,4.7321,4.30325,2.97518,-0.805878,4.7321,0
4,1,5,6.17792,6.87558,2.97834,-0.805878,6.17792,1
3,2,61,1.72692,1.80895,-3.77303,-0.607646,1.80895,1
1,7,49,3.20294,3.0949,-2.3856,-0.416188,3.0949,0
3,4,10,3.09077,5.10169,2.9161,-0.805878,5.10169,1
3,8,13,4.07299,3.45364,2.91513,-0.805878,3.45364,0
2,13,34,2.50452,3.64209,1.42834,-0.805878,3.64209,1
4,5,54,1.52202,0.653967,-3.28628,-0.56961,-0.56961,0
2,1,6,5.47023,3.06241,2.97518,-0.805878,3.06241,0
3,15,20,2.81516,2.61588,2.55099,-0.805878,2.61588,0
1,1,55,2.84181,2.85538,-3.26052,-0.458097,2.85538,1
1,10,59,1.85637,2.36772,-3.59803,-0.651593,2.36772,1
2,12,45,2.43104,2.28615,-0.989663,-0.351506,2.28615,0
4,15,23,-0.967684,-0.967684,2.09672,-0.805878,2.09672,2
3,1,71,1.22868,2.47801,-4.4203,-1.13959,2.47801,1
4,8,15,-0.479294,-0.479294,2.8676,-0.805878,2.8676,2
2,11,26,3.3922,3.4729,2.08517,-0.805878,3.4729,1
4,12,63,-3.43957,-1.53853,-4.03562,-0.692524,-0.692524,3
4,18,94,-5.60239,-5.60239,-3.41916,-2.55553,-2.55553,3
4,14,63,-3.43957,1.31657,-4.03562,-0.692524,-0.692524,1
4,5,6,0.0171194,6.73672,2.97518,-0.805878,2.97518,1
4,13,18,-0.728975,-0.728975,2.65786,-0.805878,2.65786,2
4,12,66,-3.59803,-1.66545,-4.06104,-0.806488,-0.806488,3
4,17,29,-1.34672,-1.34672,1.67657,-0.805878,1.67657,2
3,5,5,4.2882,5.73605,2.97834,-0.805878,5.73605,1
4,5,44,5.28725,0.931915,-0.646582,-0.45329,-0.255404,0
4,18,28,-1.27956,-1.27956,1.70711,-0.805878,1.70711,2
4,13,40,-2.00091,-1.40914,0.424054,-0.32524,0.424054,2
3,11,58,-0.30529,0.569591,-3.5329,-0.497556,0.569591,1
1,19,25,2.7494,3.92341,2.04479,-0.805878,2.7494,1
2,19,21,4.20704,3.4325,2.59473,-0.805878,3.4325,0
3,6,13,3.86616,4.38374,2.91513,-0.805878,4.38374,1
3,11,63,-0.460088,0.246664,-4.03562,-0.692524,0.246664,1
4,5,22,0.162774,1.69844,2.39276,-0.805878,2.39276,2
3,11,16,2.8676,3.03285,2.59926,-0.805878,3.03285,1
4,13,51,-2.78547,-2.62976,-3.03783,-0.448822,-0.448822,3
4,5,33,-1.56995,0.599001,1.60775,-0.805878,1.60775,2
4,9,17,-0.64769,-0.64769,2.67763,-0.805878,2.67763,2
2,1,86,0.739817,0.626699,-5.61978,-2.01828,0.626699,0
3,11,71,0.629753,-0.466744,-4.4203,-1.13959,-0.466744,0
2,16,89,-1.69003,-1.71883,-5.75042,-2.39784,-1.71883,0
3,13,71,-0.922247,-0.569469,-4.4203,-1.13959,-0.569469,1
1,19,34,3.57532,3.49438,1.42834,-0.805878,3.57532,0
3,10,93,-2.04535,-0.758096,-3.41916,-2.51688,-0.758096,1
2,19,24,3.06732,3.12381,2.20454,-0.805878,3.12381,1
3,6,8,2.92236,2.8976,2.93668,-0.805878,2.8976,2
4,15,30,-1.41916,-1.41916,1.53923,-0.805878,1.53923,2
4,3,35,1.42575,2.35575,1.44812,-0.805878,1.44812,1
2,16,40,2.30129,2.00289,0.424054,-0.32524,2.00289,0
3,8,27,2.38331,3.38298,1.79261,-0.805878,3.38298,1
2,13,49,1.19821,1.26553,-2.3856,-0.416188,1.26553,1
2,2,62,1.60085,2.20223,-3.86868,-0.735614,2.20223,1
1,12,16,4.14929,4.41857,2.59926,-0.805878,4.41857,1
4,12,64,-3.55909,-1.59552,-3.84075,-0.813937,-0.813937,3
2,7,96,-0.511937,-0.808753,-3.41916,-2.99602,-0.808753,0
4,12,62,-3.26052,-1.47712,-3.86868,-0.735614,-0.735614,3
3,13,13,2.82745,2.837,2.91513,-0.805878,2.837,2
4,18,95,-5.55605,-5.55605,-3.41916,-2.85377,-2.85377,3
4,14,60,-3.24637,1.86831,-3.62281,-0.563066,-0.563066,1
4,5,7,-0.247152,6.945,2.92731,-0.805878,2.92731,1
4,13,17,-0.64769,-0.64769,2.67763,-0.805878,2.67763,2
3,8,82,-1.35674,-1.32543,-5.04662,-1.89873,-1.32543,1
3,7,8,3.15425,3.14694,2.93668,-0.805878,3.14694,0
4,6,39,-1.93459,0.14496,0.982003,-0.317489,0.982003,2
2,3,47,2.71293,2.49327,-1.66582,-0.377744,2.49327,0
2,9,55,2.05087,1.75876,-3.26052,-0.458097,1.75876,0
3,4,39,1.82344,3.39901,0.982003,-0.317489,3.39901,1
1,12,88,0.600872,0.588381,-5.55605,-2.24038,0.588381,0
4,15,88,-4.70389,-4.70389,-5.55605,-2.24038,-2.24038,3
4,19,19,-0.760146,-0.760146,2.73033,-0.805878,2.73033,2
3,2,8,4.66939,0.725844,2.93668,-0.805878,0.725844,0
3,14,77,-1.71977,-0.971185,-4.67517,-1.58996,-0.971185,1
2,19,58,-0.14717,0.809416,-3.5329,-0.497556,0.809416,1
3,11,60,0.524187,0.719043,-3.62281,-0.563066,0.719043,1
1,12,72,1.3513,1.23274,-4.69937,-1.21867,1.23274,0
4,15,72,-4.11009,-3.69818,-4.69937,-1.21867,-1.21867,3
3,1,31,3.18832,3.78823,1.72456,-0.805878,3.78823,1
3,7,35,0.829036,2.06373,1.44812,-0.805878,2.06373,1
1,12,89,0.420104,0.330079,-5.75042,-2.39784,0.330079,0
4,15,39,-1.93459,-1.62158,0.982003,-0.317489,-0.317489,2
2,1,5,6.14519,6.05254,2.97834,-0.805878,6.14519,0
2,13,35,2.90553,4.28184,1.44812,-0.805878,4.28184,1
4,5,49,-2.63357,2.48068,-2.3856,-0.416188,-2.3856,1
4,18,25,-1.10732,-1.10732,2.04479,-0.805878,-1.10732,2
4,13,35,-1.73068,-1.67875,1.44812,-0.805878,1.44812,2
1,20,30,3.18087,3.76009,1.53923,-0.805878,3.76009,1
4,16,16,-0.543395,-0.543395,2.59926,-0.805878,2.59926,2
4,12,73,-4.06104,-0.898475,-4.58061,-1.30758,-1.30758,1
4,17,22,-0.882782,-0.882782,2.39276,-0.805878,2.39276,2
3,5,8,2.50235,1.3304,2.93668,-0.805878,1.3304,2
3,8,61,0.0769216,0.0149748,-3.77303,-0.607646,0.0149748,0
3,2,84,-0.312045,0.069532,-5.35927,-2.00544,0.069532,1
1,8,83,1.14685,1.37012,-5.22327,-1.89942,1.37012,1
4,10,16,-0.543395,2.5281,2.59926,-0.805878,2.59926,2
2,12,36,2.32319,4.34478,1.45696,0.264588,4.34478,1
4,9,73,-4.06104,-3.93891,-4.58061,-1.30758,-1.30758,3
3,7,98,-2.6357,-2.95065,-3.41916,-3.12829,-2.95065,0
3,1,94,-0.741682,-1.23963,-3.41916,-2.55553,-1.23963,0
2,10,21,4.22573,4.3051,2.59473,-0.805878,4.3051,1
1,12,95,0.141121,0.316884,-3.41916,-2.85377,0.316884,1
4,15,33,-1.57416,2.68542,1.60775,-0.805878,0.939771,1
3,1,73,1.49463,2.4952,-4.58061,-1.30758,2.4952,1
3,7,93,-2.17596,-2.5302,-3.41916,-2.51688,-2.5302,0
3,10,38,1.84431,1.34562,0.671689,-0.230343,1.34562,0
3,11,95,-2.16362,-1.32607,-3.41916,-2.85377,-1.32607,1
3,12,15,2.84868,3.60498,2.8676,-0.805878,3.60498,1
2,17,79,-0.995828,-1.11273,-4.30456,-1.7295,-1.11273,0
2,5,41,2.47213,3.52943,0.201755,-0.28101,3.52943,1
4,20,90,-5.22327,-5.22327,-6.05291,-2.36134,-2.36134,3
1,17,53,0.77958,1.81311,-3.24637,-0.595251,0.77958,1
4,1,16,2.86307,-0.543395,2.59926,-0.805878,-0.584848,0
2,14,93,-0.748591,-1.01466,-3.41916,-2.51688,-1.01466,0
1,12,85,0.159042,0.59235,-5.14185,-2.10808,0.59235,1
4,15,43,-2.24665,-1.84962,-0.351569,-0.382527,-0.351569,2
2,13,59,0.589296,0.922735,-3.59803,-0.651593,0.922735,1
3,3,5,4.06841,4.22569,2.97834,-0.805878,4.22569,1
3,19,72,-1.39322,-0.964211,-4.69937,-1.21867,-1.39322,1
2,4,9,4.58094,4.15334,2.89122,-0.805878,4.15334,0
3,16,47,0.00860788,-0.522508,-1.66582,-0.377744,-0.522508,0
2,2,5,4.84493,4.62501,2.97834,-0.805878,4.62501,0
4,9,15,-0.479294,-0.479294,2.8676,-0.805878,2.8676,2
3,16,46,0.15085,-0.339657,-1.27338,-0.395639,-0.339657,0
2,4,8,4.99024,4.04642,2.93668,-0.805878,4.04642,0
1,7,38,3.80104,3.60529,0.671689,-0.230343,3.60529,0
3,4,31,2.39438,3.23628,1.72456,-0.805878,3.23628,1
3,2,32,2.86863,1.78875,1.7249,-0.805878,1.78875,0
2,9,75,0.610336,0.0558819,-4.90201,-1.41384,0.0558819,0
4,6,15,-0.479294,-0.479294,2.8676,-0.805878,2.8676,2
2,12,24,3.74243,3.791,2.20454,-0.805878,3.791,1
1,10,52,2.33819,2.79878,-3.16282,-0.404636,2.79878,1
3,11,27,2.30757,2.58449,1.79261,-0.805878,2.58449,1
3,11,86,-1.56499,-0.752675,-5.61978,-2.01828,-0.752675,1
3,12,22,1.24662,3.10215,2.39276,-0.805878,3.10215,1
3,1,88,-0.628843,-0.82224,-5.55605,-2.24038,-0.82224,0
4,8,12,-0.438248,-0.438248,2.93608,-0.805878,2.93608,2
4,9,62,-3.21427,-2.64429,-3.86868,-0.735614,-3.86868,3
2,10,32,3.30425,2.88242,1.7249,-0.805878,2.88242,0
4,4,15,2.60027,-0.479294,2.8676,-0.805878,2.8676,2
2,1,96,-0.00296166,-0.311248,-3.41916,-2.99602,-0.311248,0
2,4,10,3.75354,5.36612,2.9161,-0.805878,5.36612,1
3,16,44,1.32371,0.103912,-0.646582,-0.45329,0.103912,0
4,9,14,-0.580929,-0.580929,2.79075,-0.805878,2.79075,2
2,2,4,6.09618,5.03103,2.97261,-0.805878,5.03103,0
2,10,54,1.54807,1.41738,-3.28628,-0.56961,1.41738,0
4,9,40,-2.00091,0.497161,0.424054,-0.32524,0.497161,1
4,9,70,-3.72526,-3.39385,-4.23657,-1.06699,-1.06699,3
3,18,81,-1.39591,-1.73975,-4.70389,-1.77463,-1.73975,0
4,12,69,-3.86868,-1.89908,-4.38821,-0.937499,-0.937499,3
4,17,26,-1.12974,-1.12974,2.08517,-0.805878,2.08517,2
2,1,52,2.72481,3.00612,-3.16282,-0.404636,3.00612,1
4,16,31,-1.46886,-1.46886,1.72456,-0.805878,1.72456,2
1,12,30,3.61907,4.31449,1.53923,-0.805878,4.31449,1
1,12,26,3.55072,3.55044,2.08517,-0.805878,3.55044,0
1,20,27,2.9736,3.17101,1.79261,-0.805878,3.17101,1
4,16,19,-0.760146,-0.760146,2.73033,-0.805878,2.73033,2
2,1,56,2.59487,2.54968,-3.43957,-0.474568,2.54968,0
2,2,6,5.26721,4.17207,2.97518,-0.805878,4.17207,0
1,20,31,3.24611,3.81543,1.72456,-0.805878,3.24611,1
4,16,23,-0.967684,-0.967684,2.09672,-0.805878,2.09672,2
3,2,60,1.81688,1.87278,-3.62281,-0.563066,1.87278,1
1,7,50,3.2851,2.73695,-2.70986,-0.510597,2.73695,0
3,4,11,3.24723,4.2538,2.80572,-0.805878,4.2538,1
3,8,12,2.8315,4.23516,2.93608,-0.805878,4.23516,1
3,10,33,2.48848,2.01042,1.60775,-0.805878,2.01042,0
3,8,26,2.37122,3.18887,2.08517,-0.805878,3.18887,1
2,13,48,1.14457,1.25803,-2.02538,-0.386848,1.25803,1
3,4,49,1.11033,2.1198,-2.3856,-0.416188,2.1198,1
2,3,17,3.05942,4.27286,2.67763,-0.805878,4.27286,1
2,9,61,1.05997,0.862456,-3.77303,-0.607646,0.862456,0
3,2,6,5.42195,3.62387,2.97518,-0.805878,3.62387,0
3,8,15,2.53076,5.7047,2.8676,-0.805878,5.7047,1
3,4,8,5.00338,3.55861,2.93668,-0.805878,3.55861,0
4,5,45,-2.39794,2.45419,-0.989663,-0.351506,-0.989663,1
4,14,98,-6.29331,-6.29331,-3.41916,-3.12829,-3.12829,3
4,18,29,-1.34672,-1.34672,1.67657,-0.805878,1.67657,2
4,13,39,-1.93459,-1.32183,0.982003,-0.317489,-0.317489,2
1,12,21,4.46835,4.55116,2.59473,-0.805878,4.55116,1
4,16,20,-0.805878,-0.805878,2.55099,-0.805878,2.55099,2
4,1,53,1.61674,-0.375439,-3.24637,-0.595251,-0.595251,0
3,10,14,2.80444,4.74857,2.79075,-0.805878,4.74857,1
3,4,59,1.57462,1.24005,-3.59803,-0.651593,1.24005,0
2,3,43,2.3816,1.48218,-0.351569,-0.382527,1.48218,0
2,9,51,1.69221,1.71847,-3.03783,-0.448822,1.71847,1
3,2,12,4.14382,2.93436,2.93608,-0.805878,2.93436,0
2,12,69,0.481066,0.623139,-4.38821,-0.937499,0.623139,1
3,7,12,4.31964,3.58445,2.93608,-0.805878,3.58445,0
2,1,98,-0.345516,-0.299475,-3.41916,-3.12829,-0.299475,1
2,4,4,5.64115,4.76105,2.97261,-0.805878,5.64115,0
3,16,34,1.62086,1.61382,1.42834,-0.805878,1.61382,0
2,2,2,5.33379,5.52928,2.95846,-0.805878,5.33379,1
2,20,99,-2.19561,-1.8087,-3.41916,-3.35117,-1.8087,1
4,9,12,-0.438248,-0.438248,2.93608,-0.805878,2.93608,2
3,5,18,2.32508,3.12837,2.65786,-0.805878,3.12837,1
2,9,84,0.389098,-0.672333,-5.35927,-2.00544,-0.672333,0
4,6,18,-0.728975,-0.728975,2.65786,-0.805878,2.65786,2
4,8,48,-2.89315,-1.59279,-2.02538,-0.386848,-2.02538,3
4,5,59,1.14622,0.431752,-3.59803,-0.651593,-3.59803,0
4,13,29,-1.34672,-1.34672,1.67657,-0.805878,1.67657,2
4,5,47,-2.56094,2.70316,-1.66582,-0.377744,-1.66582,1
4,18,31,-1.46886,-1.46886,1.72456,-0.805878,1.72456,2
4,13,41,-2.08792,-1.3608,0.201755,-0.28101,-0.28101,2
4,5,21,0.0744527,1.68501,2.59473,-0.805878,2.59473,2
2,7,31,3.51586,3.81297,1.72456,-0.805878,3.81297,1
3,2,37,3.13674,3.33081,0.962271,-0.077702,3.13674,1
1,7,41,3.07223,3.19957,0.201755,-0.28101,3.19957,1
3,4,18,2.6146,4.55464,2.65786,-0.805878,4.55464,1
3,10,37,1.96468,1.57314,0.962271,-0.077702,1.57314,0
3,11,80,-0.505414,-0.996166,-4.82344,-1.66435,-0.996166,0
3,12,16,2.89613,2.84626,2.59926,-0.805878,2.84626,0
2,11,25,2.75121,2.83967,2.04479,-0.805878,2.83967,1
3,1,70,1.21446,0.705135,-4.23657,-1.06699,0.705135,0
4,8,14,-0.580929,-0.580929,2.79075,-0.805878,2.79075,2
4,6,14,-0.580929,-0.580929,2.79075,-0.805878,2.79075,2
2,12,25,2.96304,3.29382,2.04479,-0.805878,3.29382,1
1,10,55,2.4188,2.81214,-3.26052,-0.458097,2.81214,1
3,11,24,2.47909,2.5437,2.20454,-0.805878,2.5437,1
1,20,65,1.04352,0.96024,-4.11009,-0.783219,0.96024,0
4,14,39,-1.93459,1.8063,0.982003,-0.317489,-0.317489,1
4,5,14,3.29091,5.32907,2.79075,-0.805878,2.79075,1
4,9,61,-3.12473,-2.65036,-3.77303,-0.607646,-0.607646,3
4,10,12,-0.438248,-0.438248,2.93608,-0.805878,2.93608,2
1,11,19,4.11567,3.95162,2.73033,-0.805878,3.95162,0
4,8,74,-4.33476,-3.86868,-4.86797,-1.45906,-3.86868,3
2,10,33,3.13272,2.82548,1.60775,-0.805878,2.82548,0
4,4,14,0.908433,5.3207,2.79075,-0.805878,2.79075,1
4,15,25,-1.10732,-1.10732,2.04479,-0.805878,2.04479,2
4,15,96,-5.75042,-5.75042,-3.41916,-2.99602,-2.99602,3
3,19,51,-0.118992,0.361072,-3.03783,-0.448822,0.361072,1
4,19,43,-2.24665,-2.10331,-0.351569,-0.382527,-0.382527,2
3,18,86,-1.96836,-1.99989,-5.61978,-2.01828,-1.99989,0
2,10,53,1.35953,1.28179,-3.24637,-0.595251,1.28179,0
4,9,41,-2.08792,0.584493,0.201755,-0.28101,-0.28101,1
3,11,40,1.21848,0.852198,0.424054,-0.32524,0.852198,0
3,11,41,1.02969,0.234993,0.201755,-0.28101,0.234993,0
4,13,53,-2.88215,-2.72764,-3.24637,-0.595251,-0.595251,3
4,5,35,-1.70122,0.906806,1.44812,-0.805878,1.44812,2
3,19,38,1.37771,1.17439,0.671689,-0.230343,1.17439,0
4,19,86,-4.30456,-4.30456,-5.61978,-2.01828,-2.01828,3
3,2,40,3.28867,1.92288,0.424054,-0.32524,3.28867,0
3,8,17,2.77124,2.92677,2.67763,-0.805878,2.92677,1
4,17,17,-0.64769,-1.19634,2.67763,-0.805878,2.67763,2
3,5,17,3.73196,3.35638,2.67763,-0.805878,3.35638,0
2,9,85,0.276442,-0.641478,-5.14185,-2.10808,-0.641478,0
3,18,87,-1.78912,-2.10729,-5.60239,-2.09737,-2.10729,0
4,15,26,-1.12974,-1.12974,2.08517,-0.805878,2.08517,2
4,1,56,1.6047,-0.481152,-3.43957,-0.474568,1.6047,0
2,17,87,-1.53697,-1.01272,-5.60239,-2.09737,-1.01272,1
4,20,66,-3.59803,-3.31596,-4.06104,-0.806488,-0.806488,3
1,17,45,2.40562,2.63216,-0.989663,-0.351506,2.63216,1
4,18,84,-4.67517,-4.67517,-5.35927,-2.00544,-2.00544,3
4,14,53,-2.88215,2.10796,-3.24637,-0.595251,-0.595251,1
3,20,25,2.20454,2.45342,2.04479,-0.805878,2.20454,1
4,6,12,-0.438248,4.34868,2.93608,-0.805878,2.93608,1
3,1,80,0.996824,1.94574,-4.82344,-1.66435,1.94574,1
2,10,23,3.50851,3.96019,2.09672,-0.805878,3.96019,1
4,6,38,-1.92376,1.14989,0.671689,-0.230343,0.671689,1
3,4,56,1.26488,0.721262,-3.43957,-0.474568,0.721262,0
3,2,15,3.48086,1.1218,2.8676,-0.805878,1.1218,0
3,7,9,2.29632,2.11888,2.89122,-0.805878,2.11888,2
2,14,43,2.22662,2.07276,-0.351569,-0.382527,2.07276,0
3,8,10,3.40586,3.917,2.9161,-0.805878,3.917,1
3,5,37,1.99419,2.44688,0.962271,-0.077702,2.44688,1
2,3,9,4.07293,4.93491,2.89122,-0.805878,4.93491,1
2,1,72,1.99742,2.34884,-4.69937,-1.21867,2.34884,1
4,4,9,-0.272534,-0.323307,2.89122,-0.805878,2.89122,2
2,10,74,0.777653,0.6142,-4.86797,-1.45906,0.6142,0
2,15,17,2.86441,2.38269,2.67763,-0.805878,2.38269,0
1,12,28,4.0342,4.48204,1.70711,-0.805878,4.48204,1
4,17,31,-1.46886,-1.46886,1.72456,-0.805878,1.72456,2
3,5,7,3.65389,2.74221,2.92731,-0.805878,2.74221,0
3,15,17,1.9289,1.58854,2.67763,-0.805878,1.58854,2
3,11,20,2.71461,3.36141,2.55099,-0.805878,3.36141,1
2,13,53,0.645601,1.20868,-3.24637,-0.595251,1.20868,1
3,11,31,2.11843,2.05828,1.72456,-0.805878,2.05828,0
2,9,74,0.848906,-1.28422,-4.86797,-1.45906,-1.28422,0
4,6,8,-0.304695,-0.205158,2.93668,-0.805878,2.93668,2
2,1,57,2.41134,2.44881,-3.55909,-0.534181,2.44881,1
3,1,89,-0.90722,-1.99942,-5.75042,-2.39784,-1.99942,0
4,8,13,-0.496319,-0.496319,2.91513,-0.805878,2.91513,2
3,8,94,-2.25001,-0.53435,-3.41916,-2.55553,-0.53435,1
2,19,56,-0.0996333,0.791239,-3.43957,-0.474568,0.791239,1
3,14,79,-2.2789,-1.10475,-4.30456,-1.7295,-1.10475,1
2,3,98,-0.925783,-0.921254,-3.41916,-3.12829,-0.921254,1
1,16,84,-0.106732,0.271873,-5.35927,-2.00544,0.271873,1
1,5,64,2.36651,2.12246,-3.84075,-0.813937,2.12246,0
1,6,6,5.62373,4.63997,2.97518,-0.805878,4.63997,0
2,13,50,0.849974,0.846413,-2.70986,-0.510597,0.846413,0
3,8,24,2.61799,3.73977,2.20454,-0.805878,3.73977,1
3,4,7,4.01731,2.89296,2.92731,-0.805878,2.89296,0
4,6,37,-1.85703,1.44786,0.962271,-0.077702,0.962271,1
3,4,57,1.80049,1.21544,-3.55909,-0.534181,1.21544,0
2,3,41,2.5344,1.04792,0.201755,-0.28101,1.04792,0
2,9,53,1.75151,2.01831,-3.24637,-0.595251,2.01831,1
3,2,14,4.43267,5.47829,2.79075,-0.805878,5.47829,1
3,1,10,4.5097,5.11091,2.9161,-0.805878,5.11091,1
3,7,30,1.41914,2.83485,1.53923,-0.805878,2.83485,1
3,10,22,3.23,3.26813,2.39276,-0.805878,3.26813,1
2,12,71,0.0474804,0.636239,-4.4203,-1.13959,0.636239,1
3,7,10,2.47783,3.31092,2.9161,-0.805878,3.31092,1
3,17,40,1.12826,0.881421,0.424054,-0.32524,0.881421,0
3,3,47,2.05414,-0.207934,-1.66582,-0.377744,-0.207934,0
4,1,18,2.57221,4.84526,2.65786,-0.805878,4.03825,1
3,8,11,2.46786,2.53099,2.80572,-0.805878,2.53099,2
3,15,37,0.504006,1.49767,0.962271,-0.077702,1.49767,1
4,7,70,-0.975683,-0.786819,-4.23657,-1.06699,-1.06699,1
2,7,28,3.44204,3.96071,1.70711,-0.805878,3.96071,1
3,9,91,-2.21943,0.601236,-6.29331,-2.45927,0.601236,1
3,17,27,2.26284,2.97911,1.79261,-0.805878,2.97911,1
2,11,20,3.81957,3.92281,2.55099,-0.805878,3.92281,1
4,5,62,1.18522,0.387925,-3.86868,-0.735614,-0.735614,0
3,20,27,2.08517,2.20787,1.79261,-0.805878,2.20787,1
4,18,86,-4.30456,-4.30456,-5.61978,-2.01828,-2.01828,3
4,14,55,-3.02202,1.8328,-3.26052,-0.458097,-0.458097,1
2,7,32,3.15898,3.81325,1.7249,-0.805878,3.81325,1
4,12,60,-3.24637,-1.35402,-3.62281,-0.563066,-0.563066,3
4,18,81,-4.86797,-4.86797,-4.70389,-1.77463,-1.77463,3
4,14,62,-3.26052,1.36676,-3.86868,-0.735614,-0.735614,1
2,1,1,5.20398,6.11189,3,-0.805878,6.11189,1
3,1,81,0.889176,1.91473,-4.70389,-1.77463,1.91473,1
2,10,16,3.98375,4.27022,2.59926,-0.805878,4.27022,1
1,12,82,0.221774,0.548451,-5.04662,-1.89873,0.548451,1
4,15,46,-2.41163,-2.41163,-1.27338,-0.395639,-0.395639,3
2,5,7,4.90345,4.88114,2.92731,-0.805878,4.88114,0
4,6,13,-0.496319,0.417752,2.91513,-0.805878,2.91513,2
4,9,56,-2.94043,-2.44113,-3.43957,-0.474568,-0.474568,3
1,11,22,4.38807,5.65567,2.39276,-0.805878,5.65567,1
2,10,38,2.75695,2.37245,0.671689,-0.230343,2.37245,0
4,4,13,-0.496319,0.417752,2.91513,-0.805878,2.91513,2
4,9,68,-3.57037,-3.18422,-4.27007,-1.01066,-1.01066,3
3,11,30,1.47987,1.95159,1.53923,-0.805878,1.95159,1
1,3,74,1.75807,2.2358,-4.86797,-1.45906,2.2358,1
4,17,70,-4.03562,-2.33715,-4.23657,-1.06699,-1.06699,3
4,8,53,-0.654025,0.300687,-3.24637,-0.595251,-0.595251,1
4,5,60,1.21966,0.446942,-3.62281,-0.563066,-0.226127,0
1,12,83,0.327249,0.640332,-5.22327,-1.89942,0.640332,1
4,15,45,-2.28561,-2.28561,-0.989663,-0.351506,-0.351506,3
2,5,6,3.82715,5.26685,2.97518,-0.805878,5.26685,1
4,5,57,1.2682,0.512252,-3.55909,-0.534181,-3.55909,0
3,4,60,1.33224,1.12836,-3.62281,-0.563066,1.12836,0
2,3,42,2.76787,1.49776,-0.0637023,-0.353411,1.49776,0
2,9,48,2.54812,1.83316,-2.02538,-0.386848,1.83316,0
3,2,3,5.44279,1.71078,3,-0.805878,1.71078,0
2,12,68,0.299981,0.43135,-4.27007,-1.01066,0.43135,1
3,7,13,3.27584,3.12943,2.91513,-0.805878,3.12943,0
1,2,2,6.15575,6.27361,2.95846,-0.805878,6.27361,1
4,7,14,-0.580929,-0.580929,2.79075,-0.805878,2.79075,2
2,5,29,3.79939,3.70018,1.67657,-0.805878,3.70018,0
3,10,30,2.4242,2.5372,1.53923,-0.805878,2.5372,1
3,8,42,1.05962,1.88731,-0.0637023,-0.353411,1.88731,1
2,1,99,-0.591876,-0.446953,-3.41916,-3.35117,-0.446953,1
2,13,52,0.685913,1.32943,-3.16282,-0.404636,1.32943,1
3,5,42,1.9643,1.57146,-0.0637023,-0.353411,1.57146,0
2,3,10,4.89608,4.50719,2.9161,-0.805878,4.50719,0
2,15,15,3.65122,4.31713,2.8676,-0.805878,4.31713,1
2,10,68,1.31306,0.943095,-4.27007,-1.01066,0.943095,0
4,9,26,-1.12974,-0.384207,2.08517,-0.805878,2.08517,2
3,15,30,1.86577,2.27035,1.53923,-0.805878,2.27035,1
2,2,8,4.61653,2.48725,2.93668,-0.805878,2.48725,0
1,20,25,3.15044,3.08728,2.04479,-0.805878,3.08728,0
4,16,17,-0.64769,-1.19634,2.67763,-0.805878,2.67763,2
4,5,43,5.06462,0.873498,-0.351569,-0.382527,-0.351569,0
4,13,45,-2.28561,-2.28561,-0.989663,-0.351506,-0.351506,3
4,18,19,-0.760146,-0.760146,2.73033,-0.805878,2.73033,2
3,5,16,3.13275,4.37166,2.59926,-0.805878,4.37166,1
2,9,82,0.377205,-0.567735,-5.04662,-1.89873,-0.567735,0
4,12,26,-1.12974,-0.318354,2.08517,-0.805878,2.08517,2
2,14,92,-0.955119,-0.976512,-6.43894,-2.39982,-0.976512,0
2,2,33,3.80969,3.84956,1.60775,-0.805878,3.80969,1
1,12,84,0.421431,0.759896,-5.35927,-2.00544,0.759896,1
4,15,44,-2.26409,-1.90863,-0.646582,-0.45329,-0.45329,3
2,5,5,4.50057,5.44432,2.97834,-0.805878,5.44432,1
2,3,13,3.24502,4.97174,2.91513,-0.805878,4.97174,1
2,9,41,2.62749,1.64932,0.201755,-0.28101,1.64932,0
1,7,60,2.57011,2.51143,-3.62281,-0.563066,2.51143,0
3,4,5,5.45657,4.28441,2.97834,-0.805878,4.28441,0
4,9,63,-3.25227,-2.80603,-4.03562,-0.692524,-4.03562,3
2,10,39,2.50467,3.54991,0.982003,-0.317489,3.54991,1
4,4,12,-0.381377,5.60047,2.93608,-0.805878,2.93608,1
3,8,88,-2.06684,0.339399,-5.55605,-2.24038,0.339399,1
3,19,75,-1.02897,-1.16301,-4.90201,-1.41384,-1.16301,0
4,9,64,-3.35016,-2.91851,-3.84075,-0.813937,-0.813937,3
2,16,31,2.44454,2.74342,1.72456,-0.805878,2.74342,1
4,3,40,-1.00843,2.38448,0.424054,-0.32524,0.424054,1
3,10,11,2.93601,3.79217,2.80572,-0.805878,3.79217,1
2,13,54,0.566566,1.05312,-3.28628,-0.56961,1.05312,1
3,16,42,1.58759,0.220786,-0.0637023,-0.353411,0.220786,0
2,4,12,4.32398,4.74047,2.93608,-0.805878,4.74047,1
3,8,22,2.29401,3.05217,2.39276,-0.805878,3.05217,1
3,19,68,-1.20776,-0.828639,-4.27007,-1.01066,-1.20776,1
4,9,11,-0.381377,-0.805878,2.80572,-0.805878,2.80572,2
3,11,22,2.77257,3.68602,2.39276,-0.805878,3.68602,1
3,15,15,2.85506,3.21089,2.8676,-0.805878,3.21089,1
1,3,69,2.43241,1.60827,-4.38821,-0.937499,1.60827,0
4,17,79,-4.69937,-4.69937,-4.30456,-1.7295,-1.7295,3
2,7,26,3.17568,4.31912,2.08517,-0.805878,4.31912,1
1,7,44,1.97513,2.76866,-0.646582,-0.45329,2.76866,1
3,4,21,3.91718,2.98645,2.59473,-0.805878,2.98645,0
3,9,93,-2.38194,0.541283,-3.41916,-2.51688,0.541283,1
3,17,17,2.838,2.59803,2.67763,-0.805878,2.59803,0
3,18,93,-2.1506,-2.49796,-3.41916,-2.51688,-2.49796,0
3,11,61,0.487467,0.685213,-3.77303,-0.607646,0.685213,1
2,17,78,-0.650262,-1.00855,-4.65291,-1.66623,-1.00855,0
1,17,54,0.553605,1.44737,-3.28628,-0.56961,1.44737,1
4,1,17,4.17076,6.48232,2.67763,-0.805878,4.05261,1
3,11,92,-1.82969,-1.00578,-6.43894,-2.39982,-1.00578,1
3,12,12,2.85172,3.58359,2.93608,-0.805878,3.58359,1
3,11,21,2.75474,3.64101,2.59473,-0.805878,3.64101,1
4,6,11,-0.381377,-0.805878,2.80572,-0.805878,2.80572,2
4,5,34,-1.62549,0.762956,1.42834,-0.805878,1.42834,2
1,3,66,2.5471,1.75045,-4.06104,-0.806488,1.75045,0
4,17,78,-4.4203,-4.4203,-4.65291,-1.66623,-1.66623,3
2,7,25,3.72816,4.21513,2.04479,-0.805878,4.21513,1
1,7,43,2.15312,2.98252,-0.351569,-0.382527,2.98252,1
3,4,20,3.97501,3.92401,2.55099,-0.805878,3.92401,0
4,4,17,-0.506005,4.0015,2.67763,-0.805878,2.67763,1
2,9,76,0.764328,-0.262598,-4.75214,-1.45125,-0.262598,0
4,6,10,-0.318694,4.39511,2.9161,-0.805878,2.9161,1
4,9,67,-3.57532,-3.08896,-4.33476,-0.933887,-4.33476,3
3,11,64,0.0132284,0.0306155,-3.84075,-0.813937,0.0306155,1
2,16,66,-0.18058,0.0782518,-4.06104,-0.806488,0.0782518,1
3,13,66,-1.69019,0.0221453,-4.06104,-0.806488,0.0221453,1
1,19,47,1.47969,1.55767,-1.66582,-0.377744,1.47969,1
3,10,88,-2.10524,-0.622604,-5.55605,-2.24038,-0.622604,1
2,9,77,0.676797,-0.261614,-4.67517,-1.58996,-0.261614,0
4,6,9,-0.323307,-0.323307,2.89122,-0.805878,2.89122,2
2,13,58,0.534108,0.593569,-3.5329,-0.497556,0.593569,1
2,12,26,3.27391,3.43582,2.08517,-0.805878,3.43582,1
1,10,54,2.28911,2.66121,-3.28628,-0.56961,2.66121,1
2,20,65,-0.0560709,-0.0114687,-4.11009,-0.783219,-0.0114687,1
3,11,25,1.97571,2.1511,2.04479,-0.805878,2.1511,1
3,10,41,1.36668,1.13653,0.201755,-0.28101,1.13653,0
3,11,84,-0.92811,-1.46774,-5.35927,-2.00544,-1.46774,0
3,12,20,2.68262,2.97926,2.55099,-0.805878,2.97926,1
4,9,60,-3.05555,-2.62952,-3.62281,-0.563066,-0.563066,3
4,8,75,-4.27007,-4.03562,-4.90201,-1.41384,-1.41384,3
2,10,34,3.11278,3.06375,1.42834,-0.805878,3.06375,0
4,9,51,-2.60419,-2.16934,-3.03783,-0.448822,-3.03783,3
4,4,8,3.15588,0.9396,2.93668,-0.805878,2.93668,0
2,7,29,3.50479,4.01618,1.67657,-0.805878,4.01618,1
3,2,39,3.23956,1.48283,0.982003,-0.317489,1.48283,0
1,7,39,3.27951,3.27215,0.982003,-0.317489,3.27215,0
3,4,16,3.42503,4.29975,2.59926,-0.805878,4.29975,1
1,17,52,1.085,1.94084,-3.16282,-0.404636,1.94084,1
4,1,19,4.64905,-0.760146,2.73033,-0.805878,-0.769946,0
3,10,39,1.54421,1.73122,0.982003,-0.317489,1.73122,1
3,11,94,-2.44624,-1.55145,-3.41916,-2.55553,-1.55145,1
3,12,14,2.82185,4.04944,2.79075,-0.805878,4.04944,1
3,11,23,2.94905,3.46907,2.09672,-0.805878,3.46907,1
3,11,65,-0.227434,0.0306647,-4.11009,-0.783219,0.0306647,1
2,16,67,0.0336714,0.0676713,-4.33476,-0.933887,0.0676713,1
3,13,65,-0.615202,-0.0625455,-4.11009,-0.783219,-0.0625455,1
1,19,44,2.38853,2.52423,-0.646582,-0.45329,2.52423,1
3,10,91,-1.71034,-0.779931,-6.29331,-2.45927,-0.779931,1
3,3,3,4.33859,2.77087,3,-0.805878,2.77087,0
3,19,74,-0.893731,-1.24323,-4.86797,-1.45906,-1.24323,0
4,9,9,-0.323307,-0.323307,2.89122,-0.805878,2.89122,2
4,4,7,-0.323307,6.945,2.92731,-0.805878,2.92731,1
3,18,89,-1.87806,-2.48287,-5.75042,-2.39784,-1.87806,0
1,17,55,0.6261,1.45526,-3.26052,-0.458097,1.45526,1
4,1,22,2.7387,0.990119,2.39276,-0.805878,0.428886,0
3,10,32,2.35887,2.43726,1.7249,-0.805878,2.43726,1
2,19,29,3.34223,3.09517,1.67657,-0.805878,3.09517,0
3,11,93,-2.00447,-1.1642,-3.41916,-2.51688,-1.1642,1
3,12,13,2.79268,3.48365,2.91513,-0.805878,3.48365,1
4,4,6,-0.0122088,6.82351,2.97518,-0.805878,1.73623,1
2,14,90,-0.637588,-0.739771,-6.05291,-2.36134,-0.739771,0
3,18,82,-1.51327,-1.82397,-5.04662,-1.89873,-1.82397,0
4,7,24,-1.02966,-0.301911,2.20454,-0.805878,2.20454,2
3,2,50,3.1459,2.30941,-2.70986,-0.510597,2.30941,0
1,7,52,3.1015,3.19499,-3.16282,-0.404636,3.19499,1
3,4,13,2.70894,4.06046,2.91513,-0.805878,4.06046,1
1,11,33,3.56162,3.4073,1.60775,-0.805878,3.4073,0
2,10,51,1.64142,1.34353,-3.03783,-0.448822,1.34353,0
4,9,35,-1.73068,-1.73068,1.44812,-0.805878,1.44812,2
2,2,52,2.01388,2.67016,-3.16282,-0.404636,2.67016,1
2,14,85,-0.942878,0.306743,-5.14185,-2.10808,0.306743,1
3,18,91,-2.27759,-2.13019,-6.29331,-2.45927,-2.13019,1
4,2,5,1.43746,5.63558,2.97834,-0.805878,2.41485,1
1,17,49,1.98585,2.42003,-2.3856,-0.416188,2.42003,1
4,1,20,-0.805878,3.70495,2.55099,-0.805878,1.19893,1
2,13,20,3.64101,2.54201,2.55099,-0.805878,2.54201,0
3,4,6,3.31144,5.61998,2.97518,-0.805878,5.61998,1
3,19,69,-1.24259,-0.596741,-4.38821,-0.937499,-0.596741,1
2,4,14,4.68687,5.09959,2.79075,-0.805878,5.09959,1
3,16,40,2.30335,0.382981,0.424054,-0.32524,0.382981,0
4,9,10,-0.318694,3.37801,2.9161,-0.805878,2.9161,1
2,7,30,3.4074,3.92287,1.53923,-0.805878,3.92287,1
3,2,38,2.55574,2.89907,0.671689,-0.230343,2.89907,1
1,7,40,3.13598,3.06014,0.424054,-0.32524,3.06014,0
3,4,17,3.87268,3.70337,2.67763,-0.805878,3.70337,0
3,10,36,1.78093,2.00706,1.45696,0.264588,2.00706,1
3,11,81,-0.348261,-1.64083,-4.70389,-1.77463,-1.64083,0
3,12,17,5.78535,3.6858,2.67763,-0.805878,3.6858,0
3,11,62,0.88112,0.244801,-3.86868,-0.735614,0.244801,0
1,12,29,4.00818,4.53987,1.67657,-0.805878,4.53987,1
3,8,28,2.49761,4.51134,1.70711,-0.805878,4.51134,1
3,10,10,2.92629,4.25655,2.9161,-0.805878,4.25655,1
3,10,40,1.58788,1.18252,0.424054,-0.32524,1.18252,0
3,11,85,-0.491838,-1.31396,-5.14185,-2.10808,-1.31396,0
3,12,21,1.37634,3.16355,2.59473,-0.805878,3.16355,1
3,4,50,1.64164,0.584087,-2.70986,-0.510597,0.584087,0
3,2,5,5.4645,3.98285,2.97834,-0.805878,3.98285,0
3,2,49,3.35773,3.08459,-2.3856,-0.416188,3.08459,0
1,7,53,2.71686,3.09711,-3.24637,-0.595251,3.09711,1
3,4,14,2.86687,5.55958,2.79075,-0.805878,5.55958,1
2,13,55,0.69974,0.930323,-3.26052,-0.458097,0.930323,1
2,11,12,4.01218,4.40378,2.93608,-0.805878,4.40378,1
3,4,48,0.513339,1.37838,-2.02538,-0.386848,1.37838,1
3,2,7,4.3982,4.33017,2.92731,-0.805878,4.33017,0
2,1,90,0.201637,0.129994,-6.05291,-2.36134,0.129994,0
3,8,8,4.5047,4.46132,2.93668,-0.805878,4.46132,0
3,1,68,1.61712,0.813428,-4.27007,-1.01066,0.813428,0
4,8,8,-0.304695,-0.106984,2.93668,-0.805878,2.93668,2
2,12,67,0.605259,0.459519,-4.33476,-0.933887,0.459519,0
3,7,14,1.15242,4.44727,2.79075,-0.805878,4.44727,1
4,6,41,-2.08792,0.0757659,0.201755,-0.28101,0.201755,2
3,4,61,1.63634,1.04534,-3.77303,-0.607646,1.04534,0
3,2,2,4.70152,4.11201,2.95846,-0.805878,4.11201,0
3,10,23,3.1245,3.69074,2.09672,-0.805878,3.69074,1
4,6,36,-1.81246,1.74985,1.45696,0.264588,1.45696,1
3,4,58,1.54668,1.32603,-3.5329,-0.497556,1.32603,0
2,3,40,2.89458,1.0098,0.424054,-0.32524,1.0098,0
2,9,50,2.32569,1.57491,-2.70986,-0.510597,1.57491,0
3,2,13,4.79867,4.02209,2.91513,-0.805878,4.79867,0
3,7,11,2.5616,3.99811,2.80572,-0.805878,3.99811,1
2,20,96,-1.91845,-1.66874,-3.41916,-2.99602,-1.66874,1
4,9,13,-0.496319,-0.496319,2.91513,-0.805878,2.91513,2
3,8,9,2.65571,3.90604,2.89122,-0.805878,3.90604,1
2,1,60,2.43016,2.54397,-3.62281,-0.563066,2.54397,1
4,1,62,1.14866,-0.802616,-3.86868,-0.735614,-0.780287,0
2,17,85,-0.982061,-1.24763,-5.14185,-2.10808,-1.24763,0
4,20,64,-3.55909,-3.1548,-3.84075,-0.813937,-0.813937,3
1,17,47,2.17975,2.6188,-1.66582,-0.377744,2.6188,1
3,2,51,2.67069,1.9855,-3.03783,-0.448822,1.9855,0
1,7,51,3.03742,2.84685,-3.03783,-0.448822,2.84685,0
3,4,12,3.58711,3.61572,2.93608,-0.805878,3.61572,1
4,8,61,-1.20787,-0.0929548,-3.77303,-0.607646,-0.607646,1
4,5,52,1.69584,0.7888,-3.16282,-0.404636,-3.16282,0
4,13,32,-1.51638,-1.51638,1.7249,-0.805878,1.7249,2
