down,distance,yardline,run,pass,kick,punt,num_plays
1,1,1,0.5556,0.4444,0,0,9
2,1,1,0.75,0.25,0,0,4
3,1,1,0,1,0,0,1
4,1,1,0.5412,0.3608,0.0979,0,194
1,1,2,0.5,0.5,0,0,0
2,1,2,0.8276,0.1724,0,0,29
3,1,2,0.7059,0.2941,0,0,34
4,1,2,0.5238,0.2857,0.1905,0,21
1,2,2,0.25,0.75,0,0,4
2,2,2,0.5,0.5,0,0,2
3,2,2,0.278,0.722,0,0,241
4,2,2,0.097,0.403,0.5,0,134
1,1,3,0.5,0.5,0,0,0
2,1,3,0.8,0.2,0,0,10
3,1,3,0.72,0.28,0,0,25
4,1,3,0.5,0.3889,0.1111,0,18
1,2,3,0.5,0.5,0,0,0
2,2,3,0.8571,0.1429,0,0,14
3,2,3,0.4667,0.5333,0,0,30
4,2,3,0.0667,0.4667,0.4667,0,15
1,3,3,0,1,0,0,2
2,3,3,0,1,0,0,1
3,3,3,0,1,0,0,1
4,3,3,0,0,1,0,1
1,1,4,0.5,0.5,0,0,0
2,1,4,0.7059,0.2941,0,0,17
3,1,4,0.75,0.25,0,0,32
4,1,4,1,0,0,0,1
1,2,4,0.5,0.5,0,0,0
2,2,4,0.75,0.25,0,0,16
3,2,4,0.5625,0.4375,0,0,16
4,2,4,0.1176,0.4118,0.4706,0,17
1,3,4,0.5,0.5,0,0,0
2,3,4,0.7143,0.2857,0,0,28
3,3,4,0.2857,0.7143,0,0,21
4,3,4,0,0.3125,0.6875,0,16
1,4,4,0.686,0.314,0,0,500
2,4,4,0.385,0.615,0,0,361
3,4,4,0.5,0.5,0,0,2
4,4,4,0.0092,0.1835,0.8073,0,109
1,1,5,0.5,0.5,0,0,0
2,1,5,0.5625,0.4375,0,0,16
3,1,5,0.8529,0.1471,0,0,34
4,1,5,0.4865,0.2973,0.2162,0,37
1,2,5,0.5,0.5,0,0,0
2,2,5,0.7273,0.2727,0,0,11
3,2,5,0.45,0.55,0,0,20
4,2,5,0.2,0.2,0.6,0,10
1,3,5,0.5,0.5,0,0,0
2,3,5,0.7273,0.2727,0,0,22
3,3,5,0.44,0.56,0,0,25
4,3,5,0,0,1,0,5
1,4,5,1,0,0,0,1
2,4,5,0.6842,0.3158,0,0,38
3,4,5,0.0541,0.9459,0,0,37
4,4,5,0,0.0455,0.9545,0,22
1,5,5,1,0,0,0,1
2,5,5,1,0,0,0,1
3,5,5,0.0459,0.9541,0,0,218
4,5,5,0,0.0708,0.9292,0,113
1,1,6,0.5,0.5,0,0,0
2,1,6,0.7895,0.2105,0,0,19
3,1,6,0.7879,0.2121,0,0,33
4,1,6,0.75,0.0625,0.1875,0,16
1,2,6,0.5,0.5,0,0,0
2,2,6,0.7083,0.2917,0,0,24
3,2,6,0.3846,0.6154,0,0,26
4,2,6,0.25,0.125,0.625,0,16
1,3,6,0.5,0.5,0,0,0
2,3,6,0.8333,0.1667,0,0,18
3,3,6,0.2812,0.7188,0,0,32
4,3,6,0,0.4167,0.5833,0,12
1,4,6,0.5,0.5,0,0,0
2,4,6,0.619,0.381,0,0,21
3,4,6,0.2,0.8,0,0,25
4,4,6,0.0833,0.1667,0.75,0,12
1,5,6,0.75,0.25,0,0,4
2,5,6,0.5714,0.4286,0,0,28
3,5,6,0.05,0.95,0,0,20
4,5,6,0,0,1,0,16
1,6,6,0.3333,0.6667,0,0,3
2,6,6,0,1,0,0,2
3,6,6,0,1,0,0,1
4,6,6,0,0,1,0,2
1,1,7,0.5,0.5,0,0,0
2,1,7,0.6923,0.3077,0,0,13
3,1,7,0.8571,0.1429,0,0,28
4,1,7,0.6316,0.2632,0.1053,0,19
1,2,7,0.5,0.5,0,0,0
2,2,7,0.8333,0.1667,0,0,18
3,2,7,0.5333,0.4667,0,0,30
4,2,7,0.2143,0.5,0.2857,0,14
1,3,7,0.5,0.5,0,0,0
2,3,7,0.5833,0.4167,0,0,24
3,3,7,0.2174,0.7826,0,0,23
4,3,7,0,0.0714,0.9286,0,14
1,4,7,0.5,0.5,0,0,0
2,4,7,0.697,0.303,0,0,33
3,4,7,0.1818,0.8182,0,0,33
4,4,7,0,0.0833,0.9167,0,12
1,5,7,1,0,0,0,1
2,5,7,0.5862,0.4138,0,0,29
3,5,7,0.1429,0.8571,0,0,21
4,5,7,0,0.0833,0.9167,0,12
1,6,7,0.5,0.5,0,0,0
2,6,7,0.2333,0.7667,0,0,30
3,6,7,0,1,0,0,21
4,6,7,0,0,1,0,13
1,7,7,0.5,0.5,0,0,2
2,7,7,0,1,0,0,2
3,7,7,0,1,0,0,2
4,7,7,0,0,1,0,1
1,1,8,0.5,0.5,0,0,0
2,1,8,0.8571,0.1429,0,0,21
3,1,8,0,1,0,0,1
4,1,8,0.6429,0.1429,0.2143,0,14
1,2,8,0.5,0.5,0,0,0
2,2,8,0.6875,0.3125,0,0,16
3,2,8,0.5,0.5,0,0,32
4,2,8,0.1111,0.2778,0.6111,0,18
1,3,8,0.5,0.5,0,0,0
2,3,8,0.5789,0.4211,0,0,19
3,3,8,0.2571,0.7429,0,0,35
4,3,8,0,0.2308,0.7692,0,13
1,4,8,0.5,0.5,0,0,0
2,4,8,0.68,0.32,0,0,25
3,4,8,0.1905,0.8095,0,0,21
4,4,8,0,0.2222,0.7778,0,9
1,5,8,0.5,0.5,0,0,2
2,5,8,0.625,0.375,0,0,40
3,5,8,0,1,0,0,21
4,5,8,0,0,1,0,1
1,6,8,0.5,0.5,0,0,0
2,6,8,0.5789,0.4211,0,0,38
3,6,8,0.1176,0.8824,0,0,17
4,6,8,0,0,1,0,7
1,7,8,0.5,0.5,0,0,0
2,7,8,0.3636,0.6364,0,0,55
3,7,8,0.0488,0.9512,0,0,41
4,7,8,0,0.087,0.913,0,23
1,8,8,1,0,0,0,4
2,8,8,0.3073,0.6927,0,0,218
3,8,8,0.027,0.973,0,0,111
4,8,8,0,0.0161,0.9839,0,62
1,1,9,0.5,0.5,0,0,0
2,1,9,0.7,0.3,0,0,30
3,1,9,0.697,0.303,0,0,33
4,1,9,0.7333,0.0667,0.2,0,15
1,2,9,0.5,0.5,0,0,0
2,2,9,0.7692,0.2308,0,0,13
3,2,9,0.2778,0.7222,0,0,18
4,2,9,0.1818,0.2727,0.5455,0,11
1,3,9,0.5,0.5,0,0,0
2,3,9,0.7059,0.2941,0,0,17
3,3,9,0.3077,0.6923,0,0,26
4,3,9,0,0.1875,0.8125,0,16
1,4,9,0.5,0.5,0,0,0
2,4,9,0.8,0.2,0,0,40
3,4,9,0,1,0,0,18
4,4,9,0,0.2105,0.7895,0,19
1,5,9,0.2,0.8,0,0,5
2,5,9,0.5556,0.4444,0,0,36
3,5,9,0.0714,0.9286,0,0,28
4,5,9,0,0,1,0,19
1,6,9,0.5,0.5,0,0,0
2,6,9,0,1,0,0,1
3,6,9,0.0357,0.9643,0,0,28
4,6,9,0,0,1,0,17
1,7,9,0.5,0.5,0,0,0
2,7,9,0.4054,0.5946,0,0,37
3,7,9,0,1,0,0,20
4,7,9,0,0,1,0,13
1,8,9,0.5,0.5,0,0,0
2,8,9,0.3256,0.6744,0,0,43
3,8,9,0.0476,0.9524,0,0,21
4,8,9,0,0,1,0,12
1,9,9,0.5845,0.4155,0,0,556
2,9,9,0.2601,0.7399,0,0,173
3,9,9,0.061,0.939,0,0,82
4,9,9,0,0.0417,0.9583,0,48
1,1,10,0.5,0.5,0,0,0
2,1,10,0.7778,0.2222,0,0,27
3,1,10,0.75,0.25,0,0,32
4,1,10,0.5714,0.1429,0.2857,0,14
1,2,10,0.5,0.5,0,0,0
2,2,10,0.6667,0.3333,0,0,21
3,2,10,0.4545,0.5455,0,0,33
4,2,10,0,0.2857,0.7143,0,7
1,3,10,0.5,0.5,0,0,0
2,3,10,0,1,0,0,1
3,3,10,0,1,0,0,1
4,3,10,0,0,1,0,1
1,4,10,0.5,0.5,0,0,0
2,4,10,0.6429,0.3571,0,0,28
3,4,10,0.1739,0.8261,0,0,23
4,4,10,0,0.0714,0.9286,0,14
1,5,10,0.5,0.5,0,0,2
2,5,10,0.5,0.5,0,0,30
3,5,10,0.129,0.871,0,0,31
4,5,10,0,0.2143,0.7857,0,14
1,6,10,0.5,0.5,0,0,0
2,6,10,0,1,0,0,1
3,6,10,0,1,0,0,1
4,6,10,0,0,1,0,11
1,7,10,0.5,0.5,0,0,0
2,7,10,1,0,0,0,1
3,7,10,0,1,0,0,1
4,7,10,0,0.1333,0.8667,0,15
1,8,10,0.5,0.5,0,0,0
2,8,10,0.1538,0.8462,0,0,39
3,8,10,0.0909,0.9091,0,0,33
4,8,10,0,0,1,0,14
1,9,10,0.5,0.5,0,0,0
2,9,10,0.1818,0.8182,0,0,44
3,9,10,0,1,0,0,28
4,9,10,0,0.0667,0.9333,0,15
1,10,10,0.5604,0.4396,0,0,455
2,10,10,0.3007,0.6993,0,0,153
3,10,10,0.0147,0.9853,0,0,68
4,10,10,0,0,1,0,42
1,1,11,0.5,0.5,0,0,0
2,1,11,0.7667,0.2333,0,0,30
3,1,11,0.6944,0.3056,0,0,36
4,1,11,0.619,0.1429,0.2381,0,21
1,2,11,0.5,0.5,0,0,0
2,2,11,0.8261,0.1739,0,0,23
3,2,11,0.4211,0.5789,0,0,19
4,2,11,0.0909,0.3636,0.5455,0,11
1,3,11,0.5,0.5,0,0,0
2,3,11,0.6667,0.3333,0,0,18
3,3,11,0.125,0.875,0,0,24
4,3,11,0,0.2,0.8,0,15
1,4,11,0.5,0.5,0,0,0
2,4,11,0.5769,0.4231,0,0,26
3,4,11,0.1667,0.8333,0,0,24
4,4,11,0,0,1,0,12
1,5,11,0.8333,0.1667,0,0,6
2,5,11,0.5833,0.4167,0,0,36
3,5,11,0.0769,0.9231,0,0,26
4,5,11,0,0,1,0,10
1,6,11,0.5,0.5,0,0,0
2,6,11,0.4194,0.5806,0,0,31
3,6,11,0.0526,0.9474,0,0,19
4,6,11,0,0.125,0.875,0,8
1,7,11,0.5,0.5,0,0,0
2,7,11,0.3793,0.6207,0,0,58
3,7,11,0.0345,0.9655,0,0,29
4,7,11,0,0,1,0,15
1,8,11,0.5,0.5,0,0,0
2,8,11,0.2,0.8,0,0,30
3,8,11,0.05,0.95,0,0,20
4,8,11,0,0.0588,0.9412,0,17
1,9,11,0.5,0.5,0,0,0
2,9,11,0.2041,0.7959,0,0,49
3,9,11,0.05,0.95,0,0,20
4,9,11,0,0.0667,0.9333,0,15
1,10,11,0.5879,0.4121,0,0,580
2,10,11,0.3148,0.6852,0,0,108
3,10,11,0.0294,0.9706,0,0,34
4,10,11,0,0,1,0,21
1,11,11,0.3333,0.6667,0,0,18
2,11,11,0,1,0,0,1
3,11,11,0,1,0,0,1
4,11,11,0,0.0513,0.9487,0,39
1,1,12,0.5,0.5,0,0,0
2,1,12,1,0,0,0,18
3,1,12,0.875,0.125,0,0,40
4,1,12,0.5263,0.2632,0.2105,0,19
1,2,12,0.5,0.5,0,0,0
2,2,12,0.7083,0.2917,0,0,24
3,2,12,0.2632,0.7368,0,0,19
4,2,12,0.1,0.2,0.7,0,10
1,3,12,0.5,0.5,0,0,0
2,3,12,0.7273,0.2727,0,0,22
3,3,12,0.2308,0.7692,0,0,26
4,3,12,0,0.2143,0.7857,0,14
1,4,12,0.5,0.5,0,0,0
2,4,12,0,1,0,0,1
3,4,12,0,1,0,0,1
4,4,12,0,1,0,0,1
1,5,12,0.4,0.6,0,0,5
2,5,12,1,0,0,0,1
3,5,12,0.1667,0.8333,0,0,18
4,5,12,0,0,1,0,9
1,6,12,0.5,0.5,0,0,0
2,6,12,0.3684,0.6316,0,0,38
3,6,12,0.0323,0.9677,0,0,31
4,6,12,0,0,1,0,16
1,7,12,0.5,0.5,0,0,0
2,7,12,0.4706,0.5294,0,0,34
3,7,12,0.0455,0.9545,0,0,22
4,7,12,0,0.0714,0.9286,0,14
1,8,12,0.5,0.5,0,0,0
2,8,12,0.2391,0.7609,0,0,46
3,8,12,0,1,0,0,27
4,8,12,0,0,1,0,13
1,9,12,0.5,0.5,0,0,0
2,9,12,0.3214,0.6786,0,0,28
3,9,12,0,1,0,0,22
4,9,12,0,0,1,0,15
1,10,12,0,1,0,0,1
2,10,12,0,1,0,0,1
3,10,12,0,1,0,0,1
4,10,12,0,0,1,0,8
1,11,12,0.5,0.5,0,0,0
2,11,12,0.1304,0.8696,0,0,23
3,11,12,0,1,0,0,15
4,11,12,0,0,1,0,4
1,12,12,0.4444,0.5556,0,0,9
2,12,12,0,1,0,0,2
3,12,12,0.027,0.973,0,0,37
4,12,12,0,0.0323,0.9677,0,31
1,1,13,0.5,0.5,0,0,0
2,1,13,0.64,0.36,0,0,25
3,1,13,0.7333,0.2667,0,0,30
4,1,13,0.5652,0.1739,0.2609,0,23
1,2,13,0.5,0.5,0,0,0
2,2,13,0.6923,0.3077,0,0,26
3,2,13,0.5172,0.4828,0,0,29
4,2,13,0,0.25,0.75,0,12
1,3,13,0.5,0.5,0,0,0
2,3,13,0.6,0.4,0,0,30
3,3,13,0.2258,0.7742,0,0,31
4,3,13,0,0.2,0.8,0,15
1,4,13,0.5,0.5,0,0,0
2,4,13,0.5,0.5,0,0,28
3,4,13,0.1,0.9,0,0,20
4,4,13,0,0,1,0,1
1,5,13,0.625,0.375,0,0,8
2,5,13,0.5806,0.4194,0,0,31
3,5,13,0.1333,0.8667,0,0,15
4,5,13,0,0.2,0.8,0,15
1,6,13,0.5,0.5,0,0,0
2,6,13,1,0,0,0,1
3,6,13,0,1,0,0,24
4,6,13,0,0,1,0,12
1,7,13,0.5,0.5,0,0,0
2,7,13,0,1,0,0,1
3,7,13,0.0357,0.9643,0,0,28
4,7,13,0,0.0526,0.9474,0,19
1,8,13,0.5,0.5,0,0,0
2,8,13,0.46,0.54,0,0,50
3,8,13,0,1,0,0,1
4,8,13,0,0,1,0,7
1,9,13,0.5,0.5,0,0,0
2,9,13,0.2128,0.7872,0,0,47
3,9,13,0,1,0,0,30
4,9,13,0,0,1,0,13
1,10,13,1,0,0,0,3
2,10,13,0.3365,0.6635,0,0,104
3,10,13,0,1,0,0,31
4,10,13,0,0,1,0,19
1,11,13,0,1,0,0,1
2,11,13,0.2308,0.7692,0,0,13
3,11,13,0,1,0,0,8
4,11,13,0,0,1,0,9
1,12,13,0.5,0.5,0,0,0
2,12,13,0.1,0.9,0,0,10
3,12,13,0.1,0.9,0,0,10
4,12,13,0,0,1,0,6
1,13,13,0.4375,0.5625,0,0,16
2,13,13,0.2558,0.7442,0,0,43
3,13,13,0.0741,0.9259,0,0,27
4,13,13,0,0.1034,0.8966,0,29
1,1,14,0.5,0.5,0,0,0
2,1,14,0.7667,0.2333,0,0,30
3,1,14,0.8049,0.1951,0,0,41
4,1,14,0.75,0.15,0.1,0,20
1,2,14,0,1,0,0,1
2,2,14,0.7273,0.2727,0,0,22
3,2,14,0.4783,0.5217,0,0,23
4,2,14,0.125,0.5,0.375,0,8
1,3,14,0.5,0.5,0,0,0
2,3,14,0.8,0.2,0,0,20
3,3,14,0.2273,0.7727,0,0,22
4,3,14,0.1,0.2,0.7,0,10
1,4,14,0.5,0.5,0,0,0
2,4,14,0.6957,0.3043,0,0,23
3,4,14,0.2188,0.7812,0,0,32
4,4,14,0,0.1875,0.8125,0,16
1,5,14,0.5,0.5,0,0,6
2,5,14,0.625,0.375,0,0,40
3,5,14,0.0625,0.9375,0,0,16
4,5,14,0,0,1,0,9
1,6,14,0.5,0.5,0,0,0
2,6,14,0.4,0.6,0,0,40
3,6,14,0,1,0,0,1
4,6,14,0,0.2222,0.7778,0,9
1,7,14,0.5,0.5,0,0,0
2,7,14,0.3636,0.6364,0,0,33
3,7,14,0.0455,0.9545,0,0,22
4,7,14,0,0,1,0,10
1,8,14,0.5,0.5,0,0,0
2,8,14,0.2364,0.7636,0,0,55
3,8,14,0.037,0.963,0,0,27
4,8,14,0,0,1,0,11
1,9,14,0.5,0.5,0,0,0
2,9,14,0,1,0,0,1
3,9,14,0,1,0,0,26
4,9,14,0,0,1,0,10
1,10,14,1,0,0,0,1
2,10,14,0.4242,0.5758,0,0,99
3,10,14,0.0455,0.9545,0,0,22
4,10,14,0,0.1,0.9,0,10
1,11,14,0.5,0.5,0,0,0
2,11,14,0.0588,0.9412,0,0,17
3,11,14,0.1111,0.8889,0,0,9
4,11,14,0,0,1,0,6
1,12,14,0.5,0.5,0,0,0
2,12,14,0.3529,0.6471,0,0,17
3,12,14,0,1,0,0,8
4,12,14,0,0,1,0,7
1,13,14,0.5,0.5,0,0,0
2,13,14,0.1,0.9,0,0,10
3,13,14,0,1,0,0,4
4,13,14,0,0,1,0,2
1,14,14,0.5263,0.4737,0,0,19
2,14,14,0.3077,0.6923,0,0,26
3,14,14,0,1,0,0,19
4,14,14,0,0.0476,0.9524,0,21
1,1,15,0.5,0.5,0,0,0
2,1,15,0.6552,0.3448,0,0,29
3,1,15,0.75,0.25,0,0,48
4,1,15,0.6957,0.087,0.2174,0,23
1,2,15,0.5,0.5,0,0,0
2,2,15,0.7308,0.2692,0,0,26
3,2,15,0.5625,0.4375,0,0,32
4,2,15,0.0625,0.4375,0.5,0,16
1,3,15,0.5,0.5,0,0,0
2,3,15,0,1,0,0,1
3,3,15,0,1,0,0,1
4,3,15,0,0,1,0,1
1,4,15,0.5,0.5,0,0,0
2,4,15,0,1,0,0,1
3,4,15,0,1,0,0,1
4,4,15,0,0.0952,0.9048,0,21
1,5,15,0.5,0.5,0,0,2
2,5,15,0.5625,0.4375,0,0,32
3,5,15,0.0667,0.9333,0,0,30
4,5,15,0,0.125,0.875,0,16
1,6,15,0.5,0.5,0,0,0
2,6,15,0.2093,0.7907,0,0,43
3,6,15,0,1,0,0,1
4,6,15,0,0,1,0,15
1,7,15,1,0,0,0,1
2,7,15,0.2889,0.7111,0,0,45
3,7,15,0,1,0,0,21
4,7,15,0,0,1,0,9
1,8,15,0,1,0,0,1
2,8,15,0.3333,0.6667,0,0,39
3,8,15,0.0952,0.9048,0,0,21
4,8,15,0,0,1,0,13
1,9,15,0.5,0.5,0,0,0
2,9,15,0,1,0,0,1
3,9,15,0,1,0,0,1
4,9,15,0,0,1,0,1
1,10,15,1,0,0,0,1
2,10,15,0.382,0.618,0,0,89
3,10,15,0,1,0,0,22
4,10,15,0,0,1,0,14
1,11,15,0.5,0.5,0,0,0
2,11,15,0.2174,0.7826,0,0,23
3,11,15,0,1,0,0,17
4,11,15,0,0,1,0,9
1,12,15,0.5,0.5,0,0,0
2,12,15,0,1,0,0,1
3,12,15,0,1,0,0,1
4,12,15,0,0,1,0,7
1,13,15,0.5,0.5,0,0,0
2,13,15,0.1429,0.8571,0,0,14
3,13,15,0,1,0,0,5
4,13,15,0,0,1,0,3
1,14,15,0.125,0.875,0,0,8
2,14,15,0.125,0.875,0,0,8
3,14,15,0,1,0,0,4
4,14,15,0,0.2,0.8,0,5
1,15,15,0.2353,0.7647,0,0,17
2,15,15,0.0938,0.9062,0,0,32
3,15,15,0.12,0.88,0,0,25
4,15,15,0,0,1,0,22
1,1,16,0.5,0.5,0,0,0
2,1,16,0.7407,0.2593,0,0,27
3,1,16,0.8108,0.1892,0,0,37
4,1,16,0.7273,0.1364,0.1364,0,22
1,2,16,0.5,0.5,0,0,0
2,2,16,0.6818,0.3182,0,0,22
3,2,16,0.5217,0.4783,0,0,23
4,2,16,0.2857,0.2857,0.4286,0,7
1,3,16,0.5,0.5,0,0,0
2,3,16,0.6154,0.3846,0,0,26
3,3,16,0.2174,0.7826,0,0,23
4,3,16,0,0.1333,0.8667,0,15
1,4,16,0.5,0.5,0,0,0
2,4,16,0.5455,0.4545,0,0,22
3,4,16,0.1852,0.8148,0,0,27
4,4,16,0,0.3,0.7,0,10
1,5,16,1,0,0,0,3
2,5,16,0.5556,0.4444,0,0,27
3,5,16,0.1364,0.8636,0,0,22
4,5,16,0,0,1,0,19
1,6,16,0.5,0.5,0,0,0
2,6,16,0.5,0.5,0,0,48
3,6,16,0.0357,0.9643,0,0,28
4,6,16,0,0.0455,0.9545,0,22
1,7,16,0.5,0.5,0,0,0
2,7,16,0.5366,0.4634,0,0,41
3,7,16,0.0833,0.9167,0,0,12
4,7,16,0,0,1,0,6
1,8,16,0.5,0.5,0,0,0
2,8,16,0.1613,0.8387,0,0,31
3,8,16,0,1,0,0,14
4,8,16,0,0,1,0,7
1,9,16,1,0,0,0,1
2,9,16,0.48,0.52,0,0,25
3,9,16,0.0625,0.9375,0,0,16
4,9,16,0,0,1,0,9
1,10,16,1,0,0,0,2
2,10,16,0.2979,0.7021,0,0,94
3,10,16,0,1,0,0,26
4,10,16,0,0.0588,0.9412,0,17
1,11,16,0.5,0.5,0,0,0
2,11,16,0.1429,0.8571,0,0,21
3,11,16,0.1,0.9,0,0,10
4,11,16,0,0,1,0,6
1,12,16,0.5,0.5,0,0,0
2,12,16,0.1333,0.8667,0,0,15
3,12,16,0,1,0,0,6
4,12,16,0,0,1,0,6
1,13,16,0.5,0.5,0,0,0
2,13,16,0.2857,0.7143,0,0,7
3,13,16,0,1,0,0,4
4,13,16,0,0,1,0,7
1,14,16,0.5,0.5,0,0,0
2,14,16,0,1,0,0,7
3,14,16,0,1,0,0,5
4,14,16,0,0,1,0,5
1,15,16,0.4286,0.5714,0,0,7
2,15,16,0.3333,0.6667,0,0,3
3,15,16,0.5,0.5,0,0,6
4,15,16,0,0.125,0.875,0,8
1,16,16,0.1,0.9,0,0,10
2,16,16,0.1111,0.8889,0,0,18
3,16,16,0.0588,0.9412,0,0,17
4,16,16,0,0.04,0.96,0,25
1,1,17,0.5,0.5,0,0,0
2,1,17,0.65,0.35,0,0,20
3,1,17,0.7333,0.2667,0,0,30
4,1,17,0.5263,0.2632,0.2105,0,19
1,2,17,0.5,0.5,0,0,0
2,2,17,0.7576,0.2424,0,0,33
3,2,17,0.4,0.6,0,0,20
4,2,17,0,0.2667,0.7333,0,15
1,3,17,0.5,0.5,0,0,0
2,3,17,0.6,0.4,0,0,25
3,3,17,0.2432,0.7568,0,0,37
4,3,17,0.0909,0.2727,0.6364,0,11
1,4,17,0.5,0.5,0,0,0
2,4,17,0.4545,0.5455,0,0,33
3,4,17,0.2174,0.7826,0,0,23
4,4,17,0,0,1,0,12
1,5,17,0.3333,0.6667,0,0,3
2,5,17,0.5814,0.4186,0,0,43
3,5,17,0.1304,0.8696,0,0,23
4,5,17,0,0.1333,0.8667,0,15
1,6,17,0.25,0.25,0.25,0.25,0
2,6,17,0.5,0.5,0,0,38
3,6,17,0.0556,0.9444,0,0,18
4,6,17,0,0,1,0,8
1,7,17,0.5,0.5,0,0,0
2,7,17,0.3462,0.6538,0,0,52
3,7,17,0.0312,0.9688,0,0,32
4,7,17,0,0,1,0,22
1,8,17,0.5,0.5,0,0,0
2,8,17,0.3077,0.6923,0,0,39
3,8,17,0.0455,0.9545,0,0,22
4,8,17,0,0.1429,0.8571,0,7
1,9,17,0.5,0.5,0,0,0
2,9,17,0.1707,0.8293,0,0,41
3,9,17,0,1,0,0,1
4,9,17,0,0,1,0,2
1,10,17,0.3333,0.6667,0,0,3
2,10,17,0.2436,0.7564,0,0,78
3,10,17,0,1,0,0,28
4,10,17,0,0,1,0,11
1,11,17,0.5,0.5,0,0,0
2,11,17,0.0625,0.9375,0,0,16
3,11,17,0.1429,0.8571,0,0,7
4,11,17,0,0,1,0,3
1,12,17,0.5,0.5,0,0,0
2,12,17,0.1111,0.8889,0,0,9
3,12,17,0,1,0,0,6
4,12,17,0,0,1,0,3
1,13,17,0.5,0.5,0,0,0
2,13,17,0.25,0.75,0,0,8
3,13,17,0.1111,0.8889,0,0,9
4,13,17,0,0.1111,0.8889,0,9
1,14,17,0.5,0.5,0,0,0
2,14,17,0.2222,0.7778,0,0,9
3,14,17,0.4286,0.5714,0,0,7
4,14,17,0,0,1,0,6
1,15,17,0.3,0.7,0,0,10
2,15,17,0.1429,0.8571,0,0,7
3,15,17,0,1,0,0,5
4,15,17,0,0,1,0,5
1,16,17,0.5,0.5,0,0,0
2,16,17,0,1,0,0,1
3,16,17,0.5,0.5,0,0,0
4,16,17,0,0,1,0,2
1,17,17,0.4444,0.5556,0,0,9
2,17,17,0.25,0.75,0,0,12
3,17,17,0.3333,0.6667,0,0,12
4,17,17,0,0.25,0.75,0,8
1,1,18,0.5,0.5,0,0,0
2,1,18,0.68,0.32,0,0,25
3,1,18,0.8611,0.1389,0,0,36
4,1,18,0.7059,0.1176,0.1765,0,17
1,2,18,0.5,0.5,0,0,0
2,2,18,0,1,0,0,1
3,2,18,0.5455,0.4545,0,0,22
4,2,18,1,0,0,0,1
1,3,18,0.5,0.5,0,0,0
2,3,18,0.5,0.5,0,0,24
3,3,18,0.1818,0.8182,0,0,33
4,3,18,0,0,1,0,1
1,4,18,0.5,0.5,0,0,0
2,4,18,0.8,0.2,0,0,35
3,4,18,0,1,0,0,20
4,4,18,0,0.2143,0.7857,0,14
1,5,18,0.8,0.2,0,0,10
2,5,18,0.4808,0.5192,0,0,52
3,5,18,0.069,0.931,0,0,29
4,5,18,0,0.0667,0.9333,0,15
1,6,18,0.5,0.5,0,0,0
2,6,18,0.3913,0.6087,0,0,46
3,6,18,0.0714,0.9286,0,0,28
4,6,18,0,0.1333,0.8667,0,15
1,7,18,0.5,0.5,0,0,0
2,7,18,0.3478,0.6522,0,0,46
3,7,18,0,1,0,0,20
4,7,18,0,0.0769,0.9231,0,13
1,8,18,0.5,0.5,0,0,0
2,8,18,0.2766,0.7234,0,0,47
3,8,18,0.0556,0.9444,0,0,18
4,8,18,0,0,1,0,11
1,9,18,0.5,0.5,0,0,0
2,9,18,1,0,0,0,1
3,9,18,0.0526,0.9474,0,0,19
4,9,18,0,0.1111,0.8889,0,9
1,10,18,0.6,0.4,0,0,5
2,10,18,0.5,0.5,0,0,2
3,10,18,0,1,0,0,1
4,10,18,0,0,1,0,1
1,11,18,0.5,0.5,0,0,0
2,11,18,0.4286,0.5714,0,0,14
3,11,18,0,1,0,0,1
4,11,18,0,0,1,0,1
1,12,18,0.5,0.5,0,0,0
2,12,18,0.1111,0.8889,0,0,9
3,12,18,0,1,0,0,4
4,12,18,0,0,1,0,1
1,13,18,0.5,0.5,0,0,0
2,13,18,0.1111,0.8889,0,0,9
3,13,18,0.1111,0.8889,0,0,9
4,13,18,0,0,1,0,6
1,14,18,0.5,0.5,0,0,0
2,14,18,0,1,0,0,7
3,14,18,0,1,0,0,8
4,14,18,0,0,1,0,5
1,15,18,0.4,0.6,0,0,15
2,15,18,0,1,0,0,12
3,15,18,0,1,0,0,10
4,15,18,0,0,1,0,7
1,16,18,1,0,0,0,1
2,16,18,0,1,0,0,3
3,16,18,0,1,0,0,2
4,16,18,0,0,1,0,2
1,17,18,0,1,0,0,1
2,17,18,0.2,0.8,0,0,5
3,17,18,0.3333,0.6667,0,0,3
4,17,18,0,0,1,0,4
1,18,18,0.3,0.7,0,0,10
2,18,18,0,1,0,0,9
3,18,18,0.1,0.9,0,0,10
4,18,18,0,0,1,0,9
1,1,19,0.5,0.5,0,0,0
2,1,19,0.8095,0.1905,0,0,21
3,1,19,0.84,0.16,0,0,25
4,1,19,0.55,0.15,0.3,0,20
1,2,19,0.5,0.5,0,0,0
2,2,19,0.6957,0.3043,0,0,23
3,2,19,1,0,0,0,1
4,2,19,0,0.1818,0.8182,0,11
1,3,19,0.5,0.5,0,0,0
2,3,19,1,0,0,0,1
3,3,19,0,1,0,0,1
4,3,19,0,0,1,0,13
1,4,19,0.5,0.5,0,0,0
2,4,19,0.5769,0.4231,0,0,26
3,4,19,0.1304,0.8696,0,0,23
4,4,19,0,0.1538,0.8462,0,13
1,5,19,1,0,0,0,2
2,5,19,0.4792,0.5208,0,0,48
3,5,19,0.0263,0.9737,0,0,38
4,5,19,0,0.0435,0.9565,0,23
1,6,19,0.5,0.5,0,0,0
2,6,19,0.4,0.6,0,0,45
3,6,19,0,1,0,0,1
4,6,19,0,0.1176,0.8824,0,17
1,7,19,0.5,0.5,0,0,0
2,7,19,0.3137,0.6863,0,0,51
3,7,19,0.0526,0.9474,0,0,19
4,7,19,0,0.1,0.9,0,10
1,8,19,0,1,0,0,1
2,8,19,0.2759,0.7241,0,0,29
3,8,19,0,1,0,0,1
4,8,19,0,0,1,0,7
1,9,19,0.5,0.5,0,0,0
2,9,19,0.2182,0.7818,0,0,55
3,9,19,0.0435,0.9565,0,0,23
4,9,19,0,0,1,0,15
1,10,19,1,0,0,0,3
2,10,19,0.3256,0.6744,0,0,86
3,10,19,0.0909,0.9091,0,0,22
4,10,19,0,0.0769,0.9231,0,13
1,11,19,0.5,0.5,0,0,0
2,11,19,0.2,0.8,0,0,15
3,11,19,0.1429,0.8571,0,0,7
4,11,19,0,0,1,0,4
1,12,19,0.5,0.5,0,0,0
2,12,19,0.0588,0.9412,0,0,17
3,12,19,0,1,0,0,7
4,12,19,0,0.1667,0.8333,0,6
1,13,19,0.5,0.5,0,0,0
2,13,19,0,1,0,0,4
3,13,19,0,1,0,0,5
4,13,19,0,0,1,0,3
1,14,19,0.5,0.5,0,0,0
2,14,19,0.1667,0.8333,0,0,6
3,14,19,0.2222,0.7778,0,0,9
4,14,19,0,0,1,0,3
1,15,19,0.5,0.5,0,0,14
2,15,19,0.0833,0.9167,0,0,12
3,15,19,0,1,0,0,7
4,15,19,0,0,1,0,5
1,16,19,0.5,0.5,0,0,0
2,16,19,0,1,0,0,4
3,16,19,0,1,0,0,1
4,16,19,0,0,1,0,6
1,17,19,0.5,0.5,0,0,0
2,17,19,0,1,0,0,3
3,17,19,0.125,0.875,0,0,8
4,17,19,0,0,1,0,6
1,18,19,0.5,0.5,0,0,0
2,18,19,0,1,0,0,5
3,18,19,0.2,0.8,0,0,5
4,18,19,0,0,1,0,2
1,19,19,0.2222,0.7778,0,0,9
2,19,19,0.25,0.75,0,0,8
3,19,19,0.1,0.9,0,0,10
4,19,19,0,0.125,0.875,0,8
1,1,20,0.5,0.5,0,0,0
2,1,20,0.7143,0.2857,0,0,28
3,1,20,0.6923,0.3077,0,0,39
4,1,20,0.4,0.05,0.55,0,20
1,2,20,0.5,0.5,0,0,0
2,2,20,0.7586,0.2414,0,0,29
3,2,20,0.3714,0.6286,0,0,35
4,2,20,0.0625,0.5625,0.375,0,16
1,3,20,0.5,0.5,0,0,0
2,3,20,0,1,0,0,1
3,3,20,0,1,0,0,1
4,3,20,0,0.0769,0.9231,0,13
1,4,20,0.5,0.5,0,0,0
2,4,20,0.4706,0.5294,0,0,34
3,4,20,0,1,0,0,1
4,4,20,0,0,1,0,1
1,5,20,0.5,0.5,0,0,6
2,5,20,0.4364,0.5636,0,0,55
3,5,20,0.0571,0.9429,0,0,35
4,5,20,0,0.15,0.85,0,20
1,6,20,0.5,0.5,0,0,0
2,6,20,0.3962,0.6038,0,0,53
3,6,20,0.0811,0.9189,0,0,37
4,6,20,0,0.087,0.913,0,23
1,7,20,0.5,0.5,0,0,0
2,7,20,0.26,0.74,0,0,50
3,7,20,0.0385,0.9615,0,0,26
4,7,20,0,0.1,0.9,0,10
1,8,20,0.5,0.5,0,0,0
2,8,20,0.2632,0.7368,0,0,38
3,8,20,0.0357,0.9643,0,0,28
4,8,20,0,0,1,0,16
1,9,20,0.5,0.5,0,0,0
2,9,20,0.3333,0.6667,0,0,39
3,9,20,0,1,0,0,14
4,9,20,0,0,1,0,7
1,10,20,0,1,0,0,1
2,10,20,0,1,0,0,1
3,10,20,0,1,0,0,1
4,10,20,0,0.1,0.9,0,10
1,11,20,0.5,0.5,0,0,0
2,11,20,1,0,0,0,1
3,11,20,0,1,0,0,1
4,11,20,0,0,1,0,4
1,12,20,0.5,0.5,0,0,0
2,12,20,0.2,0.8,0,0,10
3,12,20,0,1,0,0,8
4,12,20,0,0,1,0,7
1,13,20,0.5,0.5,0,0,0
2,13,20,0.1875,0.8125,0,0,16
3,13,20,0,1,0,0,8
4,13,20,0,0,1,0,6
1,14,20,0,1,0,0,1
2,14,20,0.1429,0.8571,0,0,7
3,14,20,0,1,0,0,7
4,14,20,0,0,1,0,5
1,15,20,0.2,0.8,0,0,10
2,15,20,0.1667,0.8333,0,0,6
3,15,20,0,1,0,0,1
4,15,20,0,0,1,0,3
1,16,20,0.5,0.5,0,0,0
2,16,20,0.375,0.625,0,0,8
3,16,20,0.1667,0.8333,0,0,6
4,16,20,0,0,1,0,9
1,17,20,0,1,0,0,2
2,17,20,0,1,0,0,4
3,17,20,0.25,0.75,0,0,4
4,17,20,0,0,1,0,3
1,18,20,0,1,0,0,1
2,18,20,0.5,0.5,0,0,2
3,18,20,0.5,0.5,0,0,2
4,18,20,0,0,1,0,0
1,19,20,0,1,0,0,1
2,19,20,0.2,0.8,0,0,5
3,19,20,0,1,0,0,2
4,19,20,0,0,1,0,0
1,20,20,0.4444,0.5556,0,0,9
2,20,20,0,1,0,0,8
3,20,20,0,1,0,0,7
4,20,20,0,0.1429,0.8571,0,7
1,1,21,0.5,0.5,0,0,0
2,1,21,0.7778,0.2222,0,0,18
3,1,21,0.8857,0.1143,0,0,35
4,1,21,0.5263,0.3158,0.1579,0,19
1,2,21,0.5,0.5,0,0,0
2,2,21,0,1,0,0,2
3,2,21,0.5217,0.4783,0,0,23
4,2,21,0,0.0625,0.9375,0,16
1,3,21,0.5,0.5,0,0,0
2,3,21,0,1,0,0,1
3,3,21,0.2333,0.7667,0,0,30
4,3,21,0,0.1333,0.8667,0,15
1,4,21,0.5,0.5,0,0,0
2,4,21,0.6,0.4,0,0,30
3,4,21,0.0526,0.9474,0,0,19
4,4,21,0,0.2,0.8,0,10
1,5,21,0.8333,0.1667,0,0,6
2,5,21,0.4286,0.5714,0,0,35
3,5,21,0.0333,0.9667,0,0,30
4,5,21,0,0.1,0.9,0,10
1,6,21,0.5,0.5,0,0,0
2,6,21,0.4667,0.5333,0,0,45
3,6,21,0,1,0,0,31
4,6,21,0,0,1,0,16
1,7,21,0.5,0.5,0,0,0
2,7,21,0.3585,0.6415,0,0,53
3,7,21,0,1,0,0,24
4,7,21,0,0.1667,0.8333,0,12
1,8,21,0.5,0.5,0,0,0
2,8,21,0.32,0.68,0,0,50
3,8,21,0.0625,0.9375,0,0,16
4,8,21,0,0,1,0,13
1,9,21,0.5,0.5,0,0,0
2,9,21,0.2903,0.7097,0,0,31
3,9,21,0,1,0,0,19
4,9,21,0,0,1,0,10
1,10,21,0,1,0,0,2
2,10,21,0,1,0,0,1
3,10,21,0,1,0,0,22
4,10,21,0,0,1,0,1
1,11,21,0.5,0.5,0,0,0
2,11,21,0.35,0.65,0,0,20
3,11,21,0,1,0,0,13
4,11,21,0,0,1,0,10
1,12,21,0.5,0.5,0,0,0
2,12,21,0.1333,0.8667,0,0,15
3,12,21,0.125,0.875,0,0,8
4,12,21,0,0,1,0,1
1,13,21,0.5,0.5,0,0,0
2,13,21,0,1,0,0,8
3,13,21,0,1,0,0,5
4,13,21,0,0,1,0,2
1,14,21,0.5,0.5,0,0,0
2,14,21,0,1,0,0,3
3,14,21,0.1111,0.8889,0,0,9
4,14,21,0,0,1,0,1
1,15,21,0.3333,0.6667,0,0,9
2,15,21,0,1,0,0,8
3,15,21,0.1111,0.8889,0,0,9
4,15,21,0,0,1,0,5
1,16,21,0,1,0,0,1
2,16,21,0.1667,0.8333,0,0,6
3,16,21,0,1,0,0,4
4,16,21,0,0,1,0,4
1,17,21,0.5,0.5,0,0,0
2,17,21,0.25,0.75,0,0,4
3,17,21,0.25,0.75,0,0,4
4,17,21,0,0,1,0,5
1,18,21,1,0,0,0,1
2,18,21,0.3333,0.6667,0,0,6
3,18,21,0,1,0,0,2
4,18,21,0,0,1,0,1
1,19,21,0.5,0.5,0,0,0
2,19,21,0.5,0.5,0,0,2
3,19,21,0,1,0,0,2
4,19,21,0,0,1,0,1
1,20,21,0.0769,0.9231,0,0,13
2,20,21,0.2,0.8,0,0,5
3,20,21,0.25,0.75,0,0,4
4,20,21,0,0,1,0,1
1,1,22,0.5,0.5,0,0,0
2,1,22,0.7619,0.2381,0,0,21
3,1,22,0.6286,0.3714,0,0,35
4,1,22,0.4783,0.2174,0.3043,0,23
1,2,22,0.5,0.5,0,0,0
2,2,22,0.6818,0.3182,0,0,22
3,2,22,0.4348,0.5652,0,0,23
4,2,22,0,0,1,0,10
1,3,22,0.5,0.5,0,0,0
2,3,22,0.6538,0.3462,0,0,26
3,3,22,0,1,0,0,1
4,3,22,0,0.2,0.8,0,10
1,4,22,1,0,0,0,1
2,4,22,0.6667,0.3333,0,0,39
3,4,22,0.1304,0.8696,0,0,23
4,4,22,0,0.2,0.8,0,15
1,5,22,0.2857,0.7143,0,0,7
2,5,22,1,0,0,0,1
3,5,22,0.1333,0.8667,0,0,30
4,5,22,0,0.0769,0.9231,0,13
1,6,22,0.5,0.5,0,0,0
2,6,22,1,0,0,0,1
3,6,22,0,1,0,0,1
4,6,22,0,0,1,0,1
1,7,22,0.5,0.5,0,0,0
2,7,22,0.2292,0.7708,0,0,48
3,7,22,0,1,0,0,25
4,7,22,0,0.0714,0.9286,0,14
1,8,22,0.5,0.5,0,0,0
2,8,22,0.383,0.617,0,0,47
3,8,22,0,1,0,0,1
4,8,22,0,0.1818,0.8182,0,11
1,9,22,0.5,0.5,0,0,0
2,9,22,0,1,0,0,1
3,9,22,0,1,0,0,22
4,9,22,0,0,1,0,18
1,10,22,0.3333,0.6667,0,0,3
2,10,22,0.35,0.65,0,0,100
3,10,22,0,1,0,0,20
4,10,22,0,0,1,0,11
1,11,22,0.5,0.5,0,0,0
2,11,22,0.0833,0.9167,0,0,12
3,11,22,0,1,0,0,8
4,11,22,0,0,1,0,4
1,12,22,0.5,0.5,0,0,0
2,12,22,0.1538,0.8462,0,0,13
3,12,22,0.1111,0.8889,0,0,9
4,12,22,0,0,1,0,8
1,13,22,0.5,0.5,0,0,0
2,13,22,0,1,0,0,5
3,13,22,0,1,0,0,6
4,13,22,0,0,1,0,4
1,14,22,1,0,0,0,1
2,14,22,1,0,0,0,1
3,14,22,0,1,0,0,3
4,14,22,0,0,1,0,3
1,15,22,0.4,0.6,0,0,10
2,15,22,0,1,0,0,4
3,15,22,0,1,0,0,9
4,15,22,0,0,1,0,6
1,16,22,1,0,0,0,1
2,16,22,0,1,0,0,3
3,16,22,0.1429,0.8571,0,0,7
4,16,22,0,0,1,0,3
1,17,22,0,1,0,0,1
2,17,22,0,1,0,0,2
3,17,22,0,1,0,0,3
4,17,22,0,0,1,0,3
1,18,22,0.5,0.5,0,0,0
2,18,22,0.3333,0.6667,0,0,3
3,18,22,0,1,0,0,4
4,18,22,0,0,1,0,3
1,19,22,0.5,0.5,0,0,0
2,19,22,0,1,0,0,3
3,19,22,0.4,0.6,0,0,5
4,19,22,0,0,1,0,5
1,20,22,0.2,0.8,0,0,10
2,20,22,0.2,0.8,0,0,5
3,20,22,0.3333,0.6667,0,0,3
4,20,22,0,0,1,0,0
1,1,23,0.5,0.5,0,0,0
2,1,23,0.8148,0.1852,0,0,27
3,1,23,0.8214,0.1786,0,0,28
4,1,23,0.5417,0.0833,0.375,0,24
1,2,23,0.5,0.5,0,0,0
2,2,23,0.7037,0.2963,0,0,27
3,2,23,0.3438,0.6562,0,0,32
4,2,23,0.0588,0.4118,0.5294,0,17
1,3,23,0.5,0.5,0,0,0
2,3,23,0.6053,0.3947,0,0,38
3,3,23,0.3235,0.6765,0,0,34
4,3,23,0,0.4,0.6,0,15
1,4,23,0.5,0.5,0,0,0
2,4,23,1,0,0,0,1
3,4,23,0.0952,0.9048,0,0,21
4,4,23,0.0769,0.2308,0.6923,0,13
1,5,23,0,1,0,0,1
2,5,23,0.5676,0.4324,0,0,37
3,5,23,0.069,0.931,0,0,29
4,5,23,0,0,1,0,12
1,6,23,0.5,0.5,0,0,0
2,6,23,0.5306,0.4694,0,0,49
3,6,23,0.0435,0.9565,0,0,23
4,6,23,0,0,1,0,7
1,7,23,0.5,0.5,0,0,0
2,7,23,0.3333,0.6667,0,0,45
3,7,23,0,1,0,0,1
4,7,23,0,0,1,0,14
1,8,23,0.5,0.5,0,0,0
2,8,23,0,1,0,0,1
3,8,23,0,1,0,0,15
4,8,23,0,0.1,0.9,0,10
1,9,23,0.5,0.5,0,0,0
2,9,23,1,0,0,0,1
3,9,23,0.04,0.96,0,0,25
4,9,23,0,0,1,0,11
1,10,23,0.3333,0.6667,0,0,3
2,10,23,0,1,0,0,1
3,10,23,0,1,0,0,31
4,10,23,0,0,1,0,16
1,11,23,1,0,0,0,1
2,11,23,0.3913,0.6087,0,0,23
3,11,23,0.0833,0.9167,0,0,12
4,11,23,0,0,1,0,5
1,12,23,0.5,0.5,0,0,0
2,12,23,0.1,0.9,0,0,10
3,12,23,0,1,0,0,5
4,12,23,0,0,1,0,1
1,13,23,0.5,0.5,0,0,0
2,13,23,0.1111,0.8889,0,0,9
3,13,23,0,1,0,0,10
4,13,23,0,0,1,0,12
1,14,23,0.5,0.5,0,0,0
2,14,23,0,1,0,0,5
3,14,23,0,1,0,0,5
4,14,23,0,0,1,0,6
1,15,23,0.6667,0.3333,0,0,12
2,15,23,0.5,0.5,0,0,8
3,15,23,0.125,0.875,0,0,8
4,15,23,0,0,1,0,3
1,16,23,0.5,0.5,0,0,0
2,16,23,0,1,0,0,3
3,16,23,0.3333,0.6667,0,0,3
4,16,23,0,0,1,0,2
1,17,23,0.5,0.5,0,0,0
2,17,23,0,1,0,0,4
3,17,23,0.25,0.75,0,0,4
4,17,23,0,0,1,0,3
1,18,23,0.5,0.5,0,0,0
2,18,23,0,1,0,0,2
3,18,23,0,1,0,0,3
4,18,23,0,0,1,0,3
1,19,23,0,1,0,0,1
2,19,23,1,0,0,0,1
3,19,23,1,0,0,0,1
4,19,23,0,0,1,0,3
1,20,23,0.3125,0.6875,0,0,16
2,20,23,0.1667,0.8333,0,0,6
3,20,23,0.3333,0.6667,0,0,6
4,20,23,0,0,1,0,2
1,1,24,0.5,0.5,0,0,0
2,1,24,0.6757,0.3243,0,0,37
3,1,24,0.75,0.25,0,0,36
4,1,24,0.4286,0.3333,0.2381,0,21
1,2,24,0.5,0.5,0,0,0
2,2,24,0.8077,0.1923,0,0,26
3,2,24,0.4667,0.5333,0,0,30
4,2,24,0,0.3333,0.6667,0,15
1,3,24,0.5,0.5,0,0,0
2,3,24,0.6296,0.3704,0,0,27
3,3,24,0,1,0,0,1
4,3,24,0,0.1111,0.8889,0,9
1,4,24,0.5,0.5,0,0,0
2,4,24,0.5588,0.4412,0,0,34
3,4,24,0.0455,0.9545,0,0,22
4,4,24,0,0.1875,0.8125,0,16
1,5,24,0.4,0.6,0,0,5
2,5,24,0.5833,0.4167,0,0,36
3,5,24,0.0857,0.9143,0,0,35
4,5,24,0,0,1,0,22
1,6,24,0.5,0.5,0,0,0
2,6,24,0.4545,0.5455,0,0,44
3,6,24,0,1,0,0,21
4,6,24,0,0.0833,0.9167,0,12
1,7,24,0.5,0.5,0,0,0
2,7,24,0,1,0,0,1
3,7,24,0,1,0,0,17
4,7,24,0,0,1,0,9
1,8,24,0.5,0.5,0,0,0
2,8,24,0.2963,0.7037,0,0,54
3,8,24,0,1,0,0,15
4,8,24,0,0.1818,0.8182,0,11
1,9,24,0.5,0.5,0,0,0
2,9,24,0.2041,0.7959,0,0,49
3,9,24,0,1,0,0,1
4,9,24,0,0.1,0.9,0,10
1,10,24,1,0,0,0,2
2,10,24,0.3047,0.6953,0,0,128
3,10,24,0.0417,0.9583,0,0,24
4,10,24,0,0.0909,0.9091,0,11
1,11,24,0.5,0.5,0,0,0
2,11,24,0.3529,0.6471,0,0,17
3,11,24,0.0833,0.9167,0,0,12
4,11,24,0,0.6,0.4,0,5
1,12,24,0.5,0.5,0,0,0
2,12,24,0.1111,0.8889,0,0,18
3,12,24,0,1,0,0,3
4,12,24,0,0,1,0,1
1,13,24,0,1,0,0,1
2,13,24,0.3333,0.6667,0,0,6
3,13,24,0,1,0,0,10
4,13,24,0,0,1,0,2
1,14,24,0.5,0.5,0,0,0
2,14,24,0.3,0.7,0,0,10
3,14,24,0,1,0,0,7
4,14,24,0,0,1,0,5
1,15,24,0.4,0.6,0,0,10
2,15,24,0,1,0,0,8
3,15,24,0,1,0,0,5
4,15,24,0,0,1,0,5
1,16,24,0.5,0.5,0,0,0
2,16,24,0,1,0,0,2
3,16,24,0.25,0.75,0,0,4
4,16,24,0,0,1,0,5
1,17,24,0,1,0,0,1
2,17,24,0,1,0,0,6
3,17,24,0,1,0,0,2
4,17,24,0,0,1,0,5
1,18,24,0.5,0.5,0,0,0
2,18,24,0,1,0,0,1
3,18,24,1,0,0,0,1
4,18,24,0,0,1,0,3
1,19,24,0.5,0.5,0,0,0
2,19,24,0.4,0.6,0,0,5
3,19,24,0,1,0,0,3
4,19,24,0,0,1,0,1
1,20,24,0.0556,0.9444,0,0,18
2,20,24,0.3333,0.6667,0,0,6
3,20,24,0.3333,0.6667,0,0,3
4,20,24,0,0,1,0,3
1,1,25,0.5,0.5,0,0,0
2,1,25,0.6579,0.3421,0,0,38
3,1,25,0.7551,0.2449,0,0,49
4,1,25,0.6154,0.3077,0.0769,0,26
1,2,25,0.5,0.5,0,0,0
2,2,25,0.7,0.3,0,0,30
3,2,25,0.3871,0.6129,0,0,31
4,2,25,0.1,0.2,0.7,0,20
1,3,25,0.5,0.5,0,0,0
2,3,25,0.5333,0.4667,0,0,30
3,3,25,0.3871,0.6129,0,0,31
4,3,25,0,0.1333,0.8667,0,15
1,4,25,0.5,0.5,0,0,0
2,4,25,0.5714,0.4286,0,0,42
3,4,25,0.1389,0.8611,0,0,36
4,4,25,0,0.2857,0.7143,0,21
1,5,25,0.5,0.5,0,0,6
2,5,25,0.3962,0.6038,0,0,53
3,5,25,0.1316,0.8684,0,0,38
4,5,25,0,0.2222,0.7778,0,18
1,6,25,0.5,0.5,0,0,0
2,6,25,0.3958,0.6042,0,0,48
3,6,25,0.0345,0.9655,0,0,29
4,6,25,0,0,1,0,15
1,7,25,0.5,0.5,0,0,0
2,7,25,0.3143,0.6857,0,0,70
3,7,25,0,1,0,0,36
4,7,25,0,0,1,0,13
1,8,25,0.5,0.5,0,0,0
2,8,25,0.2917,0.7083,0,0,48
3,8,25,0,1,0,0,20
4,8,25,0,0,1,0,14
1,9,25,0.5,0.5,0,0,0
2,9,25,0.3,0.7,0,0,40
3,9,25,0.0588,0.9412,0,0,17
4,9,25,0,0,1,0,1
1,10,25,0.5,0.5,0,0,2
2,10,25,0.2683,0.7317,0,0,123
3,10,25,0,1,0,0,31
4,10,25,0,0,1,0,16
1,11,25,0.5,0.5,0,0,0
2,11,25,0.1786,0.8214,0,0,28
3,11,25,0.0833,0.9167,0,0,12
4,11,25,0,0,1,0,7
1,12,25,0.5,0.5,0,0,0
2,12,25,0.3529,0.6471,0,0,17
3,12,25,0,1,0,0,10
4,12,25,0,0,1,0,6
1,13,25,0.5,0.5,0,0,2
2,13,25,0.2727,0.7273,0,0,11
3,13,25,0,1,0,0,10
4,13,25,0,0,1,0,8
1,14,25,0.5,0.5,0,0,0
2,14,25,0.125,0.875,0,0,8
3,14,25,0,1,0,0,5
4,14,25,0,0,1,0,2
1,15,25,0.3125,0.6875,0,0,16
2,15,25,0.2143,0.7857,0,0,14
3,15,25,0.1429,0.8571,0,0,7
4,15,25,0,0,1,0,7
1,16,25,0.5,0.5,0,0,0
2,16,25,0.25,0.75,0,0,4
3,16,25,0,1,0,0,3
4,16,25,0,0,1,0,5
1,17,25,0.5,0.5,0,0,0
2,17,25,0,1,0,0,2
3,17,25,0,1,0,0,3
4,17,25,0,0,1,0,3
1,18,25,0.5,0.5,0,0,0
2,18,25,0.5,0.5,0,0,2
3,18,25,0,1,0,0,1
4,18,25,0,1,0,0,1
1,19,25,1,0,0,0,1
2,19,25,0.5,0.5,0,0,4
3,19,25,0,1,0,0,3
4,19,25,0,0,1,0,3
1,20,25,0.0769,0.9231,0,0,13
2,20,25,0.25,0.75,0,0,8
3,20,25,1,0,0,0,1
4,20,25,0,0,1,0,1
1,1,26,0.5,0.5,0,0,0
2,1,26,0.7647,0.2353,0,0,34
3,1,26,0.7826,0.2174,0,0,46
4,1,26,0.6667,0.1111,0.2222,0,18
1,2,26,0.5,0.5,0,0,0
2,2,26,0.6897,0.3103,0,0,29
3,2,26,0.3704,0.6296,0,0,27
4,2,26,0,1,0,0,1
1,3,26,0.5,0.5,0,0,0
2,3,26,0.5385,0.4615,0,0,26
3,3,26,0.12,0.88,0,0,25
4,3,26,0,0.1,0.9,0,10
1,4,26,0.5,0.5,0,0,0
2,4,26,0.6429,0.3571,0,0,28
3,4,26,0.0833,0.9167,0,0,24
4,4,26,0,0.125,0.875,0,8
1,5,26,0.5,0.5,0,0,2
2,5,26,0,1,0,0,1
3,5,26,0.08,0.92,0,0,25
4,5,26,0,0,1,0,15
1,6,26,0.5,0.5,0,0,0
2,6,26,0.4694,0.5306,0,0,49
3,6,26,0.0625,0.9375,0,0,32
4,6,26,0,0.0526,0.9474,0,19
1,7,26,0.5,0.5,0,0,0
2,7,26,0.2857,0.7143,0,0,49
3,7,26,0.0294,0.9706,0,0,34
4,7,26,0,0,1,0,18
1,8,26,0.5,0.5,0,0,0
2,8,26,0.2778,0.7222,0,0,36
3,8,26,0,1,0,0,17
4,8,26,0,0,1,0,13
1,9,26,0.5,0.5,0,0,0
2,9,26,0.2308,0.7692,0,0,26
3,9,26,0,1,0,0,10
4,9,26,0,0,1,0,3
1,10,26,0.3333,0.6667,0,0,6
2,10,26,1,0,0,0,1
3,10,26,0.0312,0.9688,0,0,32
4,10,26,0,0,1,0,10
1,11,26,0.5,0.5,0,0,0
2,11,26,0.0667,0.9333,0,0,15
3,11,26,0.125,0.875,0,0,8
4,11,26,0,0,1,0,3
1,12,26,0.5,0.5,0,0,0
2,12,26,0.0833,0.9167,0,0,12
3,12,26,0.0625,0.9375,0,0,16
4,12,26,0,0,1,0,8
1,13,26,0.5,0.5,0,0,0
2,13,26,0.25,0.75,0,0,8
3,13,26,0.1111,0.8889,0,0,9
4,13,26,0,0,1,0,5
1,14,26,0.5,0.5,0,0,0
2,14,26,0.3333,0.6667,0,0,3
3,14,26,0.1667,0.8333,0,0,6
4,14,26,0,0,1,0,4
1,15,26,0.375,0.625,0,0,8
2,15,26,0.125,0.875,0,0,8
3,15,26,0,1,0,0,5
4,15,26,0,0,1,0,7
1,16,26,0.5,0.5,0,0,0
2,16,26,0.2,0.8,0,0,5
3,16,26,0,1,0,0,5
4,16,26,0,0,1,0,2
1,17,26,0.5,0.5,0,0,0
2,17,26,0.1667,0.8333,0,0,6
3,17,26,0,1,0,0,3
4,17,26,0,0,1,0,4
1,18,26,0,1,0,0,1
2,18,26,0,1,0,0,3
3,18,26,0.3333,0.6667,0,0,3
4,18,26,0,0,1,0,3
1,19,26,0.5,0.5,0,0,0
2,19,26,0.5,0.5,0,0,2
3,19,26,0.3333,0.6667,0,0,3
4,19,26,0,0,1,0,2
1,20,26,0.125,0.875,0,0,8
2,20,26,0,1,0,0,1
3,20,26,0.5,0.5,0,0,0
4,20,26,0,0,1,0,1
1,1,27,0.5,0.5,0,0,0
2,1,27,0.875,0.125,0,0,32
3,1,27,0.8125,0.1875,0,0,32
4,1,27,0.75,0.0714,0.1786,0,28
1,2,27,0.5,0.5,0,0,0
2,2,27,0.7692,0.2308,0,0,26
3,2,27,0.5135,0.4865,0,0,37
4,2,27,0.1111,0.3333,0.5556,0,18
1,3,27,0.5,0.5,0,0,0
2,3,27,0.8571,0.1429,0,0,35
3,3,27,0.3056,0.6944,0,0,36
4,3,27,0,0.087,0.913,0,23
1,4,27,0.5,0.5,0,0,0
2,4,27,0.5385,0.4615,0,0,39
3,4,27,0.0968,0.9032,0,0,31
4,4,27,0,0.2,0.8,0,15
1,5,27,1,0,0,0,2
2,5,27,0.5333,0.4667,0,0,45
3,5,27,0.1071,0.8929,0,0,28
4,5,27,0,0.25,0.75,0,8
1,6,27,0.5,0.5,0,0,0
2,6,27,0.6444,0.3556,0,0,45
3,6,27,0,1,0,0,22
4,6,27,0,0.0769,0.9231,0,13
1,7,27,0.5,0.5,0,0,0
2,7,27,0.4107,0.5893,0,0,56
3,7,27,0,1,0,0,21
4,7,27,0,0.0714,0.9286,0,14
1,8,27,0.5,0.5,0,0,0
2,8,27,0.3043,0.6957,0,0,46
3,8,27,0.0435,0.9565,0,0,23
4,8,27,0,0.1176,0.8824,0,17
1,9,27,0.5,0.5,0,0,0
2,9,27,0.3902,0.6098,0,0,41
3,9,27,0,1,0,0,17
4,9,27,0,0,1,0,11
1,10,27,0.8,0.2,0,0,5
2,10,27,0.2558,0.7442,0,0,86
3,10,27,0.0625,0.9375,0,0,32
4,10,27,0,0,1,0,9
1,11,27,0.5,0.5,0,0,0
2,11,27,0.1765,0.8235,0,0,17
3,11,27,0.0769,0.9231,0,0,13
4,11,27,0,0.1429,0.8571,0,7
1,12,27,0.5,0.5,0,0,0
2,12,27,0,1,0,0,13
3,12,27,0.25,0.75,0,0,4
4,12,27,0,0.1,0.9,0,10
1,13,27,0.5,0.5,0,0,0
2,13,27,0.1667,0.8333,0,0,6
3,13,27,0,1,0,0,4
4,13,27,0,0.1667,0.8333,0,6
1,14,27,0,1,0,0,1
2,14,27,0.1667,0.8333,0,0,6
3,14,27,0,1,0,0,5
4,14,27,0,0,1,0,5
1,15,27,0.375,0.625,0,0,16
2,15,27,0,1,0,0,5
3,15,27,0.4,0.6,0,0,5
4,15,27,0,0,1,0,0
1,16,27,0.5,0.5,0,0,0
2,16,27,0,1,0,0,6
3,16,27,0,1,0,0,5
4,16,27,0,0,1,0,2
1,17,27,0.5,0.5,0,0,0
2,17,27,0.125,0.875,0,0,8
3,17,27,0,1,0,0,2
4,17,27,0,0,1,0,4
1,18,27,0,1,0,0,2
2,18,27,0.3333,0.6667,0,0,3
3,18,27,0,1,0,0,3
4,18,27,0,0,1,0,4
1,19,27,0.5,0.5,0,0,0
2,19,27,0,1,0,0,2
3,19,27,0.3333,0.6667,0,0,3
4,19,27,0,0,1,0,2
1,20,27,0.2857,0.7143,0,0,7
2,20,27,0,1,0,0,7
3,20,27,0.3333,0.6667,0,0,3
4,20,27,0,0,1,0,1
1,1,28,0.5,0.5,0,0,0
2,1,28,0.697,0.303,0,0,33
3,1,28,1,0,0,0,1
4,1,28,0.7037,0.1852,0.1111,0,27
1,2,28,0.5,0.5,0,0,0
2,2,28,0.5,0.5,0,0,22
3,2,28,0.4444,0.5556,0,0,27
4,2,28,0.05,0.65,0.3,0,20
1,3,28,0.5,0.5,0,0,0
2,3,28,0.5909,0.4091,0,0,22
3,3,28,0.3529,0.6471,0,0,34
4,3,28,0,0.3125,0.6875,0,16
1,4,28,0.5,0.5,0,0,0
2,4,28,0.5909,0.4091,0,0,44
3,4,28,0.1379,0.8621,0,0,29
4,4,28,0,0.2667,0.7333,0,15
1,5,28,0.5,0.5,0,0,6
2,5,28,0.5128,0.4872,0,0,39
3,5,28,0,1,0,0,1
4,5,28,0,0,1,0,1
1,6,28,0.5,0.5,0,0,0
2,6,28,0.4043,0.5957,0,0,47
3,6,28,0,1,0,0,30
4,6,28,0,0,1,0,9
1,7,28,0.5,0.5,0,0,0
2,7,28,0,1,0,0,1
3,7,28,0.0625,0.9375,0,0,32
4,7,28,0,0.0667,0.9333,0,15
1,8,28,0.5,0.5,0,0,0
2,8,28,0.4762,0.5238,0,0,42
3,8,28,0.1333,0.8667,0,0,15
4,8,28,0,0,1,0,11
1,9,28,0.5,0.5,0,0,0
2,9,28,0.2174,0.7826,0,0,46
3,9,28,0,1,0,0,20
4,9,28,0,0,1,0,11
1,10,28,0,1,0,0,3
2,10,28,0.5,0.5,0,0,2
3,10,28,0.0345,0.9655,0,0,29
4,10,28,0,0.1429,0.8571,0,14
1,11,28,0.5,0.5,0,0,0
2,11,28,0.2,0.8,0,0,15
3,11,28,0,1,0,0,8
4,11,28,0,0,1,0,4
1,12,28,0.5,0.5,0,0,0
2,12,28,0.2,0.8,0,0,15
3,12,28,0,1,0,0,9
4,12,28,0,0,1,0,4
1,13,28,0.5,0.5,0,0,0
2,13,28,1,0,0,0,1
3,13,28,0,1,0,0,6
4,13,28,0,0,1,0,3
1,14,28,0.5,0.5,0,0,0
2,14,28,0.25,0.75,0,0,8
3,14,28,0.1429,0.8571,0,0,7
4,14,28,0,0,1,0,5
1,15,28,0.3333,0.6667,0,0,12
2,15,28,0,1,0,0,6
3,15,28,0.25,0.75,0,0,8
4,15,28,0,0,1,0,4
1,16,28,0.5,0.5,0,0,0
2,16,28,0,1,0,0,3
3,16,28,0.25,0.75,0,0,4
4,16,28,0,0,1,0,2
1,17,28,0,1,0,0,1
2,17,28,0,1,0,0,3
3,17,28,0.3333,0.6667,0,0,3
4,17,28,0,0,1,0,0
1,18,28,0.5,0.5,0,0,0
2,18,28,0,1,0,0,2
3,18,28,0.2,0.8,0,0,5
4,18,28,0,0,1,0,5
1,19,28,0,1,0,0,1
2,19,28,0.3333,0.6667,0,0,3
3,19,28,0.5,0.5,0,0,2
4,19,28,0,0,1,0,2
1,20,28,0.3636,0.6364,0,0,11
2,20,28,0,1,0,0,6
3,20,28,0,1,0,0,2
4,20,28,0,0,1,0,0
1,1,29,0.5,0.5,0,0,0
2,1,29,0.6905,0.3095,0,0,42
3,1,29,0.6875,0.3125,0,0,48
4,1,29,0.5217,0.1304,0.3478,0,23
1,2,29,0.5,0.5,0,0,0
2,2,29,0.6,0.4,0,0,20
3,2,29,0.5926,0.4074,0,0,27
4,2,29,0.1176,0.5882,0.2941,0,17
1,3,29,0.5,0.5,0,0,0
2,3,29,0.5,0.5,0,0,24
3,3,29,0.4286,0.5714,0,0,21
4,3,29,0.0769,0.0769,0.8462,0,13
1,4,29,0.5,0.5,0,0,0
2,4,29,0.5417,0.4583,0,0,48
3,4,29,0.2273,0.7727,0,0,22
4,4,29,0,0.1538,0.8462,0,13
1,5,29,0.25,0.75,0,0,4
2,5,29,0,1,0,0,1
3,5,29,0,1,0,0,1
4,5,29,0,1,0,0,1
1,6,29,0.5,0.5,0,0,0
2,6,29,0.4444,0.5556,0,0,63
3,6,29,0,1,0,0,1
4,6,29,0,0,1,0,13
1,7,29,0.5,0.5,0,0,0
2,7,29,0.2586,0.7414,0,0,58
3,7,29,0.0968,0.9032,0,0,31
4,7,29,0,0.0667,0.9333,0,15
1,8,29,0.5,0.5,0,0,0
2,8,29,0.2143,0.7857,0,0,42
3,8,29,0.0435,0.9565,0,0,23
4,8,29,0,0.1333,0.8667,0,15
1,9,29,0.5,0.5,0,0,0
2,9,29,0.1538,0.8462,0,0,39
3,9,29,0,1,0,0,17
4,9,29,0,0.0909,0.9091,0,11
1,10,29,0.4,0.6,0,0,5
2,10,29,0.3652,0.6348,0,0,115
3,10,29,0.069,0.931,0,0,29
4,10,29,0,0.0667,0.9333,0,15
1,11,29,0.5,0.5,0,0,0
2,11,29,0.4375,0.5625,0,0,16
3,11,29,0.1538,0.8462,0,0,13
4,11,29,0,0.1667,0.8333,0,6
1,12,29,0.5,0.5,0,0,0
2,12,29,0,1,0,0,7
3,12,29,0,1,0,0,12
4,12,29,0,0,1,0,6
1,13,29,0.5,0.5,0,0,0
2,13,29,0,1,0,0,1
3,13,29,0.2222,0.7778,0,0,9
4,13,29,0,0,1,0,3
1,14,29,0.5,0.5,0,0,0
2,14,29,0.3333,0.6667,0,0,6
3,14,29,0,1,0,0,4
4,14,29,0,0,1,0,7
1,15,29,0.3684,0.6316,0,0,19
2,15,29,0.1333,0.8667,0,0,15
3,15,29,0,1,0,0,11
4,15,29,0,0,1,0,4
1,16,29,0.5,0.5,0,0,0
2,16,29,0,1,0,0,5
3,16,29,0,1,0,0,5
4,16,29,0,0,1,0,3
1,17,29,0.5,0.5,0,0,0
2,17,29,0.5,0.5,0,0,2
3,17,29,0.6667,0.3333,0,0,3
4,17,29,0,0,1,0,2
1,18,29,1,0,0,0,1
2,18,29,0.5,0.5,0,0,2
3,18,29,0,1,0,0,1
4,18,29,0,0,1,0,4
1,19,29,0.5,0.5,0,0,0
2,19,29,0,1,0,0,2
3,19,29,0.3333,0.6667,0,0,3
4,19,29,0,0,1,0,2
1,20,29,0.4,0.6,0,0,10
2,20,29,0.5,0.5,0,0,0
3,20,29,0.5,0.5,0,0,0
4,20,29,0,0,1,0,2
1,1,30,0.5,0.5,0,0,0
2,1,30,1,0,0,0,1
3,1,30,0.7949,0.2051,0,0,39
4,1,30,0.7391,0.0435,0.2174,0,23
1,2,30,0.5,0.5,0,0,0
2,2,30,0.6667,0.3333,0,0,27
3,2,30,0.3243,0.6757,0,0,37
4,2,30,0.0556,0.1667,0.7778,0,18
1,3,30,0.5,0.5,0,0,0
2,3,30,0.6571,0.3429,0,0,35
3,3,30,0.3043,0.6957,0,0,23
4,3,30,0,0.1667,0.8333,0,18
1,4,30,0.5,0.5,0,0,0
2,4,30,0.587,0.413,0,0,46
3,4,30,0.2143,0.7857,0,0,28
4,4,30,0,0.1,0.9,0,10
1,5,30,0.5,0.5,0,0,6
2,5,30,0.4792,0.5208,0,0,48
3,5,30,0,1,0,0,1
4,5,30,0,0,1,0,1
1,6,30,0.5,0.5,0,0,0
2,6,30,0.4127,0.5873,0,0,63
3,6,30,0.1071,0.8929,0,0,28
4,6,30,0,0.0556,0.9444,0,18
1,7,30,0.5,0.5,0,0,0
2,7,30,1,0,0,0,1
3,7,30,0.037,0.963,0,0,27
4,7,30,0,0,1,0,12
1,8,30,0.5,0.5,0,0,0
2,8,30,0.2927,0.7073,0,0,41
3,8,30,0.1111,0.8889,0,0,18
4,8,30,0,0.1176,0.8824,0,17
1,9,30,0.5,0.5,0,0,0
2,9,30,0.25,0.75,0,0,40
3,9,30,0.1538,0.8462,0,0,13
4,9,30,0,0,1,0,6
1,10,30,0.5007,0.4993,0,0,729
2,10,30,0.3233,0.6767,0,0,133
3,10,30,0.027,0.973,0,0,37
4,10,30,0,0.0625,0.9375,0,16
1,11,30,0.5,0.5,0,0,0
2,11,30,0.1071,0.8929,0,0,28
3,11,30,0,1,0,0,22
4,11,30,0,0,1,0,9
1,12,30,0.5,0.5,0,0,0
2,12,30,0.2308,0.7692,0,0,13
3,12,30,0.25,0.75,0,0,12
4,12,30,0,0,1,0,6
1,13,30,0.5,0.5,0,0,0
2,13,30,0,1,0,0,8
3,13,30,0.1111,0.8889,0,0,9
4,13,30,0,0,1,0,5
1,14,30,0,1,0,0,1
2,14,30,0.0714,0.9286,0,0,14
3,14,30,0.1667,0.8333,0,0,6
4,14,30,0,0,1,0,4
1,15,30,0.125,0.875,0,0,8
2,15,30,0.1,0.9,0,0,10
3,15,30,0.0833,0.9167,0,0,12
4,15,30,0,0.1429,0.8571,0,7
1,16,30,0.5,0.5,0,0,0
2,16,30,0.1667,0.8333,0,0,6
3,16,30,0.25,0.75,0,0,4
4,16,30,0,0,1,0,2
1,17,30,0,1,0,0,1
2,17,30,0.1429,0.8571,0,0,7
3,17,30,0,1,0,0,1
4,17,30,0,0,1,0,4
1,18,30,0.5,0.5,0,0,0
2,18,30,0,1,0,0,1
3,18,30,0.5,0.5,0,0,0
4,18,30,0,0,1,0,0
1,19,30,0.5,0.5,0,0,0
2,19,30,0,1,0,0,1
3,19,30,0.5,0.5,0,0,0
4,19,30,0,0,1,0,3
1,20,30,0.2353,0.7647,0,0,17
2,20,30,0.3333,0.6667,0,0,6
3,20,30,0.5,0.5,0,0,4
4,20,30,0,0,1,0,4
1,1,31,0.5,0.5,0,0,0
2,1,31,0.9091,0.0909,0,0,22
3,1,31,0.7255,0.2745,0,0,51
4,1,31,0.7037,0.2593,0.037,0,27
1,2,31,0.5,0.5,0,0,0
2,2,31,1,0,0,0,1
3,2,31,0.4595,0.5405,0,0,37
4,2,31,0,0,1,0,1
1,3,31,0.5,0.5,0,0,0
2,3,31,0.6765,0.3235,0,0,34
3,3,31,0.2759,0.7241,0,0,29
4,3,31,0,0.4,0.6,0,20
1,4,31,0.5,0.5,0,0,0
2,4,31,1,0,0,0,1
3,4,31,0,1,0,0,1
4,4,31,0,0.1667,0.8333,0,12
1,5,31,0.3333,0.6667,0,0,3
2,5,31,0.4595,0.5405,0,0,37
3,5,31,0.1724,0.8276,0,0,29
4,5,31,0,0.0588,0.9412,0,17
1,6,31,0.5,0.5,0,0,0
2,6,31,0.5833,0.4167,0,0,48
3,6,31,0,1,0,0,30
4,6,31,0,0,1,0,16
1,7,31,0.5,0.5,0,0,0
2,7,31,0.2807,0.7193,0,0,57
3,7,31,0.0588,0.9412,0,0,34
4,7,31,0,0.2727,0.7273,0,22
1,8,31,0.5,0.5,0,0,0
2,8,31,0.3889,0.6111,0,0,54
3,8,31,0.3125,0.6875,0,0,16
4,8,31,0,0,1,0,7
1,9,31,0,1,0,0,1
2,9,31,0,1,0,0,1
3,9,31,0,1,0,0,1
4,9,31,0,0.0909,0.9091,0,11
1,10,31,0.25,0.75,0,0,4
2,10,31,1,0,0,0,1
3,10,31,0.1,0.9,0,0,20
4,10,31,0,0,1,0,5
1,11,31,0.5,0.5,0,0,0
2,11,31,0.1333,0.8667,0,0,15
3,11,31,0.0833,0.9167,0,0,12
4,11,31,0,0.125,0.875,0,8
1,12,31,0.5,0.5,0,0,0
2,12,31,0,1,0,0,12
3,12,31,0,1,0,0,9
4,12,31,0,0,1,0,5
1,13,31,0.5,0.5,0,0,0
2,13,31,0.1818,0.8182,0,0,11
3,13,31,0,1,0,0,8
4,13,31,0,0,1,0,4
1,14,31,0.5,0.5,0,0,0
2,14,31,0.125,0.875,0,0,8
3,14,31,0.1429,0.8571,0,0,7
4,14,31,0,0.2,0.8,0,5
1,15,31,0.6429,0.3571,0,0,14
2,15,31,0.1,0.9,0,0,10
3,15,31,0.2857,0.7143,0,0,7
4,15,31,0,0,1,0,6
1,16,31,0.5,0.5,0,0,0
2,16,31,0.2857,0.7143,0,0,7
3,16,31,0,1,0,0,6
4,16,31,0,0.2,0.8,0,5
1,17,31,0.5,0.5,0,0,0
2,17,31,0.2,0.8,0,0,5
3,17,31,0,1,0,0,1
4,17,31,0,0,1,0,0
1,18,31,0,1,0,0,2
2,18,31,0.25,0.75,0,0,4
3,18,31,0.25,0.75,0,0,4
4,18,31,0,0,1,0,3
1,19,31,0.5,0.5,0,0,0
2,19,31,0.3333,0.6667,0,0,3
3,19,31,0.3333,0.6667,0,0,3
4,19,31,0,0,1,0,1
1,20,31,0.3333,0.6667,0,0,12
2,20,31,0,1,0,0,4
3,20,31,0,1,0,0,2
4,20,31,0,0,1,0,3
1,1,32,0.5,0.5,0,0,0
2,1,32,0.8235,0.1765,0,0,34
3,1,32,0.7708,0.2292,0,0,48
4,1,32,1,0,0,0,1
1,2,32,0.5,0.5,0,0,0
2,2,32,0.5455,0.4545,0,0,22
3,2,32,0.2188,0.7812,0,0,32
4,2,32,0,0,1,0,1
1,3,32,0.5,0.5,0,0,0
2,3,32,0.6,0.4,0,0,30
3,3,32,0.35,0.65,0,0,20
4,3,32,0,0.3077,0.6923,0,13
1,4,32,0.5,0.5,0,0,0
2,4,32,0.6341,0.3659,0,0,41
3,4,32,0.1034,0.8966,0,0,29
4,4,32,0,0.3333,0.6667,0,9
1,5,32,0.8333,0.1667,0,0,6
2,5,32,0.55,0.45,0,0,40
3,5,32,0,1,0,0,1
4,5,32,0,0,1,0,1
1,6,32,0.5,0.5,0,0,0
2,6,32,0.4043,0.5957,0,0,47
3,6,32,0,1,0,0,20
4,6,32,0,0.2,0.8,0,5
1,7,32,0.5,0.5,0,0,0
2,7,32,0.3654,0.6346,0,0,52
3,7,32,0.1333,0.8667,0,0,30
4,7,32,0,0.1111,0.8333,0.0556,18
1,8,32,0.5,0.5,0,0,0
2,8,32,0.2727,0.7273,0,0,55
3,8,32,0,1,0,0,23
4,8,32,0,0.0588,0.9412,0,17
1,9,32,0.5,0.5,0,0,0
2,9,32,0.5,0.5,0,0,2
3,9,32,0,1,0,0,21
4,9,32,0,0.1429,0.8571,0,14
1,10,32,1,0,0,0,1
2,10,32,0.3217,0.6783,0,0,115
3,10,32,0,1,0,0,26
4,10,32,0,0,1,0,12
1,11,32,0.5,0.5,0,0,0
2,11,32,0.25,0.75,0,0,20
3,11,32,0,1,0,0,8
4,11,32,0,0,1,0,6
1,12,32,0.5,0.5,0,0,0
2,12,32,0,1,0,0,6
3,12,32,0,1,0,0,5
4,12,32,0,0,1,0,5
1,13,32,0.5,0.5,0,0,0
2,13,32,0,1,0,0,6
3,13,32,0,1,0,0,5
4,13,32,0,0,1,0,6
1,14,32,0.5,0.5,0,0,0
2,14,32,0.125,0.875,0,0,8
3,14,32,0,1,0,0,1
4,14,32,0,0,1,0,4
1,15,32,0.2778,0.7222,0,0,18
2,15,32,0.4375,0.5625,0,0,16
3,15,32,0,1,0,0,5
4,15,32,0,0.125,0.875,0,8
1,16,32,0.5,0.5,0,0,0
2,16,32,0.6667,0.3333,0,0,3
3,16,32,0.1429,0.8571,0,0,7
4,16,32,0,0,1,0,5
1,17,32,0.5,0.5,0,0,0
2,17,32,0.1667,0.8333,0,0,6
3,17,32,0,1,0,0,2
4,17,32,0,0,1,0,0
1,18,32,0,1,0,0,1
2,18,32,0,1,0,0,2
3,18,32,0,1,0,0,5
4,18,32,0,0.3333,0.6667,0,3
1,19,32,0.5,0.5,0,0,0
2,19,32,0.5,0.5,0,0,0
3,19,32,0,1,0,0,2
4,19,32,0,0,1,0,1
1,20,32,0.1667,0.8333,0,0,6
2,20,32,0,1,0,0,4
3,20,32,0,1,0,0,2
4,20,32,0,0,1,0,2
1,1,33,0.5,0.5,0,0,0
2,1,33,0.6429,0.3571,0,0,28
3,1,33,0.6889,0.3111,0,0,45
4,1,33,0.4545,0.3182,0.2273,0,22
1,2,33,0.5,0.5,0,0,0
2,2,33,0.7586,0.2414,0,0,29
3,2,33,0.4,0.6,0,0,25
4,2,33,0,0.375,0.5625,0.0625,16
1,3,33,0.5,0.5,0,0,0
2,3,33,0.6389,0.3611,0,0,36
3,3,33,0.4231,0.5769,0,0,26
4,3,33,0,0,1,0,1
1,4,33,0.5,0.5,0,0,0
2,4,33,0.4762,0.5238,0,0,42
3,4,33,0.0938,0.9062,0,0,32
4,4,33,0,0.2143,0.7857,0,14
1,5,33,0,1,0,0,1
2,5,33,0.5179,0.4821,0,0,56
3,5,33,0.2222,0.7778,0,0,27
4,5,33,0,0.3158,0.6842,0,19
1,6,33,0.5,0.5,0,0,0
2,6,33,0,1,0,0,1
3,6,33,0,1,0,0,1
4,6,33,0,0.1,0.8,0.1,10
1,7,33,0.5,0.5,0,0,0
2,7,33,0,1,0,0,1
3,7,33,0,1,0,0,1
4,7,33,0,0.2143,0.7857,0,14
1,8,33,0.5,0.5,0,0,0
2,8,33,0.2222,0.7778,0,0,54
3,8,33,0.16,0.84,0,0,25
4,8,33,0,0,1,0,15
1,9,33,0.5,0.5,0,0,0
2,9,33,0.2264,0.7736,0,0,53
3,9,33,0.0476,0.9524,0,0,21
4,9,33,0,0,1,0,8
1,10,33,0.8,0.2,0,0,5
2,10,33,0.3162,0.6838,0,0,117
3,10,33,0,1,0,0,1
4,10,33,0,0,1,0,1
1,11,33,0.5,0.5,0,0,0
2,11,33,0,1,0,0,14
3,11,33,0,1,0,0,12
4,11,33,0,0.4,0.6,0,5
1,12,33,0.5,0.5,0,0,0
2,12,33,0.0909,0.9091,0,0,11
3,12,33,0.1818,0.8182,0,0,11
4,12,33,0,0,1,0,3
1,13,33,0,1,0,0,1
2,13,33,0.0909,0.9091,0,0,11
3,13,33,0.25,0.75,0,0,8
4,13,33,0,0,1,0,3
1,14,33,0.5,0.5,0,0,0
2,14,33,0.125,0.875,0,0,8
3,14,33,0.3,0.7,0,0,10
4,14,33,0,0.125,0.875,0,8
1,15,33,0.3,0.7,0,0,10
2,15,33,0.1538,0.8462,0,0,13
3,15,33,0,1,0,0,5
4,15,33,0.1667,0.1667,0.6667,0,6
1,16,33,0.5,0.5,0,0,0
2,16,33,0.25,0.75,0,0,4
3,16,33,0,1,0,0,3
4,16,33,0,0,1,0,0
1,17,33,0.5,0.5,0,0,0
2,17,33,0.2,0.8,0,0,5
3,17,33,0.25,0.75,0,0,4
4,17,33,0,0,1,0,2
1,18,33,0,1,0,0,1
2,18,33,0,1,0,0,3
3,18,33,0,1,0,0,5
4,18,33,0,0,1,0,6
1,19,33,0.5,0.5,0,0,0
2,19,33,0,1,0,0,2
3,19,33,0,1,0,0,3
4,19,33,0,0,1,0,2
1,20,33,0.1111,0.8889,0,0,9
2,20,33,0,1,0,0,6
3,20,33,0,1,0,0,4
4,20,33,0,0,1,0,2
1,1,34,0.5,0.5,0,0,0
2,1,34,0.6667,0.3333,0,0,24
3,1,34,0.7593,0.2407,0,0,54
4,1,34,0.5833,0.1667,0.25,0,24
1,2,34,0.5,0.5,0,0,0
2,2,34,0.6486,0.3514,0,0,37
3,2,34,0,1,0,0,1
4,2,34,0.16,0.6,0.24,0,25
1,3,34,0.5,0.5,0,0,0
2,3,34,0.6897,0.3103,0,0,29
3,3,34,0.2941,0.7059,0,0,34
4,3,34,0.05,0.5,0.45,0,20
1,4,34,0.5,0.5,0,0,0
2,4,34,0.5676,0.4324,0,0,37
3,4,34,0.2308,0.7692,0,0,26
4,4,34,0,0.381,0.619,0,21
1,5,34,0.625,0.375,0,0,8
2,5,34,0.4898,0.5102,0,0,49
3,5,34,0,1,0,0,1
4,5,34,0,0.15,0.85,0,20
1,6,34,0.5,0.5,0,0,0
2,6,34,0.4127,0.5873,0,0,63
3,6,34,0.2093,0.7907,0,0,43
4,6,34,0,0.1111,0.8889,0,18
1,7,34,0.5,0.5,0,0,0
2,7,34,0.3333,0.6667,0,0,60
3,7,34,0,1,0,0,40
4,7,34,0,0.0909,0.9091,0,22
1,8,34,0.5,0.5,0,0,0
2,8,34,0.3617,0.6383,0,0,47
3,8,34,0.1053,0.8947,0,0,19
4,8,34,0,0.1429,0.8571,0,14
1,9,34,0.5,0.5,0,0,0
2,9,34,0.2308,0.7692,0,0,52
3,9,34,0.0476,0.9524,0,0,21
4,9,34,0,0,1,0,10
1,10,34,0.3333,0.6667,0,0,3
2,10,34,0,1,0,0,1
3,10,34,0.0556,0.9444,0,0,36
4,10,34,0,0.1538,0.8462,0,13
1,11,34,0.5,0.5,0,0,0
2,11,34,0.1667,0.8333,0,0,18
3,11,34,0.2,0.8,0,0,10
4,11,34,0,0,1,0,2
1,12,34,0.5,0.5,0,0,0
2,12,34,0.25,0.75,0,0,8
3,12,34,0.3333,0.6667,0,0,9
4,12,34,0,0,0.6,0.4,5
1,13,34,0.5,0.5,0,0,0
2,13,34,0.125,0.875,0,0,8
3,13,34,0,1,0,0,4
4,13,34,0,0,1,0,8
1,14,34,0.5,0.5,0,0,0
2,14,34,0.1,0.9,0,0,10
3,14,34,0,1,0,0,6
4,14,34,0,0,1,0,5
1,15,34,0.4444,0.5556,0,0,9
2,15,34,0,1,0,0,15
3,15,34,0,1,0,0,8
4,15,34,0,0,1,0,6
1,16,34,0.5,0.5,0,0,0
2,16,34,0.125,0.875,0,0,8
3,16,34,0,1,0,0,8
4,16,34,0,0,1,0,3
1,17,34,0.5,0.5,0,0,0
2,17,34,0.5,0.5,0,0,2
3,17,34,0,1,0,0,2
4,17,34,0,0,1,0,0
1,18,34,0.5,0.5,0,0,0
2,18,34,0,1,0,0,3
3,18,34,1,0,0,0,1
4,18,34,0,0,1,0,3
1,19,34,1,0,0,0,1
2,19,34,0,1,0,0,4
3,19,34,0,1,0,0,4
4,19,34,0,0,1,0,4
1,20,34,0.25,0.75,0,0,12
2,20,34,0.5,0.5,0,0,2
3,20,34,0,1,0,0,1
4,20,34,0,0,1,0,1
1,1,35,0.5,0.5,0,0,0
2,1,35,0.7037,0.2963,0,0,27
3,1,35,0.8571,0.1429,0,0,49
4,1,35,0.5862,0.3448,0.069,0,29
1,2,35,0.5,0.5,0,0,0
2,2,35,0.625,0.375,0,0,32
3,2,35,0.4231,0.5769,0,0,26
4,2,35,0.0833,0.6667,0.25,0,24
1,3,35,1,0,0,0,1
2,3,35,0.5588,0.4412,0,0,34
3,3,35,0.325,0.675,0,0,40
4,3,35,0,0.4091,0.5909,0,22
1,4,35,0.5,0.5,0,0,0
2,4,35,0.5682,0.4318,0,0,44
3,4,35,0.1471,0.8529,0,0,34
4,4,35,0,0.3333,0.6667,0,21
1,5,35,0.2,0.8,0,0,5
2,5,35,0.4098,0.5902,0,0,61
3,5,35,0.1389,0.8611,0,0,36
4,5,35,0,0.125,0.875,0,16
1,6,35,0.5,0.5,0,0,0
2,6,35,0.4848,0.5152,0,0,66
3,6,35,0.0588,0.9412,0,0,34
4,6,35,0,0.2609,0.7391,0,23
1,7,35,0.5,0.5,0,0,0
2,7,35,0.3448,0.6552,0,0,58
3,7,35,0,1,0,0,24
4,7,35,0,0.1429,0.8571,0,14
1,8,35,0.5,0.5,0,0,0
2,8,35,0,1,0,0,2
3,8,35,0,1,0,0,29
4,8,35,0,0.1429,0.8571,0,14
1,9,35,0.5,0.5,0,0,0
2,9,35,0.2564,0.7436,0,0,39
3,9,35,0,1,0,0,19
4,9,35,0,0.1111,0.7778,0.1111,9
1,10,35,0,1,0,0,2
2,10,35,0,1,0,0,1
3,10,35,0.0714,0.9286,0,0,42
4,10,35,0,0.1667,0.7778,0.0556,18
1,11,35,0.5,0.5,0,0,0
2,11,35,0.2353,0.7647,0,0,17
3,11,35,0,1,0,0,11
4,11,35,0,0,1,0,5
1,12,35,0.5,0.5,0,0,0
2,12,35,0.3333,0.6667,0,0,6
3,12,35,0,1,0,0,9
4,12,35,0,0.1429,0.8571,0,7
1,13,35,0,1,0,0,2
2,13,35,0.1538,0.8462,0,0,13
3,13,35,0.2222,0.7778,0,0,9
4,13,35,0,0,1,0,9
1,14,35,0.5,0.5,0,0,0
2,14,35,0,1,0,0,7
3,14,35,0,1,0,0,8
4,14,35,0,0,1,0,3
1,15,35,0.2143,0.7857,0,0,14
2,15,35,0.2667,0.7333,0,0,15
3,15,35,0.2727,0.7273,0,0,11
4,15,35,0,0,1,0,3
1,16,35,0.5,0.5,0,0,0
2,16,35,0.1429,0.8571,0,0,7
3,16,35,0,1,0,0,7
4,16,35,0,0,1,0,3
1,17,35,0,1,0,0,1
2,17,35,0,1,0,0,3
3,17,35,0,1,0,0,3
4,17,35,0,0,1,0,3
1,18,35,0.5,0.5,0,0,2
2,18,35,0.5,0.5,0,0,0
3,18,35,0,1,0,0,2
4,18,35,0,0,1,0,2
1,19,35,0,1,0,0,1
2,19,35,0,1,0,0,1
3,19,35,0.6667,0.3333,0,0,3
4,19,35,0,0,0.75,0.25,4
1,20,35,0.1333,0.8667,0,0,15
2,20,35,0.2,0.8,0,0,5
3,20,35,0,1,0,0,2
4,20,35,0,0,1,0,2
1,1,36,0.5,0.5,0,0,0
2,1,36,0.7419,0.2581,0,0,31
3,1,36,0,1,0,0,1
4,1,36,0.6486,0.2703,0.0811,0,37
1,2,36,0.5,0.5,0,0,0
2,2,36,0.7692,0.2308,0,0,26
3,2,36,0,1,0,0,1
4,2,36,0.1333,0.6,0.2667,0,15
1,3,36,0.5,0.5,0,0,0
2,3,36,0.6176,0.3824,0,0,34
3,3,36,0.3571,0.6429,0,0,42
4,3,36,0.05,0.6,0.35,0,20
1,4,36,0.5,0.5,0,0,0
2,4,36,0.5,0.5,0,0,30
3,4,36,0.087,0.913,0,0,23
4,4,36,0,0.4706,0.5294,0,17
1,5,36,0.75,0.25,0,0,4
2,5,36,0.5614,0.4386,0,0,57
3,5,36,0,1,0,0,31
4,5,36,0,0.25,0.7,0.05,20
1,6,36,0.5,0.5,0,0,0
2,6,36,0.3793,0.6207,0,0,58
3,6,36,0.0909,0.9091,0,0,33
4,6,36,0,0.4,0.6,0,20
1,7,36,0.5,0.5,0,0,0
2,7,36,0,1,0,0,1
3,7,36,0.0294,0.9706,0,0,34
4,7,36,0,0.25,0.6875,0.0625,16
1,8,36,0.5,0.5,0,0,0
2,8,36,0.3091,0.6909,0,0,55
3,8,36,0.1364,0.8636,0,0,22
4,8,36,0,0.3333,0.6667,0,9
1,9,36,0.5,0.5,0,0,0
2,9,36,0.5,0.5,0,0,2
3,9,36,0.05,0.95,0,0,20
4,9,36,0,0,0.8333,0.1667,6
1,10,36,0,1,0,0,2
2,10,36,0.2927,0.7073,0,0,123
3,10,36,0.125,0.875,0,0,32
4,10,36,0,0.1111,0.7778,0.1111,9
1,11,36,0.5,0.5,0,0,0
2,11,36,0.25,0.75,0,0,24
3,11,36,0,1,0,0,8
4,11,36,0,0,1,0,2
1,12,36,0.5,0.5,0,0,0
2,12,36,0.125,0.875,0,0,16
3,12,36,0,1,0,0,1
4,12,36,0,0.0909,0.8182,0.0909,11
1,13,36,0.5,0.5,0,0,0
2,13,36,0.0833,0.9167,0,0,12
3,13,36,0,1,0,0,1
4,13,36,0,0,1,0,1
1,14,36,0.5,0.5,0,0,0
2,14,36,0.3333,0.6667,0,0,9
3,14,36,0.25,0.75,0,0,4
4,14,36,0,0.25,0.75,0,4
1,15,36,0.25,0.75,0,0,16
2,15,36,0,1,0,0,7
3,15,36,0.25,0.75,0,0,8
4,15,36,0,0,1,0,4
1,16,36,0.5,0.5,0,0,0
2,16,36,0.1667,0.8333,0,0,6
3,16,36,0.1429,0.8571,0,0,7
4,16,36,0,0,1,0,2
1,17,36,0.5,0.5,0,0,0
2,17,36,0,1,0,0,3
3,17,36,0,1,0,0,1
4,17,36,0,0,0.5,0.5,4
1,18,36,1,0,0,0,1
2,18,36,0.3333,0.6667,0,0,3
3,18,36,0,1,0,0,7
4,18,36,0,0,0.75,0.25,4
1,19,36,0.5,0.5,0,0,0
2,19,36,0,1,0,0,3
3,19,36,0.5,0.5,0,0,2
4,19,36,0,0,1,0,2
1,20,36,0.1333,0.8667,0,0,15
2,20,36,0.2,0.8,0,0,5
3,20,36,0.3333,0.6667,0,0,3
4,20,36,0,0,1,0,2
1,1,37,0.5,0.5,0,0,0
2,1,37,0.6279,0.3721,0,0,43
3,1,37,0.7907,0.2093,0,0,43
4,1,37,0.6071,0.3571,0.0357,0,28
1,2,37,0.5,0.5,0,0,0
2,2,37,0.5,0.5,0,0,2
3,2,37,0.4865,0.5135,0,0,37
4,2,37,0,0,1,0,1
1,3,37,0.5,0.5,0,0,0
2,3,37,0.6452,0.3548,0,0,31
3,3,37,0.5,0.5,0,0,28
4,3,37,0.0625,0.5625,0.375,0,16
1,4,37,0.5,0.5,0,0,0
2,4,37,0.4348,0.5652,0,0,46
3,4,37,0.1515,0.8485,0,0,33
4,4,37,0,0.7333,0.2667,0,15
1,5,37,0.6667,0.3333,0,0,6
2,5,37,0.4565,0.5435,0,0,46
3,5,37,0.25,0.75,0,0,40
4,5,37,0,0.3125,0.6875,0,16
1,6,37,0.5,0.5,0,0,0
2,6,37,0.5,0.5,0,0,54
3,6,37,0,1,0,0,1
4,6,37,0,0.2143,0.7857,0,14
1,7,37,0.5,0.5,0,0,0
2,7,37,0.3571,0.6429,0,0,56
3,7,37,0.125,0.875,0,0,24
4,7,37,0,0.1429,0.5714,0.2857,14
1,8,37,0.5,0.5,0,0,0
2,8,37,0.3043,0.6957,0,0,46
3,8,37,0.037,0.963,0,0,27
4,8,37,0,0,0.8889,0.1111,9
1,9,37,0.5,0.5,0,0,0
2,9,37,0.2381,0.7619,0,0,42
3,9,37,0,1,0,0,15
4,9,37,0,0,0.6,0.4,10
1,10,37,0.625,0.375,0,0,8
2,10,37,1,0,0,0,2
3,10,37,0.1212,0.8788,0,0,33
4,10,37,0,0,1,0,1
1,11,37,0.5,0.5,0,0,0
2,11,37,0.2308,0.7692,0,0,26
3,11,37,0.0714,0.9286,0,0,14
4,11,37,0,0.3333,0.6667,0,6
1,12,37,0.5,0.5,0,0,0
2,12,37,0.1667,0.8333,0,0,18
3,12,37,0.1111,0.8889,0,0,9
4,12,37,0,0,0.6667,0.3333,3
1,13,37,0.5,0.5,0,0,0
2,13,37,0,1,0,0,5
3,13,37,0.125,0.875,0,0,8
4,13,37,0,0,0.5,0.5,6
1,14,37,0.5,0.5,0,0,0
2,14,37,0.25,0.75,0,0,8
3,14,37,0,1,0,0,8
4,14,37,0,0.125,0.75,0.125,8
1,15,37,0.2632,0.7368,0,0,19
2,15,37,0.1765,0.8235,0,0,17
3,15,37,0,1,0,0,10
4,15,37,0,0,1,0,1
1,16,37,0.5,0.5,0,0,0
2,16,37,0.3333,0.6667,0,0,3
3,16,37,0.5,0.5,0,0,0
4,16,37,0,0,1,0,1
1,17,37,0.5,0.5,0,0,0
2,17,37,0,1,0,0,4
3,17,37,0.3333,0.6667,0,0,3
4,17,37,0,0,0.3333,0.6667,3
1,18,37,0.5,0.5,0,0,0
2,18,37,0.2,0.8,0,0,5
3,18,37,0.2,0.8,0,0,5
4,18,37,0,0.5,0.5,0,2
1,19,37,0.5,0.5,0,0,0
2,19,37,1,0,0,0,2
3,19,37,0,1,0,0,3
4,19,37,0,0,0,1,0
1,20,37,0,1,0,0,10
2,20,37,0,1,0,0,6
3,20,37,0,1,0,0,2
4,20,37,0,0,0.6667,0.3333,3
1,1,38,0.5,0.5,0,0,0
2,1,38,0.6154,0.3846,0,0,26
3,1,38,0.7632,0.2368,0,0,38
4,1,38,0.6364,0.3636,0,0,22
1,2,38,0.5,0.5,0,0,0
2,2,38,0.6154,0.3846,0,0,26
3,2,38,0.3667,0.6333,0,0,30
4,2,38,0.3846,0.4615,0.1538,0,13
1,3,38,0.5,0.5,0,0,0
2,3,38,0.4412,0.5588,0,0,34
3,3,38,0.2903,0.7097,0,0,31
4,3,38,0.0476,0.7619,0.0952,0.0952,21
1,4,38,0.5,0.5,0,0,0
2,4,38,0.5111,0.4889,0,0,45
3,4,38,0,1,0,0,1
4,4,38,0,0.7059,0.1765,0.1176,17
1,5,38,0.4,0.6,0,0,5
2,5,38,0.3333,0.6667,0,0,45
3,5,38,0,1,0,0,1
4,5,38,0,0.6875,0.3125,0,16
1,6,38,0.5,0.5,0,0,0
2,6,38,1,0,0,0,2
3,6,38,0.1053,0.8947,0,0,38
4,6,38,0,1,0,0,1
1,7,38,0.5,0.5,0,0,0
2,7,38,0.386,0.614,0,0,57
3,7,38,0.0968,0.9032,0,0,31
4,7,38,0,0.2727,0.3636,0.3636,11
1,8,38,0.5,0.5,0,0,0
2,8,38,0,1,0,0,1
3,8,38,0.1071,0.8929,0,0,28
4,8,38,0,0.1,0.6,0.3,10
1,9,38,0.5,0.5,0,0,0
2,9,38,1,0,0,0,1
3,9,38,0.037,0.963,0,0,27
4,9,38,0,0,0.5,0.5,12
1,10,38,1,0,0,0,1
2,10,38,0.3125,0.6875,0,0,128
3,10,38,0.0667,0.9333,0,0,30
4,10,38,0,0.1667,0.5,0.3333,6
1,11,38,0.5,0.5,0,0,0
2,11,38,0.1818,0.8182,0,0,11
3,11,38,0,1,0,0,1
4,11,38,0,0,0,1,2
1,12,38,0.5,0.5,0,0,0
2,12,38,0,1,0,0,11
3,12,38,0,1,0,0,10
4,12,38,0,0,1,0,3
1,13,38,0.5,0.5,0,0,0
2,13,38,0.3333,0.6667,0,0,6
3,13,38,0,1,0,0,6
4,13,38,0,0.4,0.4,0.2,5
1,14,38,0.5,0.5,0,0,0
2,14,38,0,1,0,0,12
3,14,38,0,1,0,0,9
4,14,38,0,0.25,0.75,0,4
1,15,38,0.2143,0.7857,0,0,14
2,15,38,0.25,0.75,0,0,8
3,15,38,0,1,0,0,5
4,15,38,0,0.25,0.5,0.25,4
1,16,38,0.5,0.5,0,0,0
2,16,38,0.3333,0.6667,0,0,3
3,16,38,0.5,0.5,0,0,2
4,16,38,0,0,0.6667,0.3333,3
1,17,38,0,1,0,0,2
2,17,38,1,0,0,0,1
3,17,38,1,0,0,0,1
4,17,38,0,0.25,0.25,0.5,4
1,18,38,0.5,0.5,0,0,2
2,18,38,0.2857,0.7143,0,0,7
3,18,38,0,1,0,0,2
4,18,38,0,0,0.5,0.5,2
1,19,38,0.5,0.5,0,0,0
2,19,38,0,1,0,0,2
3,19,38,0.25,0.75,0,0,4
4,19,38,0,0,0.5,0.5,4
1,20,38,0.3333,0.6667,0,0,15
2,20,38,0.1667,0.8333,0,0,6
3,20,38,0,1,0,0,2
4,20,38,0,0,1,0,1
1,1,39,0.5,0.5,0,0,0
2,1,39,0.6571,0.3429,0,0,35
3,1,39,0.875,0.125,0,0,40
4,1,39,0.7742,0.129,0.0645,0.0323,31
1,2,39,0.5,0.5,0,0,0
2,2,39,0.6129,0.3871,0,0,31
3,2,39,0,1,0,0,1
4,2,39,0.1667,0.6667,0.0833,0.0833,12
1,3,39,0.5,0.5,0,0,0
2,3,39,0,1,0,0,1
3,3,39,0.2353,0.7647,0,0,17
4,3,39,0,0,1,0,1
1,4,39,0.5,0.5,0,0,0
2,4,39,0.5,0.5,0,0,48
3,4,39,0,1,0,0,1
4,4,39,0,0.6471,0.0588,0.2941,17
1,5,39,0.6667,0.3333,0,0,3
2,5,39,1,0,0,0,1
3,5,39,0.25,0.75,0,0,32
4,5,39,0,0.6,0.1,0.3,10
1,6,39,0.5,0.5,0,0,0
2,6,39,0.4848,0.5152,0,0,66
3,6,39,0.16,0.84,0,0,25
4,6,39,0,0.4444,0.2222,0.3333,9
1,7,39,0.5,0.5,0,0,0
2,7,39,1,0,0,0,1
3,7,39,0.1538,0.8462,0,0,26
4,7,39,0,0.25,0.3333,0.4167,12
1,8,39,0.5,0.5,0,0,0
2,8,39,0.22,0.78,0,0,50
3,8,39,0.0357,0.9643,0,0,28
4,8,39,0,0,0.2222,0.7778,9
1,9,39,0.5,0.5,0,0,0
2,9,39,0,1,0,0,1
3,9,39,0,1,0,0,2
4,9,39,0,0,1,0,1
1,10,39,0.5,0.5,0,0,8
2,10,39,0.5,0.5,0,0,2
3,10,39,0,1,0,0,1
4,10,39,0,0.0909,0.1818,0.7273,11
1,11,39,0.5,0.5,0,0,0
2,11,39,0.2667,0.7333,0,0,15
3,11,39,0,1,0,0,13
4,11,39,0,0.2,0.2,0.6,5
1,12,39,0.5,0.5,0,0,0
2,12,39,0.25,0.75,0,0,8
3,12,39,0,1,0,0,5
4,12,39,0,0,0,1,6
1,13,39,0.5,0.5,0,0,0
2,13,39,0.1667,0.8333,0,0,6
3,13,39,0,1,0,0,9
4,13,39,0,0,0.3333,0.6667,6
1,14,39,0.5,0.5,0,0,0
2,14,39,0.1111,0.8889,0,0,9
3,14,39,0,1,0,0,8
4,14,39,0,0,0,1,3
1,15,39,0.2222,0.7778,0,0,18
2,15,39,1,0,0,0,1
3,15,39,0,1,0,0,10
4,15,39,0,0,0.4,0.6,5
1,16,39,0,1,0,0,1
2,16,39,0,1,0,0,1
3,16,39,0,1,0,0,1
4,16,39,0,0,1,0,1
1,17,39,0.5,0.5,0,0,0
2,17,39,0.4,0.6,0,0,5
3,17,39,0,1,0,0,4
4,17,39,0,0,0.3333,0.6667,3
1,18,39,0,1,0,0,2
2,18,39,0,1,0,0,2
3,18,39,0,1,0,0,5
4,18,39,0,0,0,1,5
1,19,39,0,1,0,0,2
2,19,39,0,1,0,0,4
3,19,39,0,1,0,0,2
4,19,39,0,0,0,1,3
1,20,39,0.3333,0.6667,0,0,12
2,20,39,0,1,0,0,9
3,20,39,0.25,0.75,0,0,4
4,20,39,0,0,0,1,0
1,1,40,0.5,0.5,0,0,0
2,1,40,0.6216,0.3784,0,0,37
3,1,40,0.6667,0.3333,0,0,51
4,1,40,0.6774,0.2903,0.0323,0,31
1,2,40,0.5,0.5,0,0,0
2,2,40,0.6,0.4,0,0,40
3,2,40,0.4583,0.5417,0,0,48
4,2,40,0,0.8824,0,0.1176,17
1,3,40,0.5,0.5,0,0,0
2,3,40,0.6154,0.3846,0,0,39
3,3,40,0.2414,0.7586,0,0,29
4,3,40,0,0.5625,0.1875,0.25,16
1,4,40,0,1,0,0,1
2,4,40,0,1,0,0,1
3,4,40,0,1,0,0,1
4,4,40,0,0.5,0.0833,0.4167,12
1,5,40,0.6,0.4,0,0,5
2,5,40,1,0,0,0,1
3,5,40,0,1,0,0,1
4,5,40,0,0.4231,0.0769,0.5,26
1,6,40,0.5,0.5,0,0,0
2,6,40,0.4154,0.5846,0,0,65
3,6,40,0.1875,0.8125,0,0,32
4,6,40,0,0.5556,0,0.4444,9
1,7,40,0.5,0.5,0,0,0
2,7,40,0.2899,0.7101,0,0,69
3,7,40,0.1163,0.8837,0,0,43
4,7,40,0,0.087,0.087,0.8261,23
1,8,40,0.5,0.5,0,0,0
2,8,40,0,1,0,0,1
3,8,40,0.0667,0.9333,0,0,30
4,8,40,0,0.25,0,0.75,12
1,9,40,0.5,0.5,0,0,0
2,9,40,1,0,0,0,1
3,9,40,0.0909,0.9091,0,0,22
4,9,40,0.1111,0,0,0.8889,9
1,10,40,0.5714,0.4286,0,0,7
2,10,40,0,1,0,0,1
3,10,40,0,1,0,0,1
4,10,40,0,0.0526,0.2105,0.7368,19
1,11,40,0.5,0.5,0,0,0
2,11,40,0.0333,0.9667,0,0,30
3,11,40,0.0588,0.9412,0,0,17
4,11,40,0,0.125,0.25,0.625,8
1,12,40,0,1,0,0,1
2,12,40,0.0526,0.9474,0,0,19
3,12,40,0,1,0,0,11
4,12,40,0,0.125,0.125,0.75,8
1,13,40,0.5,0.5,0,0,0
2,13,40,0.0588,0.9412,0,0,17
3,13,40,0,1,0,0,10
4,13,40,0,0.1667,0,0.8333,6
1,14,40,1,0,0,0,1
2,14,40,0,1,0,0,7
3,14,40,0.2,0.8,0,0,5
4,14,40,0,0,0.3333,0.6667,6
1,15,40,0.2105,0.7895,0,0,19
2,15,40,0.2727,0.7273,0,0,11
3,15,40,0,1,0,0,8
4,15,40,0,0,0.3333,0.6667,6
1,16,40,1,0,0,0,1
2,16,40,0.1429,0.8571,0,0,7
3,16,40,0,1,0,0,7
4,16,40,0,0,0,1,5
1,17,40,0.5,0.5,0,0,0
2,17,40,0,1,0,0,3
3,17,40,0,1,0,0,3
4,17,40,0,0,0,1,4
1,18,40,0.5,0.5,0,0,0
2,18,40,0.3333,0.6667,0,0,6
3,18,40,0,1,0,0,2
4,18,40,0,0,0,1,4
1,19,40,0.5,0.5,0,0,0
2,19,40,0.2857,0.7143,0,0,7
3,19,40,0.1667,0.8333,0,0,6
4,19,40,0,0,0,1,1
1,20,40,0.2222,0.7778,0,0,9
2,20,40,0,1,0,0,7
3,20,40,0,1,0,0,4
4,20,40,0,0,0.3333,0.6667,3
1,1,41,0.5,0.5,0,0,0
2,1,41,0.7045,0.2955,0,0,44
3,1,41,0,1,0,0,1
4,1,41,0.8125,0.125,0.0312,0.0312,32
1,2,41,0.5,0.5,0,0,0
2,2,41,0.5676,0.4324,0,0,37
3,2,41,0.5217,0.4783,0,0,46
4,2,41,0.3077,0.6923,0,0,13
1,3,41,0.5,0.5,0,0,0
2,3,41,0.6364,0.3636,0,0,33
3,3,41,0.2632,0.7368,0,0,38
4,3,41,0,0.7778,0,0.2222,18
1,4,41,0.5,0.5,0,0,0
2,4,41,1,0,0,0,1
3,4,41,0.1111,0.8889,0,0,18
4,4,41,0,0.5,0.1,0.4,10
1,5,41,0.4444,0.5556,0,0,9
2,5,41,0,1,0,0,1
3,5,41,0,1,0,0,2
4,5,41,0,0.5,0,0.5,2
1,6,41,0.5,0.5,0,0,0
2,6,41,0.5088,0.4912,0,0,57
3,6,41,0.1333,0.8667,0,0,30
4,6,41,0,0.25,0,0.75,8
1,7,41,0.5,0.5,0,0,0
2,7,41,0.4265,0.5735,0,0,68
3,7,41,0,1,0,0,1
4,7,41,0,0.3,0.1,0.6,10
1,8,41,0.5,0.5,0,0,0
2,8,41,0.371,0.629,0,0,62
3,8,41,0.075,0.925,0,0,40
4,8,41,0,0.1111,0.1111,0.7778,9
1,9,41,0.5,0.5,0,0,0
2,9,41,0.2143,0.7857,0,0,28
3,9,41,0.0833,0.9167,0,0,24
4,9,41,0,0,0,1,7
1,10,41,0.5,0.5,0,0,2
2,10,41,1,0,0,0,1
3,10,41,0.0294,0.9706,0,0,34
4,10,41,0,0.1875,0.0625,0.75,16
1,11,41,0.5,0.5,0,0,0
2,11,41,0.1034,0.8966,0,0,29
3,11,41,0.0952,0.9048,0,0,21
4,11,41,0,0,0,1,1
1,12,41,0.5,0.5,0,0,0
2,12,41,0,1,0,0,1
3,12,41,0,1,0,0,9
4,12,41,0,0.2,0.1,0.7,10
1,13,41,0.5,0.5,0,0,0
2,13,41,0.1,0.9,0,0,10
3,13,41,0,1,0,0,8
4,13,41,0,0,0,1,3
1,14,41,0.5,0.5,0,0,0
2,14,41,0.1818,0.8182,0,0,11
3,14,41,0,1,0,0,7
4,14,41,0,0.1429,0.1429,0.7143,7
1,15,41,0.15,0.85,0,0,20
2,15,41,0.0526,0.9474,0,0,19
3,15,41,0,1,0,0,6
4,15,41,0,0,0,1,2
1,16,41,0.5,0.5,0,0,0
2,16,41,0.1429,0.8571,0,0,7
3,16,41,0,1,0,0,2
4,16,41,0,0,0,1,2
1,17,41,0,1,0,0,1
2,17,41,0,1,0,0,3
3,17,41,0,1,0,0,3
4,17,41,0,0,0.1429,0.8571,7
1,18,41,0,1,0,0,2
2,18,41,0,1,0,0,1
3,18,41,0.5,0.5,0,0,0
4,18,41,0,0,0,1,6
1,19,41,0.5,0.5,0,0,0
2,19,41,0,1,0,0,4
3,19,41,0,1,0,0,4
4,19,41,0,0,0,1,2
1,20,41,0.2143,0.7857,0,0,14
2,20,41,0.1,0.9,0,0,10
3,20,41,0.1667,0.8333,0,0,6
4,20,41,0,0,0.2,0.8,5
1,1,42,0.5,0.5,0,0,0
2,1,42,0.8421,0.1579,0,0,38
3,1,42,0.6667,0.3333,0,0,3
4,1,42,1,0,0,0,1
1,2,42,0.5,0.5,0,0,0
2,2,42,0.7879,0.2121,0,0,33
3,2,42,0.3784,0.6216,0,0,37
4,2,42,1,0,0,0,1
1,3,42,0.5,0.5,0,0,0
2,3,42,0.6939,0.3061,0,0,49
3,3,42,0.3846,0.6154,0,0,39
4,3,42,0.1,0.5,0.1,0.3,10
1,4,42,0.5,0.5,0,0,0
2,4,42,0.4615,0.5385,0,0,39
3,4,42,0.1579,0.8421,0,0,38
4,4,42,0,0.4375,0.0625,0.5,16
1,5,42,0.25,0.75,0,0,4
2,5,42,1,0,0,0,1
3,5,42,0.2,0.8,0,0,25
4,5,42,0,0.1667,0,0.8333,6
1,6,42,0.5,0.5,0,0,0
2,6,42,1,0,0,0,1
3,6,42,0.1429,0.8571,0,0,28
4,6,42,0,0.1333,0,0.8667,15
1,7,42,0.5,0.5,0,0,0
2,7,42,0.4576,0.5424,0,0,59
3,7,42,0.1212,0.8788,0,0,33
4,7,42,0,0.3333,0,0.6667,18
1,8,42,0.5,0.5,0,0,0
2,8,42,0.3529,0.6471,0,0,51
3,8,42,0.0294,0.9706,0,0,34
4,8,42,0,0.2,0,0.8,20
1,9,42,0.5,0.5,0,0,0
2,9,42,0.2391,0.7609,0,0,46
3,9,42,0,1,0,0,21
4,9,42,0,0,0,1,12
1,10,42,0.6667,0.3333,0,0,6
2,10,42,0,1,0,0,1
3,10,42,0.0435,0.9565,0,0,23
4,10,42,0,0.2727,0.0909,0.6364,11
1,11,42,0.5,0.5,0,0,0
2,11,42,0.4286,0.5714,0,0,21
3,11,42,0,1,0,0,14
4,11,42,0,0.0714,0.1429,0.7857,14
1,12,42,0.5,0.5,0,0,0
2,12,42,0.25,0.75,0,0,20
3,12,42,0.2222,0.7778,0,0,9
4,12,42,0,0.1111,0,0.8889,9
1,13,42,1,0,0,0,1
2,13,42,0.25,0.75,0,0,8
3,13,42,0.125,0.875,0,0,8
4,13,42,0,0,0,1,9
1,14,42,0.5,0.5,0,0,0
2,14,42,0,1,0,0,10
3,14,42,0,1,0,0,10
4,14,42,0,0.1667,0,0.8333,6
1,15,42,0.4,0.6,0,0,10
2,15,42,0.1111,0.8889,0,0,9
3,15,42,0,1,0,0,1
4,15,42,0,0,0,1,2
1,16,42,0,1,0,0,1
2,16,42,0.1429,0.8571,0,0,7
3,16,42,0,1,0,0,3
4,16,42,0,0,0,1,6
1,17,42,0,1,0,0,1
2,17,42,0,1,0,0,4
3,17,42,0.3333,0.6667,0,0,3
4,17,42,0,0,0,1,4
1,18,42,0,1,0,0,2
2,18,42,0.3333,0.6667,0,0,9
3,18,42,0,1,0,0,9
4,18,42,0,0,0,1,6
1,19,42,0,1,0,0,1
2,19,42,0,1,0,0,3
3,19,42,0,1,0,0,2
4,19,42,0,0,0.5,0.5,2
1,20,42,0.1579,0.8421,0,0,19
2,20,42,0,1,0,0,7
3,20,42,0,1,0,0,5
4,20,42,0,0.25,0.25,0.5,4
1,1,43,0.5,0.5,0,0,0
2,1,43,0.6774,0.3226,0,0,31
3,1,43,0.6792,0.3208,0,0,53
4,1,43,0.7,0.2,0,0.1,20
1,2,43,0.5,0.5,0,0,0
2,2,43,1,0,0,0,1
3,2,43,0.3333,0.6667,0,0,36
4,2,43,0.0625,0.625,0,0.3125,16
1,3,43,0.5,0.5,0,0,0
2,3,43,0,1,0,0,1
3,3,43,0,1,0,0,1
4,3,43,0.0667,0.4,0,0.5333,15
1,4,43,0.5,0.5,0,0,0
2,4,43,0.5098,0.4902,0,0,51
3,4,43,0.2045,0.7955,0,0,44
4,4,43,0,0.4,0,0.6,20
1,5,43,0.5714,0.4286,0,0,7
2,5,43,0.5614,0.4386,0,0,57
3,5,43,0.1176,0.8824,0,0,34
4,5,43,0,0.5,0,0.5,16
1,6,43,0.5,0.5,0,0,0
2,6,43,0,1,0,0,1
3,6,43,0.0714,0.9286,0,0,28
4,6,43,0,0,0,1,1
1,7,43,0.5,0.5,0,0,0
2,7,43,0.5,0.5,0,0,2
3,7,43,0.1,0.9,0,0,20
4,7,43,0,0,0,1,10
1,8,43,0.5,0.5,0,0,0
2,8,43,0.3333,0.6667,0,0,54
3,8,43,0.1,0.9,0,0,20
4,8,43,0,0.2222,0,0.7778,9
1,9,43,0.5,0.5,0,0,0
2,9,43,0.5,0.5,0,0,2
3,9,43,0,1,0,0,18
4,9,43,0,0.1111,0,0.8889,9
1,10,43,0,1,0,0,1
2,10,43,0.3885,0.6115,0,0,157
3,10,43,0.0278,0.9722,0,0,36
4,10,43,0,0,0.0769,0.9231,13
1,11,43,0.5,0.5,0,0,0
2,11,43,0.2353,0.7647,0,0,17
3,11,43,0,1,0,0,1
4,11,43,0,0,0,1,10
1,12,43,0.5,0.5,0,0,0
2,12,43,0.0556,0.9444,0,0,18
3,12,43,0,1,0,0,14
4,12,43,0,0,0,1,8
1,13,43,0.5,0.5,0,0,0
2,13,43,0.3,0.7,0,0,10
3,13,43,0,1,0,0,5
4,13,43,0,0,0.2,0.8,5
1,14,43,1,0,0,0,1
2,14,43,0.25,0.75,0,0,16
3,14,43,0,1,0,0,1
4,14,43,0,0,0,1,1
1,15,43,0.1667,0.8333,0,0,12
2,15,43,0,1,0,0,10
3,15,43,0,1,0,0,7
4,15,43,0,0.3333,0,0.6667,3
1,16,43,0.5,0.5,0,0,0
2,16,43,0,1,0,0,1
3,16,43,0,1,0,0,4
4,16,43,0,0.3333,0,0.6667,3
1,17,43,1,0,0,0,1
2,17,43,0,1,0,0,2
3,17,43,0.125,0.875,0,0,8
4,17,43,0,0.5,0,0.5,2
1,18,43,0,1,0,0,1
2,18,43,0,1,0,0,2
3,18,43,0,1,0,0,7
4,18,43,0,0.1667,0,0.8333,6
1,19,43,0.25,0.75,0,0,4
2,19,43,0,1,0,0,3
3,19,43,0,1,0,0,2
4,19,43,0,0,0,1,2
1,20,43,0.0714,0.9286,0,0,14
2,20,43,0,1,0,0,4
3,20,43,0,1,0,0,2
4,20,43,0,0,0,1,2
1,1,44,0.5,0.5,0,0,0
2,1,44,0.8462,0.1538,0,0,39
3,1,44,0.7857,0.2143,0,0,56
4,1,44,0.5862,0.3448,0,0.069,29
1,2,44,0.5,0.5,0,0,0
2,2,44,0.5484,0.4516,0,0,31
3,2,44,0.4545,0.5455,0,0,33
4,2,44,0.2,0.6,0,0.2,20
1,3,44,0.5,0.5,0,0,0
2,3,44,1,0,0,0,1
3,3,44,0.2917,0.7083,0,0,24
4,3,44,0,0.7059,0,0.2941,17
1,4,44,0.5,0.5,0,0,0
2,4,44,0.6111,0.3889,0,0,54
3,4,44,0,1,0,0,1
4,4,44,0,0.3684,0.0526,0.5789,19
1,5,44,0.4286,0.5714,0,0,14
2,5,44,0.4754,0.5246,0,0,61
3,5,44,0.0789,0.9211,0,0,38
4,5,44,0.04,0.24,0,0.72,25
1,6,44,0.5,0.5,0,0,0
2,6,44,0.3939,0.6061,0,0,66
3,6,44,0.0263,0.9737,0,0,38
4,6,44,0,0.1875,0,0.8125,16
1,7,44,0.5,0.5,0,0,0
2,7,44,0.3103,0.6897,0,0,58
3,7,44,0,1,0,0,1
4,7,44,0,0,0,1,17
1,8,44,0.5,0.5,0,0,0
2,8,44,0.3148,0.6852,0,0,54
3,8,44,0.037,0.963,0,0,27
4,8,44,0,0.1818,0,0.8182,11
1,9,44,0.5,0.5,0,0,0
2,9,44,0,1,0,0,1
3,9,44,0,1,0,0,20
4,9,44,0,0.0556,0,0.9444,18
1,10,44,0.8,0.2,0,0,5
2,10,44,0,1,0,0,1
3,10,44,0,1,0,0,1
4,10,44,0,1,0,0,1
1,11,44,0.5,0.5,0,0,0
2,11,44,0.1304,0.8696,0,0,23
3,11,44,0,1,0,0,10
4,11,44,0,0.1111,0,0.8889,9
1,12,44,0.5,0.5,0,0,0
2,12,44,0.0909,0.9091,0,0,11
3,12,44,0,1,0,0,1
4,12,44,0,0.125,0,0.875,8
1,13,44,0.5,0.5,0,0,0
2,13,44,0.2857,0.7143,0,0,7
3,13,44,0,1,0,0,7
4,13,44,0,0,0,1,3
1,14,44,0.5,0.5,0,0,0
2,14,44,0.2857,0.7143,0,0,7
3,14,44,0,1,0,0,6
4,14,44,0,0,0,1,5
1,15,44,0.4,0.6,0,0,10
2,15,44,0.1176,0.8824,0,0,17
3,15,44,0.0769,0.9231,0,0,13
4,15,44,0,0,0,1,7
1,16,44,0.5,0.5,0,0,0
2,16,44,0,1,0,0,6
3,16,44,0,1,0,0,7
4,16,44,0,0,0,1,5
1,17,44,0.5,0.5,0,0,0
2,17,44,0.2,0.8,0,0,5
3,17,44,0,1,0,0,3
4,17,44,0,0,0,1,4
1,18,44,0.5,0.5,0,0,0
2,18,44,0,1,0,0,4
3,18,44,0,1,0,0,2
4,18,44,0,0,0,1,4
1,19,44,0.5,0.5,0,0,0
2,19,44,0,1,0,0,5
3,19,44,0.2,0.8,0,0,5
4,19,44,0,0,0,1,2
1,20,44,0.0714,0.9286,0,0,14
2,20,44,0.5,0.5,0,0,10
3,20,44,0,1,0,0,1
4,20,44,0,0,0,1,3
1,1,45,1,0,0,0,1
2,1,45,0.5,0.5,0,0,2
3,1,45,0.7222,0.2778,0,0,54
4,1,45,0.7667,0.2,0,0.0333,30
1,2,45,0.5,0.5,0,0,0
2,2,45,0.6829,0.3171,0,0,41
3,2,45,0.4565,0.5435,0,0,46
4,2,45,0,0.75,0,0.25,16
1,3,45,0.5,0.5,0,0,0
2,3,45,0.7188,0.2812,0,0,32
3,3,45,0.1935,0.8065,0,0,31
4,3,45,0.0435,0.3478,0,0.6087,23
1,4,45,0.5,0.5,0,0,0
2,4,45,0.5593,0.4407,0,0,59
3,4,45,0.1034,0.8966,0,0,29
4,4,45,0,0.4118,0,0.5882,17
1,5,45,0.6154,0.3846,0,0,13
2,5,45,0.4179,0.5821,0,0,67
3,5,45,0.0541,0.9459,0,0,37
4,5,45,0,0.3529,0,0.6471,17
1,6,45,0.5,0.5,0,0,0
2,6,45,0.4921,0.5079,0,0,63
3,6,45,0.1224,0.8776,0,0,49
4,6,45,0,0.25,0,0.75,16
1,7,45,0.5,0.5,0,0,0
2,7,45,0,1,0,0,1
3,7,45,0,1,0,0,1
4,7,45,0,0.1333,0,0.8667,15
1,8,45,0.5,0.5,0,0,0
2,8,45,0.3091,0.6909,0,0,55
3,8,45,0.0303,0.9697,0,0,33
4,8,45,0,0.0667,0,0.9333,15
1,9,45,0.5,0.5,0,0,0
2,9,45,0.2292,0.7708,0,0,48
3,9,45,0,1,0,0,1
4,9,45,0,0.2143,0,0.7857,14
1,10,45,0.25,0.75,0,0,8
2,10,45,0,1,0,0,3
3,10,45,0,1,0,0,3
4,10,45,0,0,0,1,1
1,11,45,0.5,0.5,0,0,0
2,11,45,0.2778,0.7222,0,0,18
3,11,45,0,1,0,0,10
4,11,45,0,0.1,0,0.9,10
1,12,45,0.5,0.5,0,0,0
2,12,45,0.25,0.75,0,0,16
3,12,45,0,1,0,0,9
4,12,45,0,0,0,1,5
1,13,45,0.5,0.5,0,0,0
2,13,45,0.2,0.8,0,0,15
3,13,45,0,1,0,0,11
4,13,45,0,0,0,1,4
1,14,45,0.5,0.5,0,0,0
2,14,45,0,1,0,0,9
3,14,45,0,1,0,0,4
4,14,45,0,0,0,1,7
1,15,45,0.3571,0.6429,0,0,14
2,15,45,0,1,0,0,1
3,15,45,0,1,0,0,8
4,15,45,0,0,0,1,2
1,16,45,0.5,0.5,0,0,0
2,16,45,0.1667,0.8333,0,0,12
3,16,45,0,1,0,0,4
4,16,45,0,0,0.2,0.8,5
1,17,45,0.5,0.5,0,0,0
2,17,45,0,1,0,0,8
3,17,45,0.2,0.8,0,0,5
4,17,45,0,0,0,1,7
1,18,45,0,1,0,0,2
2,18,45,0,1,0,0,2
3,18,45,0,1,0,0,5
4,18,45,0,0.3333,0,0.6667,3
1,19,45,0.5,0.5,0,0,0
2,19,45,0,1,0,0,1
3,19,45,0,1,0,0,2
4,19,45,0,0,0,1,3
1,20,45,0.3333,0.6667,0,0,15
2,20,45,0,1,0,0,6
3,20,45,0,1,0,0,3
4,20,45,0,0,0,1,2
1,1,46,0.5,0.5,0,0,0
2,1,46,0.7436,0.2564,0,0,39
3,1,46,0.8627,0.1373,0,0,51
4,1,46,0.5833,0.25,0,0.1667,24
1,2,46,0.5,0.5,0,0,0
2,2,46,0.6429,0.3571,0,0,28
3,2,46,0.55,0.45,0,0,40
4,2,46,0.125,0.5625,0,0.3125,16
1,3,46,0.5,0.5,0,0,0
2,3,46,0.6579,0.3421,0,0,38
3,3,46,0,1,0,0,1
4,3,46,0,0.6429,0,0.3571,14
1,4,46,0.5,0.5,0,0,0
2,4,46,0.4286,0.5714,0,0,42
3,4,46,0.12,0.88,0,0,25
4,4,46,0,0.2727,0,0.7273,11
1,5,46,0.5,0.5,0,0,6
2,5,46,0.42,0.58,0,0,50
3,5,46,0.0606,0.9394,0,0,33
4,5,46,0,0.0833,0,0.9167,12
1,6,46,0.5,0.5,0,0,0
2,6,46,0,1,0,0,1
3,6,46,0.0312,0.9688,0,0,32
4,6,46,0,0.0625,0,0.9375,16
1,7,46,0.5,0.5,0,0,0
2,7,46,0,1,0,0,1
3,7,46,0.1364,0.8636,0,0,22
4,7,46,0,0,0,1,14
1,8,46,0.5,0.5,0,0,0
2,8,46,0,1,0,0,1
3,8,46,0.0455,0.9545,0,0,22
4,8,46,0,0,0,1,1
1,9,46,0.5,0.5,0,0,0
2,9,46,0.2188,0.7812,0,0,32
3,9,46,0.0476,0.9524,0,0,21
4,9,46,0,0,0,1,11
1,10,46,0.3333,0.6667,0,0,6
2,10,46,0.3354,0.6646,0,0,158
3,10,46,0,1,0,0,34
4,10,46,0,0.1429,0,0.8571,14
1,11,46,0.5,0.5,0,0,0
2,11,46,0.2353,0.7647,0,0,17
3,11,46,0.1,0.9,0,0,10
4,11,46,0,0,0,1,6
1,12,46,1,0,0,0,1
2,12,46,0,1,0,0,1
3,12,46,0,1,0,0,1
4,12,46,0,0,0.1111,0.8889,9
1,13,46,0.5,0.5,0,0,0
2,13,46,0.0833,0.9167,0,0,12
3,13,46,0,1,0,0,2
4,13,46,0,0.5,0,0.5,2
1,14,46,0.5,0.5,0,0,0
2,14,46,0.3333,0.6667,0,0,6
3,14,46,0,1,0,0,3
4,14,46,0,0.25,0,0.75,4
1,15,46,0.2143,0.7857,0,0,14
2,15,46,0.2727,0.7273,0,0,11
3,15,46,0,1,0,0,3
4,15,46,0,0,0,1,9
1,16,46,0.5,0.5,0,0,0
2,16,46,0,1,0,0,6
3,16,46,0,1,0,0,6
4,16,46,0,0,0,1,5
1,17,46,1,0,0,0,1
2,17,46,0,1,0,0,2
3,17,46,0,1,0,0,3
4,17,46,0,0,0,1,1
1,18,46,0,1,0,0,1
2,18,46,0.5,0.5,0,0,2
3,18,46,0,1,0,0,3
4,18,46,0,0,0,1,3
1,19,46,0.5,0.5,0,0,0
2,19,46,0,1,0,0,4
3,19,46,0,1,0,0,1
4,19,46,0,0,0,1,1
1,20,46,0.3333,0.6667,0,0,12
2,20,46,0,1,0,0,8
3,20,46,0,1,0,0,5
4,20,46,0,0,0.3333,0.6667,3
1,1,47,0.5,0.5,0,0,0
2,1,47,0.7037,0.2963,0,0,27
3,1,47,0.5,0.5,0,0,2
4,1,47,0.7368,0.1579,0,0.1053,19
1,2,47,0.5,0.5,0,0,0
2,2,47,0.6486,0.3514,0,0,37
3,2,47,0.375,0.625,0,0,40
4,2,47,0.1053,0.3684,0,0.5263,19
1,3,47,0.5,0.5,0,0,0
2,3,47,0.6327,0.3673,0,0,49
3,3,47,0.1842,0.8158,0,0,38
4,3,47,0,0.3636,0,0.6364,11
1,4,47,0.5,0.5,0,0,0
2,4,47,0.5,0.5,0,0,2
3,4,47,0.0476,0.9524,0,0,42
4,4,47,0,0.1875,0,0.8125,16
1,5,47,0.1818,0.8182,0,0,11
2,5,47,0.4821,0.5179,0,0,56
3,5,47,0.1053,0.8947,0,0,38
4,5,47,0,0.2222,0,0.7778,18
1,6,47,0.5,0.5,0,0,0
2,6,47,0,1,0,0,1
3,6,47,0.0286,0.9714,0,0,35
4,6,47,0,0.0769,0,0.9231,13
1,7,47,0.5,0.5,0,0,0
2,7,47,1,0,0,0,1
3,7,47,0.0526,0.9474,0,0,38
4,7,47,0,0,0,1,11
1,8,47,0.5,0.5,0,0,0
2,8,47,0.3333,0.6667,0,0,48
3,8,47,0.0476,0.9524,0,0,21
4,8,47,0,0.0769,0,0.9231,13
1,9,47,0.5,0.5,0,0,0
2,9,47,0,1,0,0,2
3,9,47,0,1,0,0,1
4,9,47,0,0,0,1,1
1,10,47,0.4,0.6,0,0,5
2,10,47,1,0,0,0,1
3,10,47,0,1,0,0,26
4,10,47,0,0.0625,0.0625,0.875,16
1,11,47,0.5,0.5,0,0,0
2,11,47,0.25,0.75,0,0,20
3,11,47,0,1,0,0,1
4,11,47,0,0,0,1,4
1,12,47,0.5,0.5,0,0,0
2,12,47,0.1905,0.8095,0,0,21
3,12,47,0.0714,0.9286,0,0,14
4,12,47,0,0.0714,0,0.9286,14
1,13,47,0.5,0.5,0,0,0
2,13,47,0.1,0.9,0,0,10
3,13,47,0.0833,0.9167,0,0,12
4,13,47,0,0,0,1,1
1,14,47,0.5,0.5,0,0,0
2,14,47,0.1,0.9,0,0,10
3,14,47,0,1,0,0,7
4,14,47,0,0.2,0,0.8,5
1,15,47,0.4118,0.5882,0,0,17
2,15,47,0.2143,0.7857,0,0,14
3,15,47,0,1,0,0,6
4,15,47,0,0,0,1,5
1,16,47,0.5,0.5,0,0,0
2,16,47,0,1,0,0,4
3,16,47,0,1,0,0,4
4,16,47,0,0,0,1,5
1,17,47,0.5,0.5,0,0,0
2,17,47,0,1,0,0,1
3,17,47,0,1,0,0,1
4,17,47,0,0,0,1,6
1,18,47,0.5,0.5,0,0,0
2,18,47,0,1,0,0,2
3,18,47,0,1,0,0,5
4,18,47,0,0,0,1,1
1,19,47,1,0,0,0,1
2,19,47,1,0,0,0,1
3,19,47,0,1,0,0,1
4,19,47,0,0,0,1,0
1,20,47,0,1,0,0,8
2,20,47,0,1,0,0,1
3,20,47,0.5,0.5,0,0,2
4,20,47,0,0,0,1,2
1,1,48,0.5,0.5,0,0,0
2,1,48,0.6364,0.3636,0,0,44
3,1,48,1,0,0,0,1
4,1,48,0.65,0.3,0,0.05,20
1,2,48,0.5,0.5,0,0,0
2,2,48,0.5862,0.4138,0,0,29
3,2,48,0.4054,0.5946,0,0,37
4,2,48,0.0833,0.25,0,0.6667,12
1,3,48,0.5,0.5,0,0,0
2,3,48,0.7105,0.2895,0,0,38
3,3,48,0.1316,0.8684,0,0,38
4,3,48,0,0.1579,0,0.8421,19
1,4,48,0.5,0.5,0,0,0
2,4,48,0.5429,0.4571,0,0,35
3,4,48,0.0435,0.9565,0,0,46
4,4,48,0,0.2857,0,0.7143,14
1,5,48,0.7143,0.2857,0,0,7
2,5,48,0.4681,0.5319,0,0,47
3,5,48,0.0303,0.9697,0,0,33
4,5,48,0,0.1429,0,0.8571,14
1,6,48,0.5,0.5,0,0,0
2,6,48,0.4247,0.5753,0,0,73
3,6,48,0.1081,0.8919,0,0,37
4,6,48,0,0.1176,0,0.8824,17
1,7,48,0.5,0.5,0,0,0
2,7,48,0.3509,0.6491,0,0,57
3,7,48,0.0645,0.9355,0,0,31
4,7,48,0.0667,0,0,0.9333,15
1,8,48,0.5,0.5,0,0,0
2,8,48,0.2857,0.7143,0,0,63
3,8,48,0,1,0,0,22
4,8,48,0,0.0769,0,0.9231,13
1,9,48,0.5,0.5,0,0,0
2,9,48,0.1897,0.8103,0,0,58
3,9,48,0,1,0,0,39
4,9,48,0,0.0667,0,0.9333,15
1,10,48,0.5,0.5,0,0,6
2,10,48,0.2658,0.7342,0,0,158
3,10,48,0.0256,0.9744,0,0,39
4,10,48,0,0.25,0,0.75,16
1,11,48,0.5,0.5,0,0,0
2,11,48,0.15,0.85,0,0,20
3,11,48,0,1,0,0,15
4,11,48,0,0,0,1,13
1,12,48,0.5,0.5,0,0,0
2,12,48,0.2143,0.7857,0,0,14
3,12,48,0,1,0,0,3
4,12,48,0,0,0,1,7
1,13,48,0.5,0.5,0,0,0
2,13,48,0,1,0,0,16
3,13,48,0,1,0,0,9
4,13,48,0,0.1,0,0.9,10
1,14,48,0.5,0.5,0,0,0
2,14,48,0.2222,0.7778,0,0,9
3,14,48,0,1,0,0,9
4,14,48,0,0,0,1,6
1,15,48,0,1,0,0,1
2,15,48,0,1,0,0,1
3,15,48,0,1,0,0,5
4,15,48,0,0,0,1,4
1,16,48,0.5,0.5,0,0,0
2,16,48,0,1,0,0,1
3,16,48,0,1,0,0,4
4,16,48,0,0,0,1,5
1,17,48,0,1,0,0,1
2,17,48,0,1,0,0,4
3,17,48,0,1,0,0,4
4,17,48,0,0,0,1,4
1,18,48,0,1,0,0,1
2,18,48,0,1,0,0,1
3,18,48,0.1111,0.8889,0,0,9
4,18,48,0,0,0,1,2
1,19,48,0.5,0.5,0,0,0
2,19,48,0,1,0,0,2
3,19,48,0,1,0,0,1
4,19,48,0,0,0,1,5
1,20,48,0.3333,0.6667,0,0,15
2,20,48,0,1,0,0,6
3,20,48,0,1,0,0,4
4,20,48,0,0,0,1,2
1,1,49,0.5,0.5,0,0,0
2,1,49,0.6735,0.3265,0,0,49
3,1,49,0.7812,0.2188,0,0,64
4,1,49,0.5417,0.2917,0,0.1667,24
1,2,49,0.5,0.5,0,0,0
2,2,49,0.5581,0.4419,0,0,43
3,2,49,0.3269,0.6731,0,0,52
4,2,49,0.0625,0.25,0,0.6875,16
1,3,49,0.5,0.5,0,0,0
2,3,49,0,1,0,0,2
3,3,49,0.2368,0.7632,0,0,38
4,3,49,0,0.1,0,0.9,20
1,4,49,0.5,0.5,0,0,0
2,4,49,0.6364,0.3636,0,0,55
3,4,49,0.1471,0.8529,0,0,34
4,4,49,0,0.1667,0,0.8333,18
1,5,49,0.2222,0.7778,0,0,9
2,5,49,0.4789,0.5211,0,0,71
3,5,49,0,1,0,0,1
4,5,49,0,0.0526,0,0.9474,19
1,6,49,0.5,0.5,0,0,0
2,6,49,0.4098,0.5902,0,0,61
3,6,49,0.0811,0.9189,0,0,37
4,6,49,0,0.1765,0,0.8235,17
1,7,49,0.5,0.5,0,0,0
2,7,49,0.4194,0.5806,0,0,62
3,7,49,0.027,0.973,0,0,37
4,7,49,0,0.0833,0,0.9167,24
1,8,49,0.5,0.5,0,0,0
2,8,49,0.3115,0.6885,0,0,61
3,8,49,0.0333,0.9667,0,0,30
4,8,49,0,0.2857,0,0.7143,14
1,9,49,0.5,0.5,0,0,0
2,9,49,0.3175,0.6825,0,0,63
3,9,49,0.0476,0.9524,0,0,21
4,9,49,0,0.0909,0,0.9091,11
1,10,49,0,1,0,0,2
2,10,49,0.2957,0.7043,0,0,186
3,10,49,0.0541,0.9459,0,0,37
4,10,49,0,0.0625,0,0.9375,16
1,11,49,0.5,0.5,0,0,0
2,11,49,0.2308,0.7692,0,0,26
3,11,49,0,1,0,0,16
4,11,49,0,0,0,1,10
1,12,49,0.5,0.5,0,0,0
2,12,49,0.1111,0.8889,0,0,9
3,12,49,0,1,0,0,3
4,12,49,0,0,0,1,2
1,13,49,1,0,0,0,1
2,13,49,0,1,0,0,6
3,13,49,0,1,0,0,9
4,13,49,0,0,0,1,6
1,14,49,0.5,0.5,0,0,0
2,14,49,0.1818,0.8182,0,0,11
3,14,49,0,1,0,0,13
4,14,49,0,0.1429,0,0.8571,7
1,15,49,0.2857,0.7143,0,0,14
2,15,49,0.1667,0.8333,0,0,12
3,15,49,0,1,0,0,5
4,15,49,0,0,0,1,7
1,16,49,0,1,0,0,1
2,16,49,0.1429,0.8571,0,0,7
3,16,49,0,1,0,0,4
4,16,49,0,0,0,1,2
1,17,49,0,1,0,0,1
2,17,49,0.25,0.75,0,0,4
3,17,49,0,1,0,0,1
4,17,49,0,0,0,1,3
1,18,49,0.5,0.5,0,0,0
2,18,49,0,1,0,0,8
3,18,49,0.125,0.875,0,0,8
4,18,49,0,0,0,1,4
1,19,49,0,1,0,0,2
2,19,49,0,1,0,0,5
3,19,49,0.2,0.8,0,0,5
4,19,49,0,0.3333,0,0.6667,3
1,20,49,0.1111,0.8889,0,0,18
2,20,49,0,1,0,0,6
3,20,49,0,1,0,0,3
4,20,49,0,0,0,1,3
1,1,50,1,0,0,0,1
2,1,50,0.6,0.4,0,0,55
3,1,50,0.7538,0.2462,0,0,65
4,1,50,0.5366,0.2439,0,0.2195,41
1,2,50,0.5,0.5,0,0,0
2,2,50,0.6364,0.3636,0,0,44
3,2,50,0.3659,0.6341,0,0,41
4,2,50,0.1111,0.2778,0,0.6111,18
1,3,50,0.5,0.5,0,0,0
2,3,50,0.5778,0.4222,0,0,45
3,3,50,0.1333,0.8667,0,0,30
4,3,50,0.0769,0.3077,0,0.6154,13
1,4,50,0.5,0.5,0,0,0
2,4,50,0.5,0.5,0,0,2
3,4,50,0.1591,0.8409,0,0,44
4,4,50,0,0.069,0,0.931,29
1,5,50,0.5,0.5,0,0,6
2,5,50,0.4237,0.5763,0,0,59
3,5,50,0.0227,0.9773,0,0,44
4,5,50,0.0455,0.0909,0,0.8636,22
1,6,50,0.5,0.5,0,0,0
2,6,50,1,0,0,0,1
3,6,50,0.0513,0.9487,0,0,39
4,6,50,0,0.0476,0,0.9524,21
1,7,50,0.5,0.5,0,0,0
2,7,50,0.3333,0.6667,0,0,69
3,7,50,0.0278,0.9722,0,0,36
4,7,50,0,0.125,0,0.875,24
1,8,50,0.5,0.5,0,0,0
2,8,50,0.4242,0.5758,0,0,66
3,8,50,0.0303,0.9697,0,0,33
4,8,50,0,0.05,0,0.95,20
1,9,50,0.5,0.5,0,0,0
2,9,50,0.2545,0.7455,0,0,55
3,9,50,0,1,0,0,30
4,9,50,0,0,0,1,8
1,10,50,0.75,0.25,0,0,4
2,10,50,0.2819,0.7181,0,0,188
3,10,50,0,1,0,0,1
4,10,50,0,0,0,1,11
1,11,50,0.5,0.5,0,0,0
2,11,50,0.1667,0.8333,0,0,30
3,11,50,0,1,0,0,15
4,11,50,0,0,0,1,7
1,12,50,0.5,0.5,0,0,0
2,12,50,0.1875,0.8125,0,0,16
3,12,50,0.125,0.875,0,0,16
4,12,50,0,0.2857,0,0.7143,7
1,13,50,0.5,0.5,0,0,0
2,13,50,0.0909,0.9091,0,0,11
3,13,50,0,1,0,0,11
4,13,50,0,0.2,0,0.8,5
1,14,50,0.5,0.5,0,0,0
2,14,50,0,1,0,0,3
3,14,50,0,1,0,0,6
4,14,50,0,0,0,1,6
1,15,50,0.2381,0.7619,0,0,21
2,15,50,0.0769,0.9231,0,0,13
3,15,50,0,1,0,0,12
4,15,50,0,0,0,1,6
1,16,50,0.3333,0.6667,0,0,3
2,16,50,0,1,0,0,5
3,16,50,0,1,0,0,4
4,16,50,0,0,0,1,3
1,17,50,1,0,0,0,1
2,17,50,0,1,0,0,7
3,17,50,0,1,0,0,9
4,17,50,0,0,0,1,8
1,18,50,0,1,0,0,2
2,18,50,0,1,0,0,5
3,18,50,0,1,0,0,6
4,18,50,0,0,0,1,1
1,19,50,0,1,0,0,1
2,19,50,0.3333,0.6667,0,0,3
3,19,50,0.5,0.5,0,0,0
4,19,50,0,0,0,1,0
1,20,50,0.0588,0.9412,0,0,17
2,20,50,0.1111,0.8889,0,0,9
3,20,50,0,1,0,0,8
4,20,50,0,0,0,1,1
1,1,51,0.5,0.5,0,0,0
2,1,51,0.6087,0.3913,0,0,46
3,1,51,0.7901,0.2099,0,0,81
4,1,51,0.587,0.2174,0,0.1957,46
1,2,51,0.5,0.5,0,0,0
2,2,51,0.5556,0.4444,0,0,36
3,2,51,0.5455,0.4545,0,0,33
4,2,51,0,0.5385,0,0.4615,13
1,3,51,0.5,0.5,0,0,0
2,3,51,0.6111,0.3889,0,0,36
3,3,51,0.2188,0.7812,0,0,32
4,3,51,0,0.1667,0,0.8333,12
1,4,51,0.5,0.5,0,0,0
2,4,51,0.4762,0.5238,0,0,42
3,4,51,0,1,0,0,1
4,4,51,0,0.2,0,0.8,15
1,5,51,0.4,0.6,0,0,5
2,5,51,0.3913,0.6087,0,0,46
3,5,51,0.0541,0.9459,0,0,37
4,5,51,0,0.1333,0,0.8667,15
1,6,51,0.5,0.5,0,0,0
2,6,51,0.4507,0.5493,0,0,71
3,6,51,0.0811,0.9189,0,0,37
4,6,51,0,0.2143,0,0.7857,14
1,7,51,0.5,0.5,0,0,0
2,7,51,1,0,0,0,1
3,7,51,0.025,0.975,0,0,40
4,7,51,0,0.0909,0,0.9091,22
1,8,51,1,0,0,0,1
2,8,51,0.1831,0.8169,0,0,71
3,8,51,0,1,0,0,33
4,8,51,0,0.0625,0,0.9375,16
1,9,51,0.5,0.5,0,0,0
2,9,51,0.2955,0.7045,0,0,44
3,9,51,0,1,0,0,25
4,9,51,0,0.125,0,0.875,16
1,10,51,0.5,0.5,0,0,8
2,10,51,0,1,0,0,2
3,10,51,0,1,0,0,1
4,10,51,0,0,0,1,0
1,11,51,0,1,0,0,1
2,11,51,0.0833,0.9167,0,0,24
3,11,51,0.0588,0.9412,0,0,17
4,11,51,0,0,0,1,0
1,12,51,0.5,0.5,0,0,0
2,12,51,0,1,0,0,13
3,12,51,0,1,0,0,16
4,12,51,0,0,0,1,0
1,13,51,0.5,0.5,0,0,0
2,13,51,0.2727,0.7273,0,0,11
3,13,51,0,1,0,0,1
4,13,51,0,0,0,1,0
1,14,51,0,1,0,0,1
2,14,51,0.1667,0.8333,0,0,6
3,14,51,0,1,0,0,7
4,14,51,0,0,0,1,0
1,15,51,0.2941,0.7059,0,0,17
2,15,51,0.25,0.75,0,0,16
3,15,51,0,1,0,0,12
4,15,51,0,0,0,1,0
1,16,51,0.5,0.5,0,0,2
2,16,51,0.375,0.625,0,0,8
3,16,51,0,1,0,0,4
4,16,51,0,0,0,1,0
1,17,51,0.5,0.5,0,0,0
2,17,51,0.3333,0.6667,0,0,12
3,17,51,0,1,0,0,6
4,17,51,0,0,0,1,0
1,18,51,0.5,0.5,0,0,0
2,18,51,0,1,0,0,2
3,18,51,0,1,0,0,2
4,18,51,0,0,0,1,0
1,19,51,1,0,0,0,1
2,19,51,0.1429,0.8571,0,0,7
3,19,51,0,1,0,0,4
4,19,51,0,0,0,1,0
1,20,51,0.1875,0.8125,0,0,16
2,20,51,0.1429,0.8571,0,0,7
3,20,51,0.1429,0.8571,0,0,7
4,20,51,0,0,0,1,0
1,1,52,0.5,0.5,0,0,0
2,1,52,0,1,0,0,1
3,1,52,0.6774,0.3226,0,0,62
4,1,52,0.4242,0.1818,0,0.3939,33
1,2,52,0.5,0.5,0,0,0
2,2,52,1,0,0,0,1
3,2,52,0.3023,0.6977,0,0,43
4,2,52,0.0556,0.2222,0,0.7222,18
1,3,52,0.5,0.5,0,0,0
2,3,52,0.6154,0.3846,0,0,52
3,3,52,0.0816,0.9184,0,0,49
4,3,52,0,0.2273,0,0.7727,22
1,4,52,0.5,0.5,0,0,0
2,4,52,0.5932,0.4068,0,0,59
3,4,52,0,1,0,0,1
4,4,52,0,0.0667,0,0.9333,15
1,5,52,0.3333,0.6667,0,0,9
2,5,52,1,0,0,0,1
3,5,52,0.0652,0.9348,0,0,46
4,5,52,0,0.1852,0,0.8148,27
1,6,52,0.5,0.5,0,0,0
2,6,52,0.4918,0.5082,0,0,61
3,6,52,0,1,0,0,32
4,6,52,0,0.0714,0,0.9286,14
1,7,52,0.5,0.5,0,0,0
2,7,52,0.2353,0.7647,0,0,85
3,7,52,0.0213,0.9787,0,0,47
4,7,52,0,0.0909,0,0.9091,22
1,8,52,0.5,0.5,0,0,0
2,8,52,0.3396,0.6604,0,0,53
3,8,52,0,1,0,0,31
4,8,52,0,0,0,1,9
1,9,52,0.5,0.5,0,0,0
2,9,52,0.1875,0.8125,0,0,48
3,9,52,0.0526,0.9474,0,0,19
4,9,52,0,0,0,1,16
1,10,52,0,1,0,0,2
2,10,52,0.3354,0.6646,0,0,164
3,10,52,0.0952,0.9048,0,0,42
4,10,52,0,0,0,1,0
1,11,52,0.5,0.5,0,0,0
2,11,52,0.25,0.75,0,0,20
3,11,52,0,1,0,0,15
4,11,52,0,0,0,1,0
1,12,52,0.5,0.5,0,0,0
2,12,52,0.2,0.8,0,0,15
3,12,52,0,1,0,0,17
4,12,52,0,0,0,1,0
1,13,52,0.5,0.5,0,0,0
2,13,52,0.1,0.9,0,0,10
3,13,52,0,1,0,0,10
4,13,52,0,0,0,1,0
1,14,52,1,0,0,0,1
2,14,52,0.1333,0.8667,0,0,15
3,14,52,0,1,0,0,9
4,14,52,0,0,0,1,0
1,15,52,0.3125,0.6875,0,0,16
2,15,52,0.2143,0.7857,0,0,14
3,15,52,0,1,0,0,8
4,15,52,0,0,0,1,0
1,16,52,0.5,0.5,0,0,0
2,16,52,0,1,0,0,6
3,16,52,0,1,0,0,2
4,16,52,0,0,0,1,0
1,17,52,0.5,0.5,0,0,0
2,17,52,0.2857,0.7143,0,0,7
3,17,52,0,1,0,0,6
4,17,52,0,0,0,1,0
1,18,52,0.5,0.5,0,0,0
2,18,52,0,1,0,0,2
3,18,52,0,1,0,0,3
4,18,52,0,0,0,1,0
1,19,52,0.5,0.5,0,0,0
2,19,52,0.5,0.5,0,0,2
3,19,52,0,1,0,0,3
4,19,52,0,0,0,1,0
1,20,52,0.0769,0.9231,0,0,13
2,20,52,0.6667,0.3333,0,0,3
3,20,52,0.5,0.5,0,0,0
4,20,52,0,0,0,1,0
1,1,53,0.5,0.5,0,0,0
2,1,53,1,0,0,0,1
3,1,53,0.7742,0.2258,0,0,62
4,1,53,0.3929,0.25,0,0.3571,28
1,2,53,0.5,0.5,0,0,0
2,2,53,0.6667,0.3333,0,0,33
3,2,53,0,1,0,0,1
4,2,53,0.0833,0.1667,0,0.75,12
1,3,53,0.5,0.5,0,0,0
2,3,53,1,0,0,0,1
3,3,53,0,1,0,0,1
4,3,53,0,0.0385,0,0.9615,26
1,4,53,0.5,0.5,0,0,0
2,4,53,0.614,0.386,0,0,57
3,4,53,0.102,0.898,0,0,49
4,4,53,0,0.1818,0,0.8182,22
1,5,53,0.5,0.5,0,0,8
2,5,53,0.537,0.463,0,0,54
3,5,53,0,1,0,0,1
4,5,53,0,0,0,1,14
1,6,53,0.5,0.5,0,0,0
2,6,53,0,1,0,0,1
3,6,53,0,1,0,0,1
4,6,53,0,0.0556,0,0.9444,18
1,7,53,0.5,0.5,0,0,0
2,7,53,0,1,0,0,1
3,7,53,0.0294,0.9706,0,0,34
4,7,53,0,0.0625,0,0.9375,16
1,8,53,0.5,0.5,0,0,0
2,8,53,0.2031,0.7969,0,0,64
3,8,53,0.0444,0.9556,0,0,45
4,8,53,0,0,0,1,23
1,9,53,0.5,0.5,0,0,0
2,9,53,0.2586,0.7414,0,0,58
3,9,53,0,1,0,0,25
4,9,53,0,0,0,1,9
1,10,53,0.3333,0.6667,0,0,3
2,10,53,0.2629,0.7371,0,0,175
3,10,53,0,1,0,0,54
4,10,53,0,0,0,1,0
1,11,53,0.5,0.5,0,0,0
2,11,53,0.2,0.8,0,0,25
3,11,53,0,1,0,0,7
4,11,53,0,0,0,1,0
1,12,53,0.5,0.5,0,0,0
2,12,53,0.0769,0.9231,0,0,13
3,12,53,0,1,0,0,5
4,12,53,0,0,0,1,0
1,13,53,0.5,0.5,0,0,0
2,13,53,0,1,0,0,12
3,13,53,0,1,0,0,11
4,13,53,0,0,0,1,0
1,14,53,0.5,0.5,0,0,0
2,14,53,0.3333,0.6667,0,0,6
3,14,53,0,1,0,0,7
4,14,53,0,0,0,1,0
1,15,53,0.4375,0.5625,0,0,16
2,15,53,0,1,0,0,6
3,15,53,0,1,0,0,1
4,15,53,0,0,0,1,0
1,16,53,0.5,0.5,0,0,0
2,16,53,0.1667,0.8333,0,0,6
3,16,53,0,1,0,0,1
4,16,53,0,0,0,1,0
1,17,53,1,0,0,0,1
2,17,53,0,1,0,0,4
3,17,53,0,1,0,0,4
4,17,53,0,0,0,1,0
1,18,53,0.5,0.5,0,0,0
2,18,53,0,1,0,0,5
3,18,53,0,1,0,0,5
4,18,53,0,0,0,1,0
1,19,53,0.5,0.5,0,0,0
2,19,53,0.25,0.75,0,0,4
3,19,53,0,1,0,0,3
4,19,53,0,0,0,1,0
1,20,53,0.3333,0.6667,0,0,21
2,20,53,0.375,0.625,0,0,8
3,20,53,0,1,0,0,2
4,20,53,0,0,0,1,0
1,1,54,0.5,0.5,0,0,0
2,1,54,0.7308,0.2692,0,0,52
3,1,54,0.6949,0.3051,0,0,59
4,1,54,0.5,0.1429,0,0.3571,28
1,2,54,0.5,0.5,0,0,0
2,2,54,0.6889,0.3111,0,0,45
3,2,54,0.3721,0.6279,0,0,43
4,2,54,0,0.2632,0,0.7368,19
1,3,54,0.5,0.5,0,0,0
2,3,54,0.5,0.5,0,0,34
3,3,54,0.1852,0.8148,0,0,27
4,3,54,0.0526,0.2632,0,0.6842,19
1,4,54,0.5,0.5,0,0,0
2,4,54,0.6056,0.3944,0,0,71
3,4,54,0.0213,0.9787,0,0,47
4,4,54,0,0.2083,0,0.7917,24
1,5,54,0.4545,0.5455,0,0,11
2,5,54,0.3875,0.6125,0,0,80
3,5,54,0.1064,0.8936,0,0,47
4,5,54,0,0.0417,0,0.9583,24
1,6,54,0.5,0.5,0,0,0
2,6,54,1,0,0,0,1
3,6,54,0.0256,0.9744,0,0,39
4,6,54,0,0,0,1,20
1,7,54,0.5,0.5,0,0,0
2,7,54,1,0,0,0,1
3,7,54,0,1,0,0,34
4,7,54,0,0.125,0,0.875,16
1,8,54,0.5,0.5,0,0,0
2,8,54,0.2,0.8,0,0,70
3,8,54,0,1,0,0,31
4,8,54,0,0,0,1,10
1,9,54,0.5,0.5,0,0,0
2,9,54,0.2568,0.7432,0,0,74
3,9,54,0.0357,0.9643,0,0,28
4,9,54,0,0.0769,0,0.9231,13
1,10,54,0.625,0.375,0,0,8
2,10,54,0.2833,0.7167,0,0,180
3,10,54,0,1,0,0,34
4,10,54,0,0,0,1,0
1,11,54,0.5,0.5,0,0,0
2,11,54,0.0909,0.9091,0,0,22
3,11,54,0.0526,0.9474,0,0,19
4,11,54,0,0,0,1,0
1,12,54,0.5,0.5,0,0,0
2,12,54,0.2778,0.7222,0,0,18
3,12,54,0,1,0,0,14
4,12,54,0,0,0,1,0
1,13,54,0,1,0,0,1
2,13,54,0.0909,0.9091,0,0,11
3,13,54,0.0769,0.9231,0,0,13
4,13,54,0,0,0,1,0
1,14,54,0.5,0.5,0,0,0
2,14,54,0,1,0,0,4
3,14,54,0,1,0,0,8
4,14,54,0,0,0,1,0
1,15,54,0.2857,0.7143,0,0,21
2,15,54,0,1,0,0,10
3,15,54,0.2857,0.7143,0,0,7
4,15,54,0,0,0,1,0
1,16,54,0.5,0.5,0,0,0
2,16,54,0,1,0,0,5
3,16,54,0,1,0,0,3
4,16,54,0,0,0,1,0
1,17,54,0,1,0,0,1
2,17,54,0,1,0,0,3
3,17,54,0,1,0,0,1
4,17,54,0,0,0,1,0
1,18,54,1,0,0,0,1
2,18,54,0,1,0,0,2
3,18,54,0,1,0,0,6
4,18,54,0,0,0,1,0
1,19,54,0.5,0.5,0,0,0
2,19,54,0.1667,0.8333,0,0,6
3,19,54,0,1,0,0,5
4,19,54,0,0,0,1,0
1,20,54,0,1,0,0,15
2,20,54,0,1,0,0,7
3,20,54,0,1,0,0,9
4,20,54,0,0,0,1,0
1,1,55,0.5,0.5,0,0,0
2,1,55,1,0,0,0,1
3,1,55,0.7816,0.2184,0,0,87
4,1,55,0.5217,0.1304,0,0.3478,46
1,2,55,0.5,0.5,0,0,0
2,2,55,0.6852,0.3148,0,0,54
3,2,55,0.2879,0.7121,0,0,66
4,2,55,0.1176,0.2647,0,0.6176,34
1,3,55,0.5,0.5,0,0,0
2,3,55,0.6275,0.3725,0,0,51
3,3,55,0.0962,0.9038,0,0,52
4,3,55,0,0,0,1,17
1,4,55,0.5,0.5,0,0,0
2,4,55,0.5918,0.4082,0,0,49
3,4,55,0.0698,0.9302,0,0,43
4,4,55,0,0.0588,0,0.9412,17
1,5,55,0.25,0.75,0,0,8
2,5,55,0.3789,0.6211,0,0,95
3,5,55,0.0339,0.9661,0,0,59
4,5,55,0,0,0,1,32
1,6,55,1,0,0,0,1
2,6,55,0.3462,0.6538,0,0,78
3,6,55,0,1,0,0,1
4,6,55,0,0,0,1,1
1,7,55,0.5,0.5,0,0,0
2,7,55,0,1,0,0,2
3,7,55,0,1,0,0,1
4,7,55,0,0.0476,0,0.9524,21
1,8,55,0.5,0.5,0,0,0
2,8,55,0.2917,0.7083,0,0,72
3,8,55,0,1,0,0,33
4,8,55,0,0,0,1,21
1,9,55,0,1,0,0,1
2,9,55,0,1,0,0,1
3,9,55,0,1,0,0,29
4,9,55,0,0,0,1,1
1,10,55,0,1,0,0,3
2,10,55,1,0,0,0,1
3,10,55,0.0213,0.9787,0,0,47
4,10,55,0,0,0,1,0
1,11,55,0.5,0.5,0,0,0
2,11,55,0.0938,0.9062,0,0,32
3,11,55,0.05,0.95,0,0,20
4,11,55,0,0,0,1,0
1,12,55,0,1,0,0,1
2,12,55,0.1739,0.8261,0,0,23
3,12,55,0,1,0,0,20
4,12,55,0,0,0,1,0
1,13,55,0.5,0.5,0,0,0
2,13,55,0.2222,0.7778,0,0,18
3,13,55,0,1,0,0,10
4,13,55,0,0,0,1,0
1,14,55,0.5,0.5,0,0,2
2,14,55,0.1429,0.8571,0,0,7
3,14,55,0,1,0,0,6
4,14,55,0,0,0,1,0
1,15,55,0.4091,0.5909,0,0,22
2,15,55,0,1,0,0,12
3,15,55,0,1,0,0,8
4,15,55,0,0,0,1,0
1,16,55,0.5,0.5,0,0,0
2,16,55,0,1,0,0,8
3,16,55,0,1,0,0,6
4,16,55,0,0,0,1,0
1,17,55,0,1,0,0,1
2,17,55,0,1,0,0,5
3,17,55,0,1,0,0,5
4,17,55,0,0,0,1,0
1,18,55,0,1,0,0,1
2,18,55,0.25,0.75,0,0,4
3,18,55,0,1,0,0,4
4,18,55,0,0,0,1,0
1,19,55,0.5,0.5,0,0,0
2,19,55,0,1,0,0,1
3,19,55,0,1,0,0,3
4,19,55,0,0,0,1,0
1,20,55,0.1538,0.8462,0,0,13
2,20,55,0.3333,0.6667,0,0,9
3,20,55,0.2,0.8,0,0,5
4,20,55,0,0,0,1,0
1,1,56,0.5,0.5,0,0,0
2,1,56,0.6458,0.3542,0,0,48
3,1,56,0.75,0.25,0,0,72
4,1,56,0.6154,0.1923,0,0.1923,26
1,2,56,0.5,0.5,0,0,0
2,2,56,0.62,0.38,0,0,50
3,2,56,0.3273,0.6727,0,0,55
4,2,56,0.1,0.1667,0,0.7333,30
1,3,56,0.5,0.5,0,0,0
2,3,56,0.5714,0.4286,0,0,63
3,3,56,0,1,0,0,1
4,3,56,0,0,0,1,19
1,4,56,0.5,0.5,0,0,0
2,4,56,0,1,0,0,1
3,4,56,0.0556,0.9444,0,0,36
4,4,56,0,0.0556,0,0.9444,18
1,5,56,0.25,0.75,0,0,4
2,5,56,0.473,0.527,0,0,74
3,5,56,0.0882,0.9118,0,0,34
4,5,56,0,0.0667,0,0.9333,15
1,6,56,0.5,0.5,0,0,0
2,6,56,0,1,0,0,1
3,6,56,0,1,0,0,2
4,6,56,0,0,0,1,28
1,7,56,0.5,0.5,0,0,0
2,7,56,0.35,0.65,0,0,80
3,7,56,0,1,0,0,41
4,7,56,0,0,0,1,19
1,8,56,1,0,0,0,1
2,8,56,0.2364,0.7636,0,0,55
3,8,56,0,1,0,0,26
4,8,56,0,0,0,1,17
1,9,56,0.5,0.5,0,0,0
2,9,56,0,1,0,0,1
3,9,56,0,1,0,0,1
4,9,56,0,0,0,1,1
1,10,56,0.4286,0.5714,0,0,7
2,10,56,0,1,0,0,1
3,10,56,0.025,0.975,0,0,40
4,10,56,0,0,0,1,0
1,11,56,0.5,0.5,0,0,0
2,11,56,0.0909,0.9091,0,0,22
3,11,56,0,1,0,0,13
4,11,56,0,0,0,1,0
1,12,56,0.5,0.5,0,0,0
2,12,56,0.3636,0.6364,0,0,11
3,12,56,0.2,0.8,0,0,10
4,12,56,0,0,0,1,0
1,13,56,0.5,0.5,0,0,0
2,13,56,0.1818,0.8182,0,0,11
3,13,56,0,1,0,0,7
4,13,56,0,0,0,1,0
1,14,56,0.5,0.5,0,0,0
2,14,56,0.1818,0.8182,0,0,11
3,14,56,0,1,0,0,15
4,14,56,0,0,0,1,0
1,15,56,0.4,0.6,0,0,15
2,15,56,0.1111,0.8889,0,0,9
3,15,56,0,1,0,0,10
4,15,56,0,0,0,1,0
1,16,56,0.5,0.5,0,0,0
2,16,56,0,1,0,0,6
3,16,56,0,1,0,0,4
4,16,56,0,0,0,1,0
1,17,56,0.5,0.5,0,0,0
2,17,56,0.1429,0.8571,0,0,7
3,17,56,0.2,0.8,0,0,5
4,17,56,0,0,0,1,0
1,18,56,0.5,0.5,0,0,2
2,18,56,0,1,0,0,6
3,18,56,0.1667,0.8333,0,0,6
4,18,56,0,0,0,1,0
1,19,56,0.5,0.5,0,0,0
2,19,56,0,1,0,0,5
3,19,56,0,1,0,0,7
4,19,56,0,0,0,1,0
1,20,56,0.1538,0.8462,0,0,13
2,20,56,0,1,0,0,7
3,20,56,0,1,0,0,2
4,20,56,0,0,0,1,0
1,1,57,0.5,0.5,0,0,0
2,1,57,0.6522,0.3478,0,0,23
3,1,57,1,0,0,0,1
4,1,57,0.5,0.05,0,0.45,20
1,2,57,0.5,0.5,0,0,0
2,2,57,0.5278,0.4722,0,0,36
3,2,57,0.4038,0.5962,0,0,52
4,2,57,0,0.16,0,0.84,25
1,3,57,0.5,0.5,0,0,0
2,3,57,1,0,0,0,1
3,3,57,0.1525,0.8475,0,0,59
4,3,57,0,0,0,1,1
1,4,57,0.5,0.5,0,0,0
2,4,57,0.5854,0.4146,0,0,82
3,4,57,0.1091,0.8909,0,0,55
4,4,57,0.0417,0.0417,0,0.9167,24
1,5,57,0.6667,0.3333,0,0,6
2,5,57,0.4348,0.5652,0,0,69
3,5,57,0,1,0,0,1
4,5,57,0,0,0,1,1
1,6,57,0.5,0.5,0,0,0
2,6,57,0.4118,0.5882,0,0,85
3,6,57,0.0303,0.9697,0,0,33
4,6,57,0.0667,0.1333,0,0.8,15
1,7,57,0.5,0.5,0,0,0
2,7,57,0.3163,0.6837,0,0,98
3,7,57,0,1,0,0,44
4,7,57,0.05,0.1,0,0.85,20
1,8,57,0.5,0.5,0,0,0
2,8,57,0.2468,0.7532,0,0,77
3,8,57,0.0541,0.9459,0,0,37
4,8,57,0,0.0556,0,0.9444,18
1,9,57,0.5,0.5,0,0,0
2,9,57,0,1,0,0,2
3,9,57,0.0385,0.9615,0,0,26
4,9,57,0,0,0,1,16
1,10,57,0.6667,0.3333,0,0,6
2,10,57,0.2821,0.7179,0,0,156
3,10,57,0,1,0,0,41
4,10,57,0,0,0,1,0
1,11,57,0.5,0.5,0,0,0
2,11,57,0.1923,0.8077,0,0,26
3,11,57,0,1,0,0,10
4,11,57,0,0,0,1,0
1,12,57,0.5,0.5,0,0,0
2,12,57,0.25,0.75,0,0,16
3,12,57,0.1,0.9,0,0,10
4,12,57,0,0,0,1,0
1,13,57,0.5,0.5,0,0,0
2,13,57,0,1,0,0,1
3,13,57,0.0833,0.9167,0,0,12
4,13,57,0,0,0,1,0
1,14,57,0.5,0.5,0,0,0
2,14,57,0.4,0.6,0,0,5
3,14,57,0,1,0,0,11
4,14,57,0,0,0,1,0
1,15,57,0.5625,0.4375,0,0,16
2,15,57,0,1,0,0,1
3,15,57,0,1,0,0,1
4,15,57,0,0,0,1,0
1,16,57,0.5,0.5,0,0,0
2,16,57,0,1,0,0,2
3,16,57,0,1,0,0,1
4,16,57,0,0,0,1,0
1,17,57,0,1,0,0,1
2,17,57,0,1,0,0,1
3,17,57,0.25,0.75,0,0,4
4,17,57,0,0,0,1,0
1,18,57,0.5,0.5,0,0,0
2,18,57,0,1,0,0,3
3,18,57,0,1,0,0,2
4,18,57,0,0,0,1,0
1,19,57,1,0,0,0,1
2,19,57,1,0,0,0,1
3,19,57,0,1,0,0,3
4,19,57,0,0,0,1,0
1,20,57,0.2727,0.7273,0,0,11
2,20,57,0.1,0.9,0,0,10
3,20,57,0,1,0,0,4
4,20,57,0,0,0,1,0
1,1,58,0.5,0.5,0,0,0
2,1,58,0.7879,0.2121,0,0,33
3,1,58,0.7391,0.2609,0,0,46
4,1,58,0.3333,0.1905,0,0.4762,21
1,2,58,0.5,0.5,0,0,0
2,2,58,0.5714,0.4286,0,0,28
3,2,58,0.45,0.55,0,0,20
4,2,58,0,0.1176,0,0.8824,17
1,3,58,0.5,0.5,0,0,0
2,3,58,0.4909,0.5091,0,0,55
3,3,58,0,1,0,0,1
4,3,58,0,0,0,1,2
1,4,58,0.5,0.5,0,0,0
2,4,58,0.4,0.6,0,0,75
3,4,58,0,1,0,0,1
4,4,58,0.0333,0,0,0.9667,30
1,5,58,0.8,0.2,0,0,5
2,5,58,1,0,0,0,1
3,5,58,0.0238,0.9762,0,0,42
4,5,58,0,0.08,0,0.92,25
1,6,58,0.5,0.5,0,0,0
2,6,58,0.4512,0.5488,0,0,82
3,6,58,0.0286,0.9714,0,0,35
4,6,58,0,0.05,0,0.95,20
1,7,58,0.5,0.5,0,0,0
2,7,58,0.3443,0.6557,0,0,61
3,7,58,0,1,0,0,26
4,7,58,0.0909,0,0,0.9091,11
1,8,58,0.5,0.5,0,0,0
2,8,58,0.5,0.5,0,0,2
3,8,58,0,1,0,0,1
4,8,58,0,0,0,1,1
1,9,58,0.5,0.5,0,0,0
2,9,58,0,1,0,0,1
3,9,58,0,1,0,0,1
4,9,58,0,0,0,1,13
1,10,58,0.4444,0.5556,0,0,9
2,10,58,0,1,0,0,1
3,10,58,0.0526,0.9474,0,0,38
4,10,58,0,0,0,1,0
1,11,58,0.5,0.5,0,0,0
2,11,58,0.125,0.875,0,0,24
3,11,58,0,1,0,0,14
4,11,58,0,0,0,1,0
1,12,58,0.5,0.5,0,0,0
2,12,58,0.3333,0.6667,0,0,9
3,12,58,0,1,0,0,8
4,12,58,0,0,0,1,0
1,13,58,0.5,0.5,0,0,0
2,13,58,0.0909,0.9091,0,0,11
3,13,58,0,1,0,0,10
4,13,58,0,0,0,1,0
1,14,58,0.5,0.5,0,0,0
2,14,58,0.1,0.9,0,0,10
3,14,58,0,1,0,0,6
4,14,58,0,0,0,1,0
1,15,58,0.1765,0.8235,0,0,17
2,15,58,0.0625,0.9375,0,0,16
3,15,58,0,1,0,0,8
4,15,58,0,0,0,1,0
1,16,58,0,1,0,0,1
2,16,58,0.0909,0.9091,0,0,11
3,16,58,0,1,0,0,10
4,16,58,0,0,0,1,0
1,17,58,0,1,0,0,1
2,17,58,0,1,0,0,5
3,17,58,0,1,0,0,4
4,17,58,0,0,0,1,0
1,18,58,0.5,0.5,0,0,0
2,18,58,0,1,0,0,3
3,18,58,0,1,0,0,4
4,18,58,0,0,0,1,0
1,19,58,0,1,0,0,1
2,19,58,0,1,0,0,5
3,19,58,0,1,0,0,2
4,19,58,0,0,0,1,0
1,20,58,0.2941,0.7059,0,0,17
2,20,58,0,1,0,0,11
3,20,58,0.1429,0.8571,0,0,7
4,20,58,0,0,0,1,0
1,1,59,0.5,0.5,0,0,0
2,1,59,1,0,0,0,1
3,1,59,0,1,0,0,1
4,1,59,0.4348,0,0,0.5652,23
1,2,59,0.5,0.5,0,0,0
2,2,59,0.6667,0.3333,0,0,39
3,2,59,0.2083,0.7917,0,0,24
4,2,59,0,0.0667,0,0.9333,15
1,3,59,0.5,0.5,0,0,0
2,3,59,0.4595,0.5405,0,0,37
3,3,59,0.119,0.881,0,0,42
4,3,59,0,0.0526,0,0.9474,19
1,4,59,0.5,0.5,0,0,0
2,4,59,0.5769,0.4231,0,0,78
3,4,59,0,1,0,0,1
4,4,59,0,0,0,1,27
1,5,59,0.6923,0.3077,0,0,13
2,5,59,0,1,0,0,1
3,5,59,0,1,0,0,1
4,5,59,0,0.1143,0,0.8857,35
1,6,59,0.5,0.5,0,0,0
2,6,59,0.407,0.593,0,0,86
3,6,59,0.0204,0.9796,0,0,49
4,6,59,0,0,0,1,29
1,7,59,0.5,0.5,0,0,0
2,7,59,0.2973,0.7027,0,0,74
3,7,59,0,1,0,0,43
4,7,59,0,0.0385,0,0.9615,26
1,8,59,0.5,0.5,0,0,0
2,8,59,0.2097,0.7903,0,0,62
3,8,59,0,1,0,0,1
4,8,59,0,0,0,1,1
1,9,59,0.5,0.5,0,0,0
2,9,59,1,0,0,0,1
3,9,59,0,1,0,0,1
4,9,59,0,0,0,1,21
1,10,59,0,1,0,0,3
2,10,59,0.3458,0.6542,0,0,214
3,10,59,0.0417,0.9583,0,0,48
4,10,59,0,0,0,1,0
1,11,59,0.5,0.5,0,0,0
2,11,59,0.1515,0.8485,0,0,33
3,11,59,0.05,0.95,0,0,20
4,11,59,0,0,0,1,0
1,12,59,0.5,0.5,0,0,0
2,12,59,0.0769,0.9231,0,0,13
3,12,59,0,1,0,0,6
4,12,59,0,0,0,1,0
1,13,59,0.5,0.5,0,0,0
2,13,59,0,1,0,0,6
3,13,59,0,1,0,0,1
4,13,59,0,0,0,1,0
1,14,59,0.5,0.5,0,0,0
2,14,59,0.25,0.75,0,0,8
3,14,59,0,1,0,0,5
4,14,59,0,0,0,1,0
1,15,59,0.25,0.75,0,0,16
2,15,59,0,1,0,0,16
3,15,59,0.1667,0.8333,0,0,6
4,15,59,0,0,0,1,0
1,16,59,0,1,0,0,1
2,16,59,0.2,0.8,0,0,10
3,16,59,0,1,0,0,7
4,16,59,0,0,0,1,0
1,17,59,0,1,0,0,1
2,17,59,0,1,0,0,3
3,17,59,0,1,0,0,3
4,17,59,0,0,0,1,0
1,18,59,0,1,0,0,1
2,18,59,0.5,0.5,0,0,6
3,18,59,0.25,0.75,0,0,4
4,18,59,0,0,0,1,0
1,19,59,0.5,0.5,0,0,0
2,19,59,0.25,0.75,0,0,4
3,19,59,0,1,0,0,1
4,19,59,0,0,0,1,0
1,20,59,0.2222,0.7778,0,0,18
2,20,59,0,1,0,0,10
3,20,59,0,1,0,0,2
4,20,59,0,0,0,1,0
1,1,60,0.5,0.5,0,0,0
2,1,60,0.75,0.25,0,0,36
3,1,60,1,0,0,0,1
4,1,60,0.3043,0.087,0,0.6087,23
1,2,60,0.5,0.5,0,0,0
2,2,60,0.5312,0.4688,0,0,32
3,2,60,0.2273,0.7727,0,0,44
4,2,60,0.1053,0.0526,0,0.8421,19
1,3,60,0.5,0.5,0,0,0
2,3,60,0.6452,0.3548,0,0,31
3,3,60,0.2368,0.7632,0,0,38
4,3,60,0,0,0,1,18
1,4,60,0.5,0.5,0,0,0
2,4,60,0.5918,0.4082,0,0,49
3,4,60,0.1081,0.8919,0,0,37
4,4,60,0,0,0,1,19
1,5,60,0.3333,0.6667,0,0,9
2,5,60,0.5,0.5,0,0,2
3,5,60,0.0222,0.9778,0,0,45
4,5,60,0,0,0,1,1
1,6,60,0.5,0.5,0,0,0
2,6,60,0.3929,0.6071,0,0,112
3,6,60,0.0169,0.9831,0,0,59
4,6,60,0.0667,0,0,0.9333,15
1,7,60,0.5,0.5,0,0,0
2,7,60,0,1,0,0,1
3,7,60,0,1,0,0,2
4,7,60,0,0,0,1,2
1,8,60,0.5,0.5,0,0,0
2,8,60,0.25,0.75,0,0,84
3,8,60,0.037,0.963,0,0,27
4,8,60,0,0,0,1,13
1,9,60,0.5,0.5,0,0,0
2,9,60,0.2581,0.7419,0,0,62
3,9,60,0,1,0,0,33
4,9,60,0,0,0,1,21
1,10,60,0.5556,0.4444,0,0,9
2,10,60,0.2478,0.7522,0,0,226
3,10,60,0.0185,0.9815,0,0,54
4,10,60,0,0,0,1,0
1,11,60,0.5,0.5,0,0,0
2,11,60,0.2051,0.7949,0,0,39
3,11,60,0.04,0.96,0,0,25
4,11,60,0,0,0,1,0
1,12,60,0.5,0.5,0,0,0
2,12,60,0.0455,0.9545,0,0,22
3,12,60,0,1,0,0,13
4,12,60,0,0,0,1,0
1,13,60,0.5,0.5,0,0,0
2,13,60,0.25,0.75,0,0,4
3,13,60,0,1,0,0,12
4,13,60,0,0,0,1,0
1,14,60,0.5,0.5,0,0,2
2,14,60,0,1,0,0,11
3,14,60,0.1667,0.8333,0,0,12
4,14,60,0,0,0,1,0
1,15,60,0.3125,0.6875,0,0,16
2,15,60,0.3077,0.6923,0,0,13
3,15,60,0,1,0,0,9
4,15,60,0,0,0,1,0
1,16,60,0.5,0.5,0,0,0
2,16,60,0,1,0,0,3
3,16,60,0.0909,0.9091,0,0,11
4,16,60,0,0,0,1,0
1,17,60,0,1,0,0,1
2,17,60,0.2222,0.7778,0,0,9
3,17,60,0.5,0.5,0,0,2
4,17,60,0,0,0,1,0
1,18,60,0,1,0,0,3
2,18,60,0.375,0.625,0,0,8
3,18,60,0,1,0,0,4
4,18,60,0,0,0,1,0
1,19,60,1,0,0,0,1
2,19,60,0,1,0,0,3
3,19,60,0,1,0,0,1
4,19,60,0,0,0,1,0
1,20,60,0,1,0,0,1
2,20,60,0.2222,0.7778,0,0,9
3,20,60,0,1,0,0,3
4,20,60,0,0,0,1,0
1,1,61,0.5,0.5,0,0,0
2,1,61,0,1,0,0,1
3,1,61,0.7444,0.2556,0,0,133
4,1,61,0.4247,0.1096,0,0.4658,73
1,2,61,0.5,0.5,0,0,0
2,2,61,0.6512,0.3488,0,0,43
3,2,61,0.2414,0.7586,0,0,29
4,2,61,0.0833,0.1667,0,0.75,12
1,3,61,0.5,0.5,0,0,0
2,3,61,0.6154,0.3846,0,0,39
3,3,61,0,1,0,0,1
4,3,61,0.0714,0.1429,0,0.7857,14
1,4,61,0.5,0.5,0,0,0
2,4,61,1,0,0,0,1
3,4,61,0.0286,0.9714,0,0,35
4,4,61,0,0,0,1,16
1,5,61,0.3333,0.6667,0,0,3
2,5,61,1,0,0,0,1
3,5,61,0,1,0,0,1
4,5,61,0,0,0,1,1
1,6,61,0.5,0.5,0,0,0
2,6,61,0.3333,0.6667,0,0,3
3,6,61,0,1,0,0,1
4,6,61,0,0,0,1,1
1,7,61,0.5,0.5,0,0,0
2,7,61,0.3333,0.6667,0,0,3
3,7,61,0,1,0,0,2
4,7,61,0,0,0,1,1
1,8,61,0.5,0.5,0,0,0
2,8,61,0,1,0,0,1
3,8,61,0,1,0,0,41
4,8,61,0,0,0,1,20
1,9,61,0.5,0.5,0,0,0
2,9,61,1,0,0,0,1
3,9,61,0,1,0,0,1
4,9,61,0,0,0,1,1
1,10,61,0.5,0.5,0,0,4
2,10,61,0.5,0.5,0,0,2
3,10,61,0.0625,0.9375,0,0,48
4,10,61,0,0,0,1,0
1,11,61,0.5,0.5,0,0,0
2,11,61,0.2727,0.7273,0,0,33
3,11,61,0,1,0,0,22
4,11,61,0,0,0,1,0
1,12,61,0,1,0,0,1
2,12,61,0,1,0,0,1
3,12,61,0,1,0,0,16
4,12,61,0,0,0,1,0
1,13,61,0,1,0,0,1
2,13,61,0,1,0,0,11
3,13,61,0,1,0,0,12
4,13,61,0,0,0,1,0
1,14,61,1,0,0,0,1
2,14,61,0.0909,0.9091,0,0,11
3,14,61,0,1,0,0,9
4,14,61,0,0,0,1,0
1,15,61,0.3636,0.6364,0,0,22
2,15,61,0.125,0.875,0,0,16
3,15,61,0,1,0,0,9
4,15,61,0,0,0,1,0
1,16,61,0,1,0,0,3
2,16,61,0,1,0,0,6
3,16,61,0,1,0,0,9
4,16,61,0,0,0,1,0
1,17,61,0,1,0,0,1
2,17,61,0,1,0,0,4
3,17,61,0,1,0,0,5
4,17,61,0,0,0,1,0
1,18,61,0.5,0.5,0,0,0
2,18,61,0,1,0,0,1
3,18,61,0.25,0.75,0,0,4
4,18,61,0,0,0,1,0
1,19,61,1,0,0,0,1
2,19,61,0.2,0.8,0,0,5
3,19,61,0.1667,0.8333,0,0,6
4,19,61,0,0,0,1,0
1,20,61,0.5833,0.4167,0,0,12
2,20,61,0.125,0.875,0,0,8
3,20,61,0,1,0,0,2
4,20,61,0,0,0,1,0
1,1,62,0.5,0.5,0,0,0
2,1,62,0.8529,0.1471,0,0,34
3,1,62,0.6222,0.3778,0,0,45
4,1,62,0.3077,0.1538,0,0.5385,13
1,2,62,0.5,0.5,0,0,0
2,2,62,0.5673,0.4327,0,0,104
3,2,62,0.2143,0.7857,0,0,98
4,2,62,0,0.1395,0,0.8605,43
1,3,62,0.5,0.5,0,0,0
2,3,62,0.5625,0.4375,0,0,32
3,3,62,0.0882,0.9118,0,0,34
4,3,62,0.1333,0,0,0.8667,15
1,4,62,0.5,0.5,0,0,0
2,4,62,0.6341,0.3659,0,0,41
3,4,62,0.0667,0.9333,0,0,30
4,4,62,0,0.1071,0,0.8929,28
1,5,62,1,0,0,0,3
2,5,62,0,1,0,0,1
3,5,62,0,1,0,0,35
4,5,62,0,0,0,1,23
1,6,62,0.5,0.5,0,0,0
2,6,62,0.6667,0.3333,0,0,3
3,6,62,0,1,0,0,1
4,6,62,0,0,0,1,12
1,7,62,0.5,0.5,0,0,0
2,7,62,0.2697,0.7303,0,0,89
3,7,62,0,1,0,0,1
4,7,62,0,0,0,1,1
1,8,62,0.5,0.5,0,0,0
2,8,62,1,0,0,0,1
3,8,62,0.0244,0.9756,0,0,41
4,8,62,0,0,0,1,1
1,9,62,0.5,0.5,0,0,0
2,9,62,0.3194,0.6806,0,0,72
3,9,62,0.0323,0.9677,0,0,31
4,9,62,0,0.125,0,0.875,16
1,10,62,0.3333,0.6667,0,0,9
2,10,62,0.6667,0.3333,0,0,3
3,10,62,0.0638,0.9362,0,0,47
4,10,62,0,0,0,1,0
1,11,62,1,0,0,0,1
2,11,62,1,0,0,0,1
3,11,62,0,1,0,0,18
4,11,62,0,0,0,1,0
1,12,62,0.5,0.5,0,0,0
2,12,62,0.1818,0.8182,0,0,22
3,12,62,0,1,0,0,19
4,12,62,0,0,0,1,0
1,13,62,0.5,0.5,0,0,0
2,13,62,0.125,0.875,0,0,8
3,13,62,0,1,0,0,13
4,13,62,0,0,0,1,0
1,14,62,0.5,0.5,0,0,0
2,14,62,0.1429,0.8571,0,0,7
3,14,62,0,1,0,0,6
4,14,62,0,0,0,1,0
1,15,62,0.2778,0.7222,0,0,18
2,15,62,0.0714,0.9286,0,0,14
3,15,62,0,1,0,0,10
4,15,62,0,0,0,1,0
1,16,62,0.5,0.5,0,0,0
2,16,62,0,1,0,0,8
3,16,62,0,1,0,0,4
4,16,62,0,0,0,1,0
1,17,62,0.5,0.5,0,0,0
2,17,62,0,1,0,0,3
3,17,62,0.2,0.8,0,0,5
4,17,62,0,0,0,1,0
1,18,62,0.5,0.5,0,0,2
2,18,62,0,1,0,0,10
3,18,62,0,1,0,0,4
4,18,62,0,0,0,1,0
1,19,62,0.5,0.5,0,0,0
2,19,62,0.3333,0.6667,0,0,3
3,19,62,0,1,0,0,1
4,19,62,0,0,0,1,0
1,20,62,0.25,0.75,0,0,16
2,20,62,0,1,0,0,8
3,20,62,0.3333,0.6667,0,0,3
4,20,62,0,0,0,1,0
1,1,63,0.5,0.5,0,0,0
2,1,63,0.7419,0.2581,0,0,31
3,1,63,0.7561,0.2439,0,0,41
4,1,63,0.4211,0,0,0.5789,19
1,2,63,0.5,0.5,0,0,0
2,2,63,0.4706,0.5294,0,0,17
3,2,63,0.3235,0.6765,0,0,34
4,2,63,0,0.1667,0,0.8333,12
1,3,63,0.5,0.5,0,0,0
2,3,63,0.6435,0.3565,0,0,115
3,3,63,0.1111,0.8889,0,0,99
4,3,63,0,0.0233,0,0.9767,43
1,4,63,0.5,0.5,0,0,0
2,4,63,0,1,0,0,1
3,4,63,0.0233,0.9767,0,0,43
4,4,63,0,0.0952,0,0.9048,21
1,5,63,0.375,0.625,0,0,8
2,5,63,0,1,0,0,1
3,5,63,0.0385,0.9615,0,0,26
4,5,63,0,0,0,1,16
1,6,63,0.5,0.5,0,0,0
2,6,63,0.3774,0.6226,0,0,53
3,6,63,0,1,0,0,21
4,6,63,0,0,0,1,14
1,7,63,0.5,0.5,0,0,0
2,7,63,0.2414,0.7586,0,0,58
3,7,63,0,1,0,0,22
4,7,63,0,0,0,1,11
1,8,63,0,1,0,0,1
2,8,63,0.3333,0.6667,0,0,3
3,8,63,0,1,0,0,1
4,8,63,0,0,0,1,20
1,9,63,0.5,0.5,0,0,0
2,9,63,0.1852,0.8148,0,0,81
3,9,63,0,1,0,0,1
4,9,63,0,0.05,0,0.95,20
1,10,63,0.6,0.4,0,0,5
2,10,63,0.5,0.5,0,0,2
3,10,63,0.025,0.975,0,0,40
4,10,63,0,0,0,1,0
1,11,63,1,0,0,0,1
2,11,63,0.1481,0.8519,0,0,27
3,11,63,0,1,0,0,20
4,11,63,0,0,0,1,0
1,12,63,0.5,0.5,0,0,0
2,12,63,0.15,0.85,0,0,20
3,12,63,0,1,0,0,12
4,12,63,0,0,0,1,0
1,13,63,0.5,0.5,0,0,0
2,13,63,0.3077,0.6923,0,0,13
3,13,63,0.0769,0.9231,0,0,13
4,13,63,0,0,0,1,0
1,14,63,0.5,0.5,0,0,0
2,14,63,0.0556,0.9444,0,0,18
3,14,63,0,1,0,0,13
4,14,63,0,0,0,1,0
1,15,63,0.36,0.64,0,0,25
2,15,63,0.3077,0.6923,0,0,13
3,15,63,0,1,0,0,13
4,15,63,0,0,0,1,0
1,16,63,0.5,0.5,0,0,0
2,16,63,0,1,0,0,6
3,16,63,0,1,0,0,4
4,16,63,0,0,0,1,0
1,17,63,0,1,0,0,1
2,17,63,0,1,0,0,3
3,17,63,0,1,0,0,1
4,17,63,0,0,0,1,0
1,18,63,0,1,0,0,1
2,18,63,0,1,0,0,4
3,18,63,0,1,0,0,3
4,18,63,0,0,0,1,0
1,19,63,0,1,0,0,3
2,19,63,0,1,0,0,4
3,19,63,0.25,0.75,0,0,4
4,19,63,0,0,0,1,0
1,20,63,0.0556,0.9444,0,0,18
2,20,63,0,1,0,0,7
3,20,63,0,1,0,0,4
4,20,63,0,0,0,1,0
1,1,64,0.5,0.5,0,0,0
2,1,64,0.68,0.32,0,0,25
3,1,64,0.7907,0.2093,0,0,43
4,1,64,0.2667,0.0667,0,0.6667,15
1,2,64,0.5,0.5,0,0,0
2,2,64,0.6429,0.3571,0,0,28
3,2,64,0.25,0.75,0,0,28
4,2,64,0.0667,0.0667,0,0.8667,15
1,3,64,0.5,0.5,0,0,0
2,3,64,0.5517,0.4483,0,0,29
3,3,64,0.0909,0.9091,0,0,22
4,3,64,0.1,0,0,0.9,10
1,4,64,0.5,0.5,0,0,0
2,4,64,0.5,0.5,0,0,122
3,4,64,0.0283,0.9717,0,0,106
4,4,64,0.0182,0.0727,0,0.9091,55
1,5,64,0.5,0.5,0,0,10
2,5,64,1,0,0,0,1
3,5,64,0.0541,0.9459,0,0,37
4,5,64,0,0,0,1,1
1,6,64,0.5,0.5,0,0,0
2,6,64,0.3014,0.6986,0,0,73
3,6,64,0.0278,0.9722,0,0,36
4,6,64,0.05,0,0,0.95,20
1,7,64,0.5,0.5,0,0,0
2,7,64,0.2615,0.7385,0,0,65
3,7,64,0,1,0,0,30
4,7,64,0,0,0,1,17
1,8,64,0.5,0.5,0,0,0
2,8,64,0,1,0,0,1
3,8,64,0,1,0,0,1
4,8,64,0,0,0,1,1
1,9,64,0.5,0.5,0,0,0
2,9,64,0.2692,0.7308,0,0,78
3,9,64,0,1,0,0,1
4,9,64,0,0,0,1,20
1,10,64,0.5333,0.4667,0,0,15
2,10,64,0.3333,0.6667,0,0,3
3,10,64,0.0172,0.9828,0,0,58
4,10,64,0,0,0,1,0
1,11,64,0,1,0,0,1
2,11,64,0.12,0.88,0,0,25
3,11,64,0.0476,0.9524,0,0,21
4,11,64,0,0,0,1,0
1,12,64,0.5,0.5,0,0,0
2,12,64,0.0435,0.9565,0,0,23
3,12,64,0,1,0,0,10
4,12,64,0,0,0,1,0
1,13,64,0.5,0.5,0,0,0
2,13,64,0.2667,0.7333,0,0,15
3,13,64,0,1,0,0,10
4,13,64,0,0,0,1,0
1,14,64,0.5,0.5,0,0,0
2,14,64,0,1,0,0,1
3,14,64,0,1,0,0,1
4,14,64,0,0,0,1,0
1,15,64,0.2727,0.7273,0,0,22
2,15,64,0.2353,0.7647,0,0,17
3,15,64,0.0769,0.9231,0,0,13
4,15,64,0,0,0,1,0
1,16,64,0,1,0,0,1
2,16,64,0,1,0,0,4
3,16,64,0.1667,0.8333,0,0,12
4,16,64,0,0,0,1,0
1,17,64,0.5,0.5,0,0,0
2,17,64,0.1,0.9,0,0,10
3,17,64,0,1,0,0,6
4,17,64,0,0,0,1,0
1,18,64,1,0,0,0,1
2,18,64,0.1429,0.8571,0,0,7
3,18,64,0.1429,0.8571,0,0,7
4,18,64,0,0,0,1,0
1,19,64,0.5,0.5,0,0,0
2,19,64,0,1,0,0,2
3,19,64,0.5,0.5,0,0,4
4,19,64,0,0,0,1,0
1,20,64,0,1,0,0,1
2,20,64,0.2857,0.7143,0,0,7
3,20,64,0.2,0.8,0,0,5
4,20,64,0,0,0,1,0
1,1,65,0.5,0.5,0,0,0
2,1,65,0.5714,0.4286,0,0,35
3,1,65,0.7143,0.2857,0,0,49
4,1,65,0.0909,0.0909,0,0.8182,22
1,2,65,0.5,0.5,0,0,0
2,2,65,0.6176,0.3824,0,0,34
3,2,65,0.2368,0.7632,0,0,38
4,2,65,0,0.1053,0,0.8947,19
1,3,65,0.5,0.5,0,0,0
2,3,65,0.5909,0.4091,0,0,44
3,3,65,0.125,0.875,0,0,32
4,3,65,0,0.1111,0,0.8889,18
1,4,65,0.5,0.5,0,0,0
2,4,65,0.4,0.6,0,0,35
3,4,65,0.1111,0.8889,0,0,27
4,4,65,0,0,0,1,5
1,5,65,0.7273,0.2727,0,0,11
2,5,65,0.4528,0.5472,0,0,159
3,5,65,0.0317,0.9683,0,0,126
4,5,65,0.0169,0.0339,0,0.9492,59
1,6,65,0.5,0.5,0,0,0
2,6,65,0,1,0,0,1
3,6,65,0,1,0,0,1
4,6,65,0,0,0,1,15
1,7,65,0.5,0.5,0,0,0
2,7,65,0.3939,0.6061,0,0,66
3,7,65,0.0769,0.9231,0,0,39
4,7,65,0,0,0,1,22
1,8,65,0.5,0.5,0,0,0
2,8,65,0.4167,0.5833,0,0,48
3,8,65,0.0333,0.9667,0,0,30
4,8,65,0,0,0,1,1
1,9,65,0.5,0.5,0,0,0
2,9,65,0.1489,0.8511,0,0,47
3,9,65,0,1,0,0,27
4,9,65,0,0.0526,0,0.9474,19
1,10,65,0.5833,0.4167,0,0,12
2,10,65,0,1,0,0,2
3,10,65,0.0588,0.9412,0,0,51
4,10,65,0,0,0,1,0
1,11,65,0.5,0.5,0,0,0
2,11,65,0,1,0,0,1
3,11,65,0,1,0,0,1
4,11,65,0,0,0,1,0
1,12,65,0.5,0.5,0,0,0
2,12,65,0.08,0.92,0,0,25
3,12,65,0.0417,0.9583,0,0,24
4,12,65,0,0,0,1,0
1,13,65,0.5,0.5,0,0,0
2,13,65,0.1176,0.8824,0,0,17
3,13,65,0,1,0,0,13
4,13,65,0,0,0,1,0
1,14,65,0,1,0,0,1
2,14,65,0.0909,0.9091,0,0,11
3,14,65,0,1,0,0,11
4,14,65,0,0,0,1,0
1,15,65,0.2857,0.7143,0,0,21
2,15,65,0.0833,0.9167,0,0,24
3,15,65,0,1,0,0,14
4,15,65,0,0,0,1,0
1,16,65,1,0,0,0,1
2,16,65,0,1,0,0,7
3,16,65,0,1,0,0,5
4,16,65,0,0,0,1,0
1,17,65,1,0,0,0,1
2,17,65,0,1,0,0,7
3,17,65,0,1,0,0,8
4,17,65,0,0,0,1,0
1,18,65,0,1,0,0,1
2,18,65,0.1429,0.8571,0,0,7
3,18,65,0.2857,0.7143,0,0,7
4,18,65,0,0,0,1,0
1,19,65,0.5,0.5,0,0,0
2,19,65,0,1,0,0,2
3,19,65,0.5,0.5,0,0,0
4,19,65,0,0,0,1,0
1,20,65,0.2222,0.7778,0,0,18
2,20,65,0.3333,0.6667,0,0,9
3,20,65,0,1,0,0,6
4,20,65,0,0,0,1,0
1,1,66,0.5,0.5,0,0,0
2,1,66,0.7188,0.2812,0,0,345
3,1,66,0.6667,0.3333,0,0,3
4,1,66,0,0,0,1,1
1,2,66,0.5,0.5,0,0,0
2,2,66,0.6071,0.3929,0,0,28
3,2,66,0.375,0.625,0,0,32
4,2,66,0,0,0,1,14
1,3,66,0.5,0.5,0,0,0
2,3,66,0.5143,0.4857,0,0,35
3,3,66,0.1667,0.8333,0,0,24
4,3,66,0,0,0,1,10
1,4,66,0.5,0.5,0,0,0
2,4,66,0.5294,0.4706,0,0,34
3,4,66,0.037,0.963,0,0,27
4,4,66,0,0.0556,0,0.9444,18
1,5,66,0.6,0.4,0,0,5
2,5,66,0.6829,0.3171,0,0,41
3,5,66,0,1,0,0,19
4,5,66,0,0,0,1,8
1,6,66,0.5,0.5,0,0,0
2,6,66,1,0,0,0,1
3,6,66,0.0114,0.9886,0,0,88
4,6,66,0,0.0189,0,0.9811,53
1,7,66,0.5,0.5,0,0,0
2,7,66,0.2812,0.7188,0,0,64
3,7,66,0,1,0,0,1
4,7,66,0,0,0,1,20
1,8,66,0.5,0.5,0,0,0
2,8,66,0.3158,0.6842,0,0,57
3,8,66,0,1,0,0,36
4,8,66,0,0,0,1,15
1,9,66,0.5,0.5,0,0,0
2,9,66,0.3111,0.6889,0,0,45
3,9,66,0.0526,0.9474,0,0,19
4,9,66,0,0,0,1,10
1,10,66,0.8571,0.1429,0,0,7
2,10,66,0,1,0,0,1
3,10,66,0.0541,0.9459,0,0,37
4,10,66,0,0,0,1,0
1,11,66,0.5,0.5,0,0,0
2,11,66,0.1429,0.8571,0,0,28
3,11,66,0,1,0,0,20
4,11,66,0,0,0,1,0
1,12,66,0.5,0.5,0,0,0
2,12,66,0.0952,0.9048,0,0,21
3,12,66,0,1,0,0,23
4,12,66,0,0,0,1,0
1,13,66,0,1,0,0,1
2,13,66,0.2105,0.7895,0,0,19
3,13,66,0.0625,0.9375,0,0,16
4,13,66,0,0,0,1,0
1,14,66,0.5,0.5,0,0,0
2,14,66,0.0833,0.9167,0,0,12
3,14,66,0.2308,0.7692,0,0,13
4,14,66,0,0,0,1,0
1,15,66,0.1429,0.8571,0,0,14
2,15,66,0.1429,0.8571,0,0,21
3,15,66,0,1,0,0,15
4,15,66,0,0,0,1,0
1,16,66,0,1,0,0,1
2,16,66,0.1667,0.8333,0,0,12
3,16,66,0,1,0,0,7
4,16,66,0,0,0,1,0
1,17,66,1,0,0,0,1
2,17,66,0.1667,0.8333,0,0,6
3,17,66,0,1,0,0,6
4,17,66,0,0,0,1,0
1,18,66,0.5,0.5,0,0,0
2,18,66,0.375,0.625,0,0,8
3,18,66,0,1,0,0,4
4,18,66,0,0,0,1,0
1,19,66,0.5,0.5,0,0,0
2,19,66,0,1,0,0,6
3,19,66,0.3333,0.6667,0,0,3
4,19,66,0,0,0,1,0
1,20,66,0.2857,0.7143,0,0,14
2,20,66,0,1,0,0,6
3,20,66,0.3333,0.6667,0,0,3
4,20,66,0,0,0,1,0
1,1,67,0.5,0.5,0,0,0
2,1,67,0.75,0.25,0,0,36
3,1,67,0.7143,0.2857,0,0,49
4,1,67,0.36,0,0,0.64,25
1,2,67,0.5,0.5,0,0,0
2,2,67,0.5,0.5,0,0,6
3,2,67,0.5,0.5,0,0,4
4,2,67,0,0,0,1,2
1,3,67,0.5,0.5,0,0,0
2,3,67,0.6316,0.3684,0,0,38
3,3,67,0.0294,0.9706,0,0,34
4,3,67,0,0,0,1,24
1,4,67,0.5,0.5,0,0,0
2,4,67,0,1,0,0,1
3,4,67,0,1,0,0,1
4,4,67,0,0,0,1,17
1,5,67,0.4,0.6,0,0,5
2,5,67,0.4407,0.5593,0,0,59
3,5,67,0.037,0.963,0,0,27
4,5,67,0,0,0,1,15
1,6,67,0.5,0.5,0,0,0
2,6,67,1,0,0,0,1
3,6,67,0.0286,0.9714,0,0,35
4,6,67,0,0.0714,0,0.9286,14
1,7,67,0.5,0.5,0,0,0
2,7,67,0.3085,0.6915,0,0,188
3,7,67,0.0132,0.9868,0,0,76
4,7,67,0.0263,0.0263,0,0.9474,38
1,8,67,0.5,0.5,0,0,0
2,8,67,0.1884,0.8116,0,0,69
3,8,67,0,1,0,0,27
4,8,67,0,0,0,1,16
1,9,67,0.5,0.5,0,0,0
2,9,67,0.1875,0.8125,0,0,48
3,9,67,0,1,0,0,33
4,9,67,0,0.1111,0,0.8889,9
1,10,67,0.4,0.6,0,0,5
2,10,67,0,1,0,0,2
3,10,67,0,1,0,0,2
4,10,67,0,0,0,1,0
1,11,67,0,1,0,0,1
2,11,67,0,1,0,0,12
3,11,67,0,1,0,0,13
4,11,67,0,0,0,1,0
1,12,67,0.5,0.5,0,0,0
2,12,67,0.2308,0.7692,0,0,13
3,12,67,0,1,0,0,12
4,12,67,0,0,0,1,0
1,13,67,0.5,0.5,0,0,0
2,13,67,0.5,0.5,0,0,14
3,13,67,0.0909,0.9091,0,0,11
4,13,67,0,0,0,1,0
1,14,67,1,0,0,0,1
2,14,67,0.2143,0.7857,0,0,14
3,14,67,0.0769,0.9231,0,0,13
4,14,67,0,0,0,1,0
1,15,67,0.4444,0.5556,0,0,18
2,15,67,0.2222,0.7778,0,0,18
3,15,67,0.0526,0.9474,0,0,19
4,15,67,0,0,0,1,0
1,16,67,0.5,0.5,0,0,0
2,16,67,0.125,0.875,0,0,8
3,16,67,0,1,0,0,6
4,16,67,0,0,0,1,0
1,17,67,0.5,0.5,0,0,0
2,17,67,0,1,0,0,3
3,17,67,0,1,0,0,7
4,17,67,0,0,0,1,0
1,18,67,0,1,0,0,1
2,18,67,0.3333,0.6667,0,0,9
3,18,67,0,1,0,0,7
4,18,67,0,0,0,1,0
1,19,67,0.5,0.5,0,0,0
2,19,67,0,1,0,0,3
3,19,67,0,1,0,0,5
4,19,67,0,0,0,1,0
1,20,67,0.3846,0.6154,0,0,13
2,20,67,0.125,0.875,0,0,8
3,20,67,0.3333,0.6667,0,0,3
4,20,67,0,0,0,1,0
1,1,68,0.5,0.5,0,0,0
2,1,68,0.7188,0.2812,0,0,32
3,1,68,1,0,0,0,2
4,1,68,1,0,0,0,1
1,2,68,0.5,0.5,0,0,0
2,2,68,1,0,0,0,1
3,2,68,0.2692,0.7308,0,0,26
4,2,68,0,0,0,1,9
1,3,68,0.5,0.5,0,0,0
2,3,68,0.6667,0.3333,0,0,3
3,3,68,0,1,0,0,4
4,3,68,0.0065,0.0327,0,0.9608,153
1,4,68,0.5,0.5,0,0,0
2,4,68,0.5161,0.4839,0,0,31
3,4,68,0.0476,0.9524,0,0,42
4,4,68,0,0,0,1,23
1,5,68,0.5714,0.4286,0,0,7
2,5,68,0.2703,0.7297,0,0,37
3,5,68,0,1,0,0,31
4,5,68,0,0,0,1,19
1,6,68,0.5,0.5,0,0,0
2,6,68,0.4615,0.5385,0,0,52
3,6,68,0,1,0,0,29
4,6,68,0,0.0667,0,0.9333,15
1,7,68,0.5,0.5,0,0,0
2,7,68,0.2909,0.7091,0,0,55
3,7,68,0,1,0,0,21
4,7,68,0,0,0,1,10
1,8,68,0,1,0,0,2
2,8,68,0.2278,0.7722,0,0,158
3,8,68,0,1,0,0,76
4,8,68,0,0,0,1,41
1,9,68,0.5,0.5,0,0,0
2,9,68,0.1915,0.8085,0,0,47
3,9,68,0.04,0.96,0,0,25
4,9,68,0.0833,0,0,0.9167,12
1,10,68,0.75,0.25,0,0,4
2,10,68,0.5,0.5,0,0,2
3,10,68,0.0312,0.9688,0,0,32
4,10,68,0,0,0,1,0
1,11,68,0.5,0.5,0,0,0
2,11,68,0.1875,0.8125,0,0,16
3,11,68,0,1,0,0,8
4,11,68,0,0,0,1,0
1,12,68,0.5,0.5,0,0,0
2,12,68,0.0769,0.9231,0,0,13
3,12,68,0,1,0,0,1
4,12,68,0,0,0,1,0
1,13,68,0,1,0,0,1
2,13,68,0.1,0.9,0,0,20
3,13,68,0,1,0,0,15
4,13,68,0,0,0,1,0
1,14,68,0.5,0.5,0,0,0
2,14,68,0,1,0,0,18
3,14,68,0,1,0,0,1
4,14,68,0,0,0,1,0
1,15,68,0.44,0.56,0,0,25
2,15,68,0.1538,0.8462,0,0,13
3,15,68,0.0588,0.9412,0,0,17
4,15,68,0,0,0,1,0
1,16,68,0.5,0.5,0,0,0
2,16,68,0.2222,0.7778,0,0,9
3,16,68,0,1,0,0,9
4,16,68,0,0,0,1,0
1,17,68,0,1,0,0,1
2,17,68,0.2,0.8,0,0,10
3,17,68,0.25,0.75,0,0,4
4,17,68,0,0,0,1,0
1,18,68,0,1,0,0,1
2,18,68,0,1,0,0,9
3,18,68,0,1,0,0,5
4,18,68,0,0,0,1,0
1,19,68,0,1,0,0,3
2,19,68,0,1,0,0,1
3,19,68,1,0,0,0,1
4,19,68,0,0,0,1,0
1,20,68,0.1739,0.8261,0,0,23
2,20,68,0.1818,0.8182,0,0,11
3,20,68,0,1,0,0,6
4,20,68,0,0,0,1,0
1,1,69,0.5,0.5,0,0,0
2,1,69,0.9259,0.0741,0,0,27
3,1,69,0.7755,0.2245,0,0,49
4,1,69,0.2,0.12,0,0.68,25
1,2,69,0.5,0.5,0,0,0
2,2,69,1,0,0,0,1
3,2,69,0.2692,0.7308,0,0,26
4,2,69,0,0,0,1,8
1,3,69,0.5,0.5,0,0,0
2,3,69,0.5476,0.4524,0,0,42
3,3,69,0.1333,0.8667,0,0,30
4,3,69,0,0.0625,0,0.9375,16
1,4,69,0.5,0.5,0,0,0
2,4,69,0.6667,0.3333,0,0,3
3,4,69,0,1,0,0,2
4,4,69,0,0,0,1,4
1,5,69,0.75,0.25,0,0,4
2,5,69,0.4643,0.5357,0,0,56
3,5,69,0.027,0.973,0,0,37
4,5,69,0,0,0,1,12
1,6,69,0.5,0.5,0,0,0
2,6,69,0.3846,0.6154,0,0,65
3,6,69,0,1,0,0,23
4,6,69,0,0.1111,0,0.8889,9
1,7,69,0.5,0.5,0,0,0
2,7,69,0.28,0.72,0,0,50
3,7,69,0.0312,0.9688,0,0,32
4,7,69,0,0.0833,0,0.9167,12
1,8,69,0.5,0.5,0,0,0
2,8,69,0.322,0.678,0,0,59
3,8,69,0,1,0,0,22
4,8,69,0,0,0,1,10
1,9,69,0.5,0.5,0,0,0
2,9,69,0.205,0.795,0,0,161
3,9,69,0,1,0,0,55
4,9,69,0,0,0,1,33
1,10,69,0,1,0,0,5
2,10,69,0,1,0,0,1
3,10,69,0,1,0,0,28
4,10,69,0,0,0,1,0
1,11,69,0.5,0.5,0,0,0
2,11,69,0.1429,0.8571,0,0,21
3,11,69,0,1,0,0,10
4,11,69,0,0,0,1,0
1,12,69,0.5,0.5,0,0,0
2,12,69,0,1,0,0,17
3,12,69,0,1,0,0,6
4,12,69,0,0,0,1,0
1,13,69,0.5,0.5,0,0,0
2,13,69,0.2,0.8,0,0,10
3,13,69,0,1,0,0,5
4,13,69,0,0,0,1,0
1,14,69,0.5,0.5,0,0,0
2,14,69,0.0833,0.9167,0,0,12
3,14,69,0,1,0,0,10
4,14,69,0,0,0,1,0
1,15,69,0,1,0,0,1
2,15,69,0,1,0,0,1
3,15,69,0.3333,0.6667,0,0,9
4,15,69,0,0,0,1,0
1,16,69,0,1,0,0,1
2,16,69,0.25,0.75,0,0,12
3,16,69,0,1,0,0,12
4,16,69,0,0,0,1,0
1,17,69,0.5,0.5,0,0,0
2,17,69,0,1,0,0,4
3,17,69,0,1,0,0,4
4,17,69,0,0,0,1,0
1,18,69,0,1,0,0,1
2,18,69,0.4286,0.5714,0,0,7
3,18,69,0.125,0.875,0,0,8
4,18,69,0,0,0,1,0
1,19,69,0,1,0,0,4
2,19,69,0.6,0.4,0,0,5
3,19,69,0.5,0.5,0,0,2
4,19,69,0,0,0,1,0
1,20,69,0.16,0.84,0,0,25
2,20,69,0.1111,0.8889,0,0,9
3,20,69,0,1,0,0,5
4,20,69,0,0,0,1,0
1,1,70,0.5,0.5,0,0,0
2,1,70,0.6774,0.3226,0,0,31
3,1,70,0.8542,0.1458,0,0,48
4,1,70,0.3333,0.0667,0,0.6,30
1,2,70,0.5,0.5,0,0,0
2,2,70,0.7143,0.2857,0,0,28
3,2,70,0.1944,0.8056,0,0,36
4,2,70,0.0588,0,0,0.9412,17
1,3,70,0.5,0.5,0,0,0
2,3,70,1,0,0,0,1
3,3,70,0.1875,0.8125,0,0,32
4,3,70,0,0,0,1,13
1,4,70,0.5,0.5,0,0,0
2,4,70,0.6829,0.3171,0,0,41
3,4,70,0,1,0,0,1
4,4,70,0,0,0,1,17
1,5,70,0.4706,0.5294,0,0,51
2,5,70,0,1,0,0,4
3,5,70,0,1,0,0,3
4,5,70,0,0,0,1,1
1,6,70,0.5,0.5,0,0,0
2,6,70,0.3279,0.6721,0,0,61
3,6,70,0.0526,0.9474,0,0,38
4,6,70,0,0,0,1,20
1,7,70,0.5,0.5,0,0,0
2,7,70,0.3649,0.6351,0,0,74
3,7,70,0,1,0,0,1
4,7,70,0,0,0,1,1
1,8,70,1,0,0,0,1
2,8,70,0.2807,0.7193,0,0,57
3,8,70,0.05,0.95,0,0,20
4,8,70,0,0,0,1,16
1,9,70,0.5,0.5,0,0,0
2,9,70,0.2571,0.7429,0,0,35
3,9,70,0,1,0,0,21
4,9,70,0,0,0,1,6
1,10,70,0.5,0.5,0,0,2
2,10,70,0.3622,0.6378,0,0,381
3,10,70,0.0109,0.9891,0,0,92
4,10,70,0,0,0,1,0
1,11,70,0.5,0.5,0,0,0
2,11,70,0,1,0,0,1
3,11,70,0,1,0,0,17
4,11,70,0,0,0,1,0
1,12,70,0.5,0.5,0,0,0
2,12,70,0.3889,0.6111,0,0,18
3,12,70,0.0769,0.9231,0,0,13
4,12,70,0,0,0,1,0
1,13,70,0,1,0,0,1
2,13,70,0.4545,0.5455,0,0,11
3,13,70,0,1,0,0,13
4,13,70,0,0,0,1,0
1,14,70,0.5,0.5,0,0,0
2,14,70,0.2222,0.7778,0,0,9
3,14,70,0.2727,0.7273,0,0,11
4,14,70,0,0,0,1,0
1,15,70,0.5,0.5,0,0,16
2,15,70,0.1579,0.8421,0,0,19
3,15,70,0.0625,0.9375,0,0,16
4,15,70,0,0,0,1,0
1,16,70,0,1,0,0,1
2,16,70,0.1818,0.8182,0,0,11
3,16,70,0.1429,0.8571,0,0,7
4,16,70,0,0,0,1,0
1,17,70,0.5,0.5,0,0,2
2,17,70,0.1667,0.8333,0,0,12
3,17,70,0,1,0,0,5
4,17,70,0,0,0,1,0
1,18,70,0.5,0.5,0,0,0
2,18,70,0.25,0.75,0,0,8
3,18,70,0.3333,0.6667,0,0,6
4,18,70,0,0,0,1,0
1,19,70,0.5,0.5,0,0,0
2,19,70,0.25,0.75,0,0,8
3,19,70,0,1,0,0,4
4,19,70,0,0,0,1,0
1,20,70,0.1304,0.8696,0,0,23
2,20,70,0.1111,0.8889,0,0,9
3,20,70,0,1,0,0,7
4,20,70,0,0,0,1,0
1,1,71,0.5,0.5,0,0,0
2,1,71,0.7273,0.2727,0,0,77
3,1,71,0.7383,0.2617,0,0,107
4,1,71,0,0,0,1,1
1,2,71,0.5,0.5,0,0,0
2,2,71,0.6154,0.3846,0,0,26
3,2,71,0.2414,0.7586,0,0,29
4,2,71,0,0,0,1,14
1,3,71,0.5,0.5,0,0,0
2,3,71,1,0,0,0,1
3,3,71,0,1,0,0,1
4,3,71,0,0,0,1,10
1,4,71,0.5,0.5,0,0,0
2,4,71,1,0,0,0,1
3,4,71,0,1,0,0,31
4,4,71,0,0.1111,0,0.8889,18
1,5,71,0.4,0.6,0,0,5
2,5,71,0,1,0,0,1
3,5,71,0,1,0,0,30
4,5,71,0,0,0,1,12
1,6,71,0.5,0.5,0,0,0
2,6,71,0.5,0.5,0,0,8
3,6,71,0,1,0,0,5
4,6,71,0,0,0,1,3
1,7,71,0.5,0.5,0,0,0
2,7,71,0.3333,0.6667,0,0,63
3,7,71,0,1,0,0,32
4,7,71,0,0,0,1,13
1,8,71,0.5,0.5,0,0,0
2,8,71,0.3191,0.6809,0,0,47
3,8,71,0.0556,0.9444,0,0,18
4,8,71,0,0.0909,0,0.9091,11
1,9,71,0.5,0.5,0,0,0
2,9,71,0.25,0.75,0,0,32
3,9,71,0.25,0.75,0,0,8
4,9,71,0,0,0,1,3
1,10,71,1,0,0,0,1
2,10,71,0.3217,0.6783,0,0,115
3,10,71,0.037,0.963,0,0,27
4,10,71,0,0,0,1,0
1,11,71,0.5,0.5,0,0,0
2,11,71,0.1034,0.8966,0,0,58
3,11,71,0,1,0,0,1
4,11,71,0,0,0,1,0
1,12,71,0.5,0.5,0,0,0
2,12,71,0.1818,0.8182,0,0,22
3,12,71,0,1,0,0,11
4,12,71,0,0,0,1,0
1,13,71,0,1,0,0,1
2,13,71,0.125,0.875,0,0,8
3,13,71,0.3333,0.6667,0,0,3
4,13,71,0,0,0,1,0
1,14,71,0,1,0,0,1
2,14,71,0,1,0,0,4
3,14,71,0.3333,0.6667,0,0,3
4,14,71,0,0,0,1,0
1,15,71,0.2727,0.7273,0,0,11
2,15,71,0.1111,0.8889,0,0,9
3,15,71,0,1,0,0,9
4,15,71,0,0,0,1,0
1,16,71,0,1,0,0,1
2,16,71,0,1,0,0,9
3,16,71,0.2222,0.7778,0,0,9
4,16,71,0,0,0,1,0
1,17,71,1,0,0,0,1
2,17,71,0.2,0.8,0,0,10
3,17,71,0,1,0,0,1
4,17,71,0,0,0,1,0
1,18,71,0,1,0,0,1
2,18,71,0.1818,0.8182,0,0,11
3,18,71,0,1,0,0,4
4,18,71,0,0,0,1,0
1,19,71,0.5,0.5,0,0,2
2,19,71,0.2,0.8,0,0,5
3,19,71,1,0,0,0,1
4,19,71,0,0,0,1,0
1,20,71,0.1,0.9,0,0,20
2,20,71,0.0714,0.9286,0,0,14
3,20,71,0.2857,0.7143,0,0,7
4,20,71,0,0,0,1,0
1,1,72,0.5,0.5,0,0,0
2,1,72,0.8462,0.1538,0,0,13
3,1,72,0,1,0,0,1
4,1,72,0,0,0,1,1
1,2,72,0.5,0.5,0,0,0
2,2,72,1,0,0,0,1
3,2,72,0.3333,0.6667,0,0,78
4,2,72,0,0.1034,0,0.8966,29
1,3,72,0.5,0.5,0,0,0
2,3,72,0.3478,0.6522,0,0,23
3,3,72,0.0645,0.9355,0,0,31
4,3,72,0,0.0588,0,0.9412,17
1,4,72,0.5,0.5,0,0,0
2,4,72,0.4667,0.5333,0,0,30
3,4,72,0.0571,0.9429,0,0,35
4,4,72,0.0667,0,0,0.9333,15
1,5,72,0,1,0,0,1
2,5,72,0.5333,0.4667,0,0,45
3,5,72,0,1,0,0,36
4,5,72,0,0,0,1,1
1,6,72,0.5,0.5,0,0,0
2,6,72,0,1,0,0,1
3,6,72,0.069,0.931,0,0,29
4,6,72,0,0,0,1,16
1,7,72,0,1,0,0,1
2,7,72,0.6,0.4,0,0,5
3,7,72,0,1,0,0,1
4,7,72,0.0068,0.027,0,0.9662,148
1,8,72,0.5,0.5,0,0,0
2,8,72,0.3393,0.6607,0,0,56
3,8,72,0,1,0,0,27
4,8,72,0,0,0,1,12
1,9,72,0.5,0.5,0,0,0
2,9,72,0.5,0.5,0,0,2
3,9,72,0,1,0,0,1
4,9,72,0,0,0,1,11
1,10,72,0.4821,0.5179,0,0,728
2,10,72,0.3846,0.6154,0,0,104
3,10,72,0.0333,0.9667,0,0,30
4,10,72,0,0,0,1,0
1,11,72,0.5,0.5,0,0,0
2,11,72,0.0714,0.9286,0,0,14
3,11,72,0,1,0,0,14
4,11,72,0,0,0,1,0
1,12,72,0.5,0.5,0,0,0
2,12,72,0.2162,0.7838,0,0,37
3,12,72,0,1,0,0,26
4,12,72,0,0,0,1,0
1,13,72,0.5,0.5,0,0,0
2,13,72,0.3333,0.6667,0,0,6
3,13,72,0.1111,0.8889,0,0,9
4,13,72,0,0,0,1,0
1,14,72,0.5,0.5,0,0,0
2,14,72,0.1667,0.8333,0,0,6
3,14,72,0,1,0,0,5
4,14,72,0,0,0,1,0
1,15,72,0.3333,0.6667,0,0,15
2,15,72,0,1,0,0,9
3,15,72,0,1,0,0,2
4,15,72,0,0,0,1,0
1,16,72,0.5,0.5,0,0,2
2,16,72,0,1,0,0,1
3,16,72,0,1,0,0,3
4,16,72,0,0,0,1,0
1,17,72,0,1,0,0,1
2,17,72,0,1,0,0,1
3,17,72,0,1,0,0,11
4,17,72,0,0,0,1,0
1,18,72,0.5,0.5,0,0,0
2,18,72,1,0,0,0,1
3,18,72,0,1,0,0,6
4,18,72,0,0,0,1,0
1,19,72,0,1,0,0,1
2,19,72,0.2,0.8,0,0,5
3,19,72,1,0,0,0,1
4,19,72,0,0,0,1,0
1,20,72,0.1429,0.8571,0,0,14
2,20,72,0.1667,0.8333,0,0,6
3,20,72,0.3333,0.6667,0,0,3
4,20,72,0,0,0,1,0
1,1,73,0.5,0.5,0,0,0
2,1,73,0.8077,0.1923,0,0,26
3,1,73,0.6757,0.3243,0,0,37
4,1,73,0.4286,0,0,0.5714,14
1,2,73,0.5,0.5,0,0,0
2,2,73,0.7,0.3,0,0,20
3,2,73,0.2,0.8,0,0,25
4,2,73,0,0.125,0,0.875,8
1,3,73,0.5,0.5,0,0,0
2,3,73,0.6269,0.3731,0,0,67
3,3,73,0,1,0,0,1
4,3,73,0,0,0,1,1
1,4,73,0.5,0.5,0,0,0
2,4,73,0.44,0.56,0,0,50
3,4,73,0,1,0,0,28
4,4,73,0,0,0,1,14
1,5,73,0.3333,0.6667,0,0,3
2,5,73,0.4878,0.5122,0,0,41
3,5,73,0.0571,0.9429,0,0,35
4,5,73,0,0,0,1,15
1,6,73,0.5,0.5,0,0,0
2,6,73,0.3265,0.6735,0,0,49
3,6,73,0.0435,0.9565,0,0,23
4,6,73,0.0588,0.0588,0,0.8824,17
1,7,73,0.5,0.5,0,0,0
2,7,73,0.3208,0.6792,0,0,53
3,7,73,0.0385,0.9615,0,0,26
4,7,73,0,0,0,1,17
1,8,73,0.5,0.5,0,0,0
2,8,73,0.4,0.6,0,0,5
3,8,73,0,1,0,0,3
4,8,73,0,0,0,1,1
1,9,73,0.5,0.5,0,0,0
2,9,73,0.1818,0.8182,0,0,44
3,9,73,0,1,0,0,27
4,9,73,0,0,0,1,11
1,10,73,0.75,0.25,0,0,4
2,10,73,0.2705,0.7295,0,0,122
3,10,73,0,1,0,0,37
4,10,73,0,0,0,1,0
1,11,73,0.5,0.5,0,0,0
2,11,73,0.1579,0.8421,0,0,19
3,11,73,0.1,0.9,0,0,10
4,11,73,0,0,0,1,0
1,12,73,0.5,0.5,0,0,0
2,12,73,0.2308,0.7692,0,0,13
3,12,73,0,1,0,0,10
4,12,73,0,0,0,1,0
1,13,73,0.5,0.5,0,0,0
2,13,73,0.1935,0.8065,0,0,31
3,13,73,0.04,0.96,0,0,25
4,13,73,0,0,0,1,0
1,14,73,0.5,0.5,0,0,0
2,14,73,0.2,0.8,0,0,5
3,14,73,0,1,0,0,5
4,14,73,0,0,0,1,0
1,15,73,0.3125,0.6875,0,0,16
2,15,73,0.2,0.8,0,0,5
3,15,73,0.1429,0.8571,0,0,7
4,15,73,0,0,0,1,0
1,16,73,0.5,0.5,0,0,0
2,16,73,0.1667,0.8333,0,0,6
3,16,73,0,1,0,0,4
4,16,73,0,0,0,1,0
1,17,73,0.5,0.5,0,0,0
2,17,73,0,1,0,0,2
3,17,73,1,0,0,0,2
4,17,73,0,0,0,1,0
1,18,73,0.5,0.5,0,0,0
2,18,73,0,1,0,0,3
3,18,73,0,1,0,0,6
4,18,73,0,0,0,1,0
1,19,73,0,1,0,0,1
2,19,73,0.2222,0.7778,0,0,9
3,19,73,0.2857,0.7143,0,0,7
4,19,73,0,0,0,1,0
1,20,73,0.35,0.65,0,0,20
2,20,73,0.3846,0.6154,0,0,13
3,20,73,0.1429,0.8571,0,0,7
4,20,73,0,0,0,1,0
1,1,74,0.5,0.5,0,0,0
2,1,74,0.8,0.2,0,0,25
3,1,74,0.7895,0.2105,0,0,19
4,1,74,0.5,0,0,0.5,12
1,2,74,0.5,0.5,0,0,0
2,2,74,0.625,0.375,0,0,16
3,2,74,0.1667,0.8333,0,0,24
4,2,74,0.0667,0,0,0.9333,15
1,3,74,0.5,0.5,0,0,0
2,3,74,0.5238,0.4762,0,0,21
3,3,74,0,1,0,0,18
4,3,74,0,0,0,1,11
1,4,74,0.5,0.5,0,0,0
2,4,74,1,0,0,0,1
3,4,74,0.0714,0.9286,0,0,56
4,4,74,0,0.037,0,0.963,27
1,5,74,1,0,0,0,5
2,5,74,0.4118,0.5882,0,0,34
3,5,74,0.08,0.92,0,0,25
4,5,74,0,0,0,1,8
1,6,74,0.5,0.5,0,0,0
2,6,74,0.4222,0.5778,0,0,45
3,6,74,0,1,0,0,22
4,6,74,0,0,0,1,12
1,7,74,0.5,0.5,0,0,0
2,7,74,0.3333,0.6667,0,0,54
3,7,74,0.0294,0.9706,0,0,34
4,7,74,0,0,0,1,10
1,8,74,0.5,0.5,0,0,0
2,8,74,0.3696,0.6304,0,0,46
3,8,74,0,1,0,0,22
4,8,74,0.125,0,0,0.875,8
1,9,74,0.5,0.5,0,0,0
2,9,74,0.2,0.8,0,0,5
3,9,74,0.0178,0.9822,0,0,225
4,9,74,0,0.0153,0,0.9847,131
1,10,74,0,1,0,0,2
2,10,74,0,1,0,0,1
3,10,74,0,1,0,0,1
4,10,74,0,0,0,1,0
1,11,74,0.5,0.5,0,0,0
2,11,74,0.2353,0.7647,0,0,17
3,11,74,0.1,0.9,0,0,10
4,11,74,0,0,0,1,0
1,12,74,0.5,0.5,0,0,0
2,12,74,0.25,0.75,0,0,4
3,12,74,0.2,0.8,0,0,10
4,12,74,0,0,0,1,0
1,13,74,0.5,0.5,0,0,0
2,13,74,0.2667,0.7333,0,0,15
3,13,74,0,1,0,0,7
4,13,74,0,0,0,1,0
1,14,74,0.5,0.5,0,0,0
2,14,74,0,1,0,0,25
3,14,74,0,1,0,0,21
4,14,74,0,0,0,1,0
1,15,74,0.4706,0.5294,0,0,17
2,15,74,0.125,0.875,0,0,16
3,15,74,0.25,0.75,0,0,8
4,15,74,0,0,0,1,0
1,16,74,0.5,0.5,0,0,0
2,16,74,0.3333,0.6667,0,0,3
3,16,74,0.1429,0.8571,0,0,7
4,16,74,0,0,0,1,0
1,17,74,1,0,0,0,1
2,17,74,0,1,0,0,4
3,17,74,0,1,0,0,5
4,17,74,0,0,0,1,0
1,18,74,0.5,0.5,0,0,0
2,18,74,0,1,0,0,2
3,18,74,0.4,0.6,0,0,5
4,18,74,0,0,0,1,0
1,19,74,0.5,0.5,0,0,0
2,19,74,0,1,0,0,7
3,19,74,0.5,0.5,0,0,0
4,19,74,0,0,0,1,0
1,20,74,0.2414,0.7586,0,0,29
2,20,74,0.1579,0.8421,0,0,19
3,20,74,0.1,0.9,0,0,10
4,20,74,0,0,0,1,0
1,1,75,0.5,0.5,0,0,0
2,1,75,0.4737,0.5263,0,0,19
3,1,75,0.6786,0.3214,0,0,28
4,1,75,0,0,0,1,8
1,2,75,0.5,0.5,0,0,0
2,2,75,0.6875,0.3125,0,0,16
3,2,75,0.2333,0.7667,0,0,30
4,2,75,0,0,0,1,16
1,3,75,0.5,0.5,0,0,0
2,3,75,0.7222,0.2778,0,0,18
3,3,75,0.1818,0.8182,0,0,22
4,3,75,0,0,0,1,11
1,4,75,0.5,0.5,0,0,0
2,4,75,0.4839,0.5161,0,0,31
3,4,75,0.08,0.92,0,0,25
4,4,75,0,0,0,1,15
1,5,75,0.7143,0.2857,0,0,7
2,5,75,0.4928,0.5072,0,0,138
3,5,75,0,1,0,0,2
4,5,75,0,0,0,1,1
1,6,75,0.5,0.5,0,0,0
2,6,75,0.3333,0.6667,0,0,66
3,6,75,0.0556,0.9444,0,0,18
4,6,75,0,0,0,1,8
1,7,75,0.5,0.5,0,0,0
2,7,75,0.3962,0.6038,0,0,53
3,7,75,0,1,0,0,15
4,7,75,0,0,0,1,9
1,8,75,0.5,0.5,0,0,0
2,8,75,0.2794,0.7206,0,0,68
3,8,75,0.04,0.96,0,0,25
4,8,75,0,0,0,1,19
1,9,75,0.5,0.5,0,0,0
2,9,75,0.25,0.75,0,0,40
3,9,75,0.0588,0.9412,0,0,17
4,9,75,0,0,0,1,6
1,10,75,0.5,0.5,0,0,68
2,10,75,0.375,0.625,0,0,8
3,10,75,0,1,0,0,3
4,10,75,0,0,0,1,0
1,11,75,0.5,0.5,0,0,0
2,11,75,0.16,0.84,0,0,25
3,11,75,0,1,0,0,10
4,11,75,0,0,0,1,0
1,12,75,0.5,0.5,0,0,0
2,12,75,0.1053,0.8947,0,0,19
3,12,75,0,1,0,0,15
4,12,75,0,0,0,1,0
1,13,75,0.5,0.5,0,0,0
2,13,75,0.1,0.9,0,0,10
3,13,75,0.1765,0.8235,0,0,17
4,13,75,0,0,0,1,0
1,14,75,0.5,0.5,0,0,0
2,14,75,0,1,0,0,5
3,14,75,0.1429,0.8571,0,0,7
4,14,75,0,0,0,1,0
1,15,75,0.4082,0.5918,0,0,49
2,15,75,0.1786,0.8214,0,0,28
3,15,75,0.04,0.96,0,0,25
4,15,75,0,0,0,1,0
1,16,75,0,1,0,0,1
2,16,75,0,1,0,0,3
3,16,75,0,1,0,0,1
4,16,75,0,0,0,1,0
1,17,75,0,1,0,0,1
2,17,75,0.1667,0.8333,0,0,6
3,17,75,0.25,0.75,0,0,4
4,17,75,0,0,0,1,0
1,18,75,0,1,0,0,1
2,18,75,0.2857,0.7143,0,0,7
3,18,75,0,1,0,0,2
4,18,75,0,0,0,1,0
1,19,75,0,1,0,0,1
2,19,75,0,1,0,0,1
3,19,75,0,1,0,0,1
4,19,75,0,0,0,1,0
1,20,75,0.2857,0.7143,0,0,28
2,20,75,0.4375,0.5625,0,0,16
3,20,75,0.5,0.5,0,0,6
4,20,75,0,0,0,1,0
1,1,76,0.5,0.5,0,0,0
2,1,76,0.5714,0.4286,0,0,21
3,1,76,0.8077,0.1923,0,0,26
4,1,76,0,0,0,1,15
1,2,76,0.5,0.5,0,0,0
2,2,76,0.7059,0.2941,0,0,17
3,2,76,0.3636,0.6364,0,0,22
4,2,76,0.1111,0.1111,0,0.7778,9
1,3,76,0.5,0.5,0,0,0
2,3,76,0.6667,0.3333,0,0,21
3,3,76,0.0833,0.9167,0,0,12
4,3,76,0,0.125,0,0.875,8
1,4,76,0.5,0.5,0,0,0
2,4,76,0.4828,0.5172,0,0,29
3,4,76,0,1,0,0,1
4,4,76,0,0,0,1,9
1,5,76,0.5,0.5,0,0,2
2,5,76,0.3514,0.6486,0,0,37
3,5,76,0.0526,0.9474,0,0,19
4,5,76,0,0,0,1,15
1,6,76,0.5,0.5,0,0,0
2,6,76,0.4412,0.5588,0,0,136
3,6,76,0,1,0,0,1
4,6,76,0,0.0278,0,0.9722,36
1,7,76,0.5,0.5,0,0,0
2,7,76,0.3585,0.6415,0,0,53
3,7,76,0,1,0,0,28
4,7,76,0,0,0,1,1
1,8,76,0.5,0.5,0,0,0
2,8,76,0.4082,0.5918,0,0,49
3,8,76,0,1,0,0,1
4,8,76,0,0,0,1,1
1,9,76,0.5,0.5,0,0,0
2,9,76,0.2121,0.7879,0,0,33
3,9,76,0,1,0,0,15
4,9,76,0,0,0,1,9
1,10,76,0.6667,0.3333,0,0,3
2,10,76,0.375,0.625,0,0,128
3,10,76,0,1,0,0,33
4,10,76,0,0,0,1,0
1,11,76,0.5,0.5,0,0,0
2,11,76,0,1,0,0,1
3,11,76,0.042,0.958,0,0,119
4,11,76,0,0,0,1,0
1,12,76,0.5,0.5,0,0,0
2,12,76,0,1,0,0,11
3,12,76,0,1,0,0,9
4,12,76,0,0,0,1,0
1,13,76,0.5,0.5,0,0,0
2,13,76,0.3,0.7,0,0,10
3,13,76,0.0833,0.9167,0,0,12
4,13,76,0,0,0,1,0
1,14,76,0.5,0.5,0,0,0
2,14,76,0.5,0.5,0,0,6
3,14,76,0,1,0,0,4
4,14,76,0,0,0,1,0
1,15,76,0.1667,0.8333,0,0,18
2,15,76,0.0667,0.9333,0,0,15
3,15,76,0,1,0,0,12
4,15,76,0,0,0,1,0
1,16,76,0,1,0,0,1
2,16,76,0.1071,0.8929,0,0,28
3,16,76,0,1,0,0,13
4,16,76,0,0,0,1,0
1,17,76,0.5,0.5,0,0,0
2,17,76,0.1818,0.8182,0,0,11
3,17,76,0,1,0,0,8
4,17,76,0,0,0,1,0
1,18,76,0,1,0,0,1
2,18,76,0,1,0,0,6
3,18,76,0,1,0,0,3
4,18,76,0,0,0,1,0
1,19,76,0.5,0.5,0,0,0
2,19,76,0,1,0,0,3
3,19,76,0.3333,0.6667,0,0,3
4,19,76,0,0,0,1,0
1,20,76,0.1429,0.8571,0,0,14
2,20,76,0.2857,0.7143,0,0,7
3,20,76,0,1,0,0,3
4,20,76,0,0,0,1,0
1,1,77,0.5,0.5,0,0,0
2,1,77,0.7368,0.2632,0,0,19
3,1,77,0.6,0.4,0,0,20
4,1,77,0.4545,0,0,0.5455,11
1,2,77,0.5,0.5,0,0,0
2,2,77,0.45,0.55,0,0,20
3,2,77,0.2727,0.7273,0,0,22
4,2,77,0,0,0,1,5
1,3,77,0.5,0.5,0,0,0
2,3,77,0.6296,0.3704,0,0,27
3,3,77,0.0741,0.9259,0,0,27
4,3,77,0,0,0,1,12
1,4,77,0.5,0.5,0,0,0
2,4,77,0.5357,0.4643,0,0,28
3,4,77,0,1,0,0,20
4,4,77,0.1667,0,0,0.8333,6
1,5,77,0.6667,0.3333,0,0,3
2,5,77,0,1,0,0,1
3,5,77,0,1,0,0,1
4,5,77,0,0,0,1,17
1,6,77,0.5,0.5,0,0,0
2,6,77,1,0,0,0,1
3,6,77,0,1,0,0,22
4,6,77,0,0,0,1,10
1,7,77,0.5,0.5,0,0,0
2,7,77,1,0,0,0,3
3,7,77,0.0135,0.9865,0,0,74
4,7,77,0,0,0,1,39
1,8,77,0.5,0.5,0,0,0
2,8,77,0,1,0,0,1
3,8,77,0,1,0,0,27
4,8,77,0,0,0,1,15
1,9,77,0.5,0.5,0,0,0
2,9,77,1,0,0,0,1
3,9,77,0,1,0,0,1
4,9,77,0,0,0,1,1
1,10,77,0.3333,0.6667,0,0,6
2,10,77,0.3622,0.6378,0,0,127
3,10,77,0.0333,0.9667,0,0,30
4,10,77,0,0,0,1,0
1,11,77,0.5,0.5,0,0,0
2,11,77,0,1,0,0,1
3,11,77,0,1,0,0,11
4,11,77,0,0,0,1,0
1,12,77,0,1,0,0,1
2,12,77,0,1,0,0,1
3,12,77,0,1,0,0,1
4,12,77,0,0,0,1,0
1,13,77,0.5,0.5,0,0,0
2,13,77,0.2,0.8,0,0,10
3,13,77,0,1,0,0,9
4,13,77,0,0,0,1,0
1,14,77,0.5,0.5,0,0,0
2,14,77,0,1,0,0,5
3,14,77,0,1,0,0,6
4,14,77,0,0,0,1,0
1,15,77,0.4706,0.5294,0,0,17
2,15,77,0.3333,0.6667,0,0,6
3,15,77,0.2,0.8,0,0,10
4,15,77,0,0,0,1,0
1,16,77,0.5,0.5,0,0,0
2,16,77,0,1,0,0,4
3,16,77,0,1,0,0,2
4,16,77,0,0,0,1,0
1,17,77,0.5,0.5,0,0,0
2,17,77,0.2,0.8,0,0,20
3,17,77,0,1,0,0,9
4,17,77,0,0,0,1,0
1,18,77,0,1,0,0,1
2,18,77,0,1,0,0,6
3,18,77,0.2,0.8,0,0,5
4,18,77,0,0,0,1,0
1,19,77,0.5,0.5,0,0,0
2,19,77,0,1,0,0,4
3,19,77,0,1,0,0,2
4,19,77,0,0,0,1,0
1,20,77,0.1364,0.8636,0,0,22
2,20,77,0.5,0.5,0,0,2
3,20,77,0,1,0,0,4
4,20,77,0,0,0,1,0
1,1,78,0.5,0.5,0,0,0
2,1,78,0.6522,0.3478,0,0,23
3,1,78,0.6667,0.3333,0,0,24
4,1,78,0,0.0909,0,0.9091,11
1,2,78,0.5,0.5,0,0,0
2,2,78,0.7143,0.2857,0,0,14
3,2,78,0.2353,0.7647,0,0,17
4,2,78,0.0714,0,0,0.9286,14
1,3,78,0.5,0.5,0,0,0
2,3,78,0.7857,0.2143,0,0,14
3,3,78,0,1,0,0,1
4,3,78,0,0,0,1,14
1,4,78,0.5,0.5,0,0,0
2,4,78,0.3333,0.6667,0,0,15
3,4,78,0.0952,0.9048,0,0,21
4,4,78,0,0,0,1,5
1,5,78,1,0,0,0,2
2,5,78,0.48,0.52,0,0,25
3,5,78,0.0476,0.9524,0,0,21
4,5,78,0,0,0,1,12
1,6,78,0.5,0.5,0,0,0
2,6,78,0.3333,0.6667,0,0,36
3,6,78,0,1,0,0,19
4,6,78,0,0,0,1,8
1,7,78,0.5,0.5,0,0,0
2,7,78,0.4242,0.5758,0,0,33
3,7,78,0,1,0,0,14
4,7,78,0,0,0,1,8
1,8,78,0.5,0.5,0,0,0
2,8,78,1,0,0,0,1
3,8,78,0.0847,0.9153,0,0,59
4,8,78,0.0357,0.0357,0,0.9286,28
1,9,78,0.5,0.5,0,0,0
2,9,78,0.2333,0.7667,0,0,30
3,9,78,0.0625,0.9375,0,0,16
4,9,78,0,0,0,1,9
1,10,78,0.3333,0.6667,0,0,6
2,10,78,0.5,0.5,0,0,2
3,10,78,0,1,0,0,31
4,10,78,0,0,0,1,0
1,11,78,0.5,0.5,0,0,0
2,11,78,0.1176,0.8824,0,0,17
3,11,78,0,1,0,0,13
4,11,78,0,0,0,1,0
1,12,78,0.5,0.5,0,0,0
2,12,78,0.0714,0.9286,0,0,14
3,12,78,0,1,0,0,9
4,12,78,0,0,0,1,0
1,13,78,0.25,0.75,0,0,4
2,13,78,0,1,0,0,1
3,13,78,0,1,0,0,1
4,13,78,0,0,0,1,0
1,14,78,0.5,0.5,0,0,0
2,14,78,0.125,0.875,0,0,8
3,14,78,0,1,0,0,5
4,14,78,0,0,0,1,0
1,15,78,0.3889,0.6111,0,0,18
2,15,78,0.25,0.75,0,0,12
3,15,78,0,1,0,0,7
4,15,78,0,0,0,1,0
1,16,78,0.5,0.5,0,0,0
2,16,78,0.1429,0.8571,0,0,7
3,16,78,0,1,0,0,7
4,16,78,0,0,0,1,0
1,17,78,0.5,0.5,0,0,0
2,17,78,0,1,0,0,5
3,17,78,0.3333,0.6667,0,0,3
4,17,78,0,0,0,1,0
1,18,78,0.5,0.5,0,0,0
2,18,78,0.1875,0.8125,0,0,16
3,18,78,0.1538,0.8462,0,0,13
4,18,78,0,0,0,1,0
1,19,78,0,1,0,0,1
2,19,78,0,1,0,0,6
3,19,78,0,1,0,0,1
4,19,78,0,0,0,1,0
1,20,78,0.2727,0.7273,0,0,11
2,20,78,0.1,0.9,0,0,10
3,20,78,0.3333,0.6667,0,0,6
4,20,78,0,0,0,1,0
1,1,79,0.5,0.5,0,0,0
2,1,79,0.7857,0.2143,0,0,14
3,1,79,0.65,0.35,0,0,20
4,1,79,0,0,0,1,19
1,2,79,0.5,0.5,0,0,0
2,2,79,0.8,0.2,0,0,15
3,2,79,0.3333,0.6667,0,0,12
4,2,79,0.1429,0,0,0.8571,7
1,3,79,0.5,0.5,0,0,0
2,3,79,0.45,0.55,0,0,20
3,3,79,0.1667,0.8333,0,0,18
4,3,79,0,0,0,1,8
1,4,79,0.5,0.5,0,0,0
2,4,79,0.5556,0.4444,0,0,36
3,4,79,0.0526,0.9474,0,0,19
4,4,79,0,0,0,1,6
1,5,79,0.5,0.5,0,0,4
2,5,79,0.5294,0.4706,0,0,51
3,5,79,0,1,0,0,21
4,5,79,0,0,0,1,11
1,6,79,0.5,0.5,0,0,0
2,6,79,0.4118,0.5882,0,0,34
3,6,79,0,1,0,0,22
4,6,79,0,0.1,0,0.9,10
1,7,79,0.5,0.5,0,0,0
2,7,79,0.3714,0.6286,0,0,35
3,7,79,0,1,0,0,15
4,7,79,0,0,0,1,6
1,8,79,0.5,0.5,0,0,0
2,8,79,0.3158,0.6842,0,0,38
3,8,79,0,1,0,0,1
4,8,79,0,0,0,1,9
1,9,79,0.5,0.5,0,0,0
2,9,79,0.2525,0.7475,0,0,99
3,9,79,0.0465,0.9535,0,0,43
4,9,79,0.0435,0,0,0.9565,23
1,10,79,1,0,0,0,1
2,10,79,0.367,0.633,0,0,109
3,10,79,0.0606,0.9394,0,0,33
4,10,79,0,0,0,1,0
1,11,79,0.5,0.5,0,0,0
2,11,79,0.3,0.7,0,0,20
3,11,79,0,1,0,0,9
4,11,79,0,0,0,1,0
1,12,79,0.5,0.5,0,0,0
2,12,79,0.25,0.75,0,0,8
3,12,79,0.0833,0.9167,0,0,12
4,12,79,0,0,0,1,0
1,13,79,0.5,0.5,0,0,0
2,13,79,0.125,0.875,0,0,8
3,13,79,0.2,0.8,0,0,5
4,13,79,0,0,0,1,0
1,14,79,1,0,0,0,1
2,14,79,0.1184,0.8816,0,0,76
3,14,79,0,1,0,0,62
4,14,79,0,0,0,1,0
1,15,79,0.2,0.8,0,0,10
2,15,79,0.125,0.875,0,0,8
3,15,79,0,1,0,0,6
4,15,79,0,0,0,1,0
1,16,79,0.5,0.5,0,0,0
2,16,79,0,1,0,0,5
3,16,79,0,1,0,0,3
4,16,79,0,0,0,1,0
1,17,79,0,1,0,0,1
2,17,79,0,1,0,0,2
3,17,79,0.5,0.5,0,0,0
4,17,79,0,0,0,1,0
1,18,79,0,1,0,0,1
2,18,79,0.5,0.5,0,0,0
3,18,79,0,1,0,0,1
4,18,79,0,0,0,1,0
1,19,79,0,1,0,0,1
2,19,79,0.1667,0.8333,0,0,12
3,19,79,0.2222,0.7778,0,0,9
4,19,79,0,0,0,1,0
1,20,79,0.1538,0.8462,0,0,13
2,20,79,0.125,0.875,0,0,8
3,20,79,0,1,0,0,3
4,20,79,0,0,0,1,0
1,1,80,0.5,0.5,0,0,0
2,1,80,0.75,0.25,0,0,12
3,1,80,0.75,0.25,0,0,24
4,1,80,0.1818,0,0,0.8182,11
1,2,80,0.5,0.5,0,0,0
2,2,80,0.75,0.25,0,0,20
3,2,80,0.2857,0.7143,0,0,21
4,2,80,0.1,0,0,0.9,10
1,3,80,0.5,0.5,0,0,0
2,3,80,0.7391,0.2609,0,0,23
3,3,80,0,1,0,0,13
4,3,80,0,0,0,1,12
1,4,80,0.5,0.5,0,0,0
2,4,80,0.375,0.625,0,0,24
3,4,80,0.1176,0.8824,0,0,17
4,4,80,0,0,0,1,11
1,5,80,1,0,0,0,1
2,5,80,0.5517,0.4483,0,0,29
3,5,80,0,1,0,0,14
4,5,80,0,0,0,1,6
1,6,80,0.5,0.5,0,0,0
2,6,80,0.45,0.55,0,0,40
3,6,80,0.0588,0.9412,0,0,17
4,6,80,0.0769,0,0,0.9231,13
1,7,80,0.5,0.5,0,0,0
2,7,80,0.3673,0.6327,0,0,49
3,7,80,0,1,0,0,22
4,7,80,0,0,0,1,6
1,8,80,0.5,0.5,0,0,0
2,8,80,0.2727,0.7273,0,0,44
3,8,80,0,1,0,0,16
4,8,80,0,0,0,1,10
1,9,80,0.5,0.5,0,0,0
2,9,80,0,1,0,0,1
3,9,80,0,1,0,0,23
4,9,80,0,0,0,1,17
1,10,80,0.3636,0.6364,0,0,11
2,10,80,0,1,0,0,2
3,10,80,0,1,0,0,1
4,10,80,0,0,0,1,0
1,11,80,0.5,0.5,0,0,0
2,11,80,0.1429,0.8571,0,0,21
3,11,80,0,1,0,0,13
4,11,80,0,0,0,1,0
1,12,80,0.5,0.5,0,0,0
2,12,80,0.2727,0.7273,0,0,11
3,12,80,0,1,0,0,1
4,12,80,0,0,0,1,0
1,13,80,0.5,0.5,0,0,0
2,13,80,0.0909,0.9091,0,0,11
3,13,80,0,1,0,0,8
4,13,80,0,0,0,1,0
1,14,80,0.5,0.5,0,0,0
2,14,80,0.1,0.9,0,0,10
3,14,80,0,1,0,0,8
4,14,80,0,0,0,1,0
1,15,80,1,0,0,0,1
2,15,80,0.1429,0.8571,0,0,112
3,15,80,0,1,0,0,2
4,15,80,0,0,0,1,0
1,16,80,0.5,0.5,0,0,0
2,16,80,0.1429,0.8571,0,0,7
3,16,80,0.2857,0.7143,0,0,7
4,16,80,0,0,0,1,0
1,17,80,0.5,0.5,0,0,0
2,17,80,0,1,0,0,3
3,17,80,0,1,0,0,3
4,17,80,0,0,0,1,0
1,18,80,0,1,0,0,2
2,18,80,0,1,0,0,3
3,18,80,0,1,0,0,6
4,18,80,0,0,0,1,0
1,19,80,0.5,0.5,0,0,0
2,19,80,0.25,0.75,0,0,4
3,19,80,0,1,0,0,2
4,19,80,0,0,0,1,0
1,20,80,0.2381,0.7619,0,0,42
2,20,80,0.0476,0.9524,0,0,21
3,20,80,0,1,0,0,8
4,20,80,0,0,0,1,0
1,1,81,0.5,0.5,0,0,0
2,1,81,0.8095,0.1905,0,0,21
3,1,81,0.7308,0.2692,0,0,26
4,1,81,0.1739,0.087,0,0.7391,23
1,2,81,0.5,0.5,0,0,0
2,2,81,0.5,0.5,0,0,10
3,2,81,0.2143,0.7857,0,0,14
4,2,81,0,0,0,1,7
1,3,81,0.5,0.5,0,0,0
2,3,81,0.625,0.375,0,0,16
3,3,81,0,1,0,0,14
4,3,81,0,0,0,1,8
1,4,81,0.5,0.5,0,0,0
2,4,81,0.5,0.5,0,0,26
3,4,81,0.0952,0.9048,0,0,21
4,4,81,0,0,0,1,8
1,5,81,1,0,0,0,1
2,5,81,0.5405,0.4595,0,0,37
3,5,81,0,1,0,0,22
4,5,81,0,0,0,1,7
1,6,81,0.5,0.5,0,0,0
2,6,81,0.4118,0.5882,0,0,34
3,6,81,0,1,0,0,19
4,6,81,0,0,0,1,7
1,7,81,0.5,0.5,0,0,0
2,7,81,0.3095,0.6905,0,0,42
3,7,81,0,1,0,0,14
4,7,81,0,0,0,1,6
1,8,81,0.5,0.5,0,0,0
2,8,81,0.1724,0.8276,0,0,29
3,8,81,0,1,0,0,15
4,8,81,0,0,0,1,9
1,9,81,0.5,0.5,0,0,0
2,9,81,0.2424,0.7576,0,0,33
3,9,81,0.0667,0.9333,0,0,15
4,9,81,0,0,0,1,1
1,10,81,0.25,0.75,0,0,4
2,10,81,0,1,0,0,1
3,10,81,0,1,0,0,1
4,10,81,0,0,0,1,0
1,11,81,0.5,0.5,0,0,0
2,11,81,0.3824,0.6176,0,0,34
3,11,81,0.0476,0.9524,0,0,21
4,11,81,0,0,0,1,0
1,12,81,0.5,0.5,0,0,0
2,12,81,0.0769,0.9231,0,0,13
3,12,81,0,1,0,0,7
4,12,81,0,0,0,1,0
1,13,81,0.5,0.5,0,0,0
2,13,81,1,0,0,0,1
3,13,81,0,1,0,0,3
4,13,81,0,0,0,1,0
1,14,81,0.5,0.5,0,0,0
2,14,81,0.0667,0.9333,0,0,15
3,14,81,0.1429,0.8571,0,0,7
4,14,81,0,0,0,1,0
1,15,81,0.6667,0.3333,0,0,12
2,15,81,0.1429,0.8571,0,0,7
3,15,81,0,1,0,0,5
4,15,81,0,0,0,1,0
1,16,81,0,1,0,0,1
2,16,81,0,1,0,0,1
3,16,81,0.0462,0.9538,0,0,65
4,16,81,0,0,0,1,0
1,17,81,0.5,0.5,0,0,0
2,17,81,0.5,0.5,0,0,4
3,17,81,0,1,0,0,2
4,17,81,0,0,0,1,0
1,18,81,0.5,0.5,0,0,2
2,18,81,0,1,0,0,2
3,18,81,0,1,0,0,4
4,18,81,0,0,0,1,0
1,19,81,0.5,0.5,0,0,0
2,19,81,0.2,0.8,0,0,5
3,19,81,0.5,0.5,0,0,0
4,19,81,0,0,0,1,0
1,20,81,0.1,0.9,0,0,10
2,20,81,0.5,0.5,0,0,4
3,20,81,0.5,0.5,0,0,0
4,20,81,0,0,0,1,0
1,1,82,0.5,0.5,0,0,0
2,1,82,0.8333,0.1667,0,0,18
3,1,82,0.8065,0.1935,0,0,31
4,1,82,0.1818,0.0909,0,0.7273,11
1,2,82,0.5,0.5,0,0,0
2,2,82,0.65,0.35,0,0,20
3,2,82,0.3333,0.6667,0,0,24
4,2,82,0.1333,0,0,0.8667,15
1,3,82,0.5,0.5,0,0,0
2,3,82,0.5,0.5,0,0,14
3,3,82,0,1,0,0,1
4,3,82,0,0.1111,0,0.8889,9
1,4,82,0.5,0.5,0,0,0
2,4,82,0.3333,0.6667,0,0,21
3,4,82,0.0556,0.9444,0,0,18
4,4,82,0,0.125,0,0.875,8
1,5,82,0.5,0.5,0,0,0
2,5,82,0.4,0.6,0,0,30
3,5,82,0,1,0,0,8
4,5,82,0,0,0,1,9
1,6,82,0.5,0.5,0,0,0
2,6,82,0.3333,0.6667,0,0,30
3,6,82,0.0667,0.9333,0,0,15
4,6,82,0,0,0,1,8
1,7,82,0.5,0.5,0,0,0
2,7,82,1,0,0,0,1
3,7,82,0.0526,0.9474,0,0,19
4,7,82,0,0,0,1,9
1,8,82,0.5,0.5,0,0,0
2,8,82,0.2647,0.7353,0,0,34
3,8,82,0.0769,0.9231,0,0,13
4,8,82,0,0,0,1,8
1,9,82,0.5,0.5,0,0,0
2,9,82,0.3333,0.6667,0,0,27
3,9,82,0.0769,0.9231,0,0,13
4,9,82,0,0,0,1,9
1,10,82,1,0,0,0,2
2,10,82,0,1,0,0,1
3,10,82,0,1,0,0,21
4,10,82,0,0,0,1,0
1,11,82,0.5,0.5,0,0,0
2,11,82,0,1,0,0,1
3,11,82,0,1,0,0,5
4,11,82,0,0,0,1,0
1,12,82,0.5,0.5,0,0,0
2,12,82,0.2,0.8,0,0,20
3,12,82,0.0833,0.9167,0,0,12
4,12,82,0,0,0,1,0
1,13,82,0.5,0.5,0,0,0
2,13,82,0.1111,0.8889,0,0,9
3,13,82,0,1,0,0,8
4,13,82,0,0,0,1,0
1,14,82,1,0,0,0,1
2,14,82,0,1,0,0,6
3,14,82,0.1667,0.8333,0,0,6
4,14,82,0,0,0,1,0
1,15,82,0.7857,0.2143,0,0,14
2,15,82,0,1,0,0,7
3,15,82,0.1667,0.8333,0,0,6
4,15,82,0,0,0,1,0
1,16,82,0.5,0.5,0,0,0
2,16,82,0.1667,0.8333,0,0,6
3,16,82,0.6667,0.3333,0,0,6
4,16,82,0,0,0,1,0
1,17,82,1,0,0,0,1
2,17,82,0.2333,0.7667,0,0,60
3,17,82,0.1176,0.8824,0,0,51
4,17,82,0,0,0,1,0
1,18,82,0.5,0.5,0,0,0
2,18,82,0.3333,0.6667,0,0,3
3,18,82,0,1,0,0,1
4,18,82,0,0,0,1,0
1,19,82,0.5,0.5,0,0,0
2,19,82,0.5,0.5,0,0,4
3,19,82,0,1,0,0,3
4,19,82,0,0,0,1,0
1,20,82,0.2143,0.7857,0,0,14
2,20,82,0.4286,0.5714,0,0,7
3,20,82,0,1,0,0,1
4,20,82,0,0,0,1,0
1,1,83,0.5,0.5,0,0,0
2,1,83,0.3636,0.6364,0,0,11
3,1,83,0.8421,0.1579,0,0,19
4,1,83,0,0,0,1,10
1,2,83,0.5,0.5,0,0,0
2,2,83,0.7857,0.2143,0,0,14
3,2,83,0.2941,0.7059,0,0,17
4,2,83,0.1429,0,0,0.8571,7
1,3,83,0.5,0.5,0,0,0
2,3,83,0.56,0.44,0,0,25
3,3,83,0.2,0.8,0,0,30
4,3,83,0,0,0,1,1
1,4,83,0.5,0.5,0,0,0
2,4,83,0.4286,0.5714,0,0,14
3,4,83,0.2143,0.7857,0,0,14
4,4,83,0,0,0,1,5
1,5,83,0,1,0,0,1
2,5,83,0.4194,0.5806,0,0,31
3,5,83,0.0909,0.9091,0,0,11
4,5,83,0,0,0,1,1
1,6,83,0.5,0.5,0,0,0
2,6,83,0.4706,0.5294,0,0,17
3,6,83,0,1,0,0,16
4,6,83,0,0,0,1,11
1,7,83,0.5,0.5,0,0,0
2,7,83,0.1944,0.8056,0,0,36
3,7,83,0,1,0,0,15
4,7,83,0.1111,0,0,0.8889,9
1,8,83,0.5,0.5,0,0,0
2,8,83,0,1,0,0,1
3,8,83,0,1,0,0,10
4,8,83,0,0,0,1,5
1,9,83,0.5,0.5,0,0,0
2,9,83,0.2353,0.7647,0,0,34
3,9,83,0.1333,0.8667,0,0,15
4,9,83,0,0,0,1,5
1,10,83,0,1,0,0,1
2,10,83,0.2911,0.7089,0,0,79
3,10,83,0,1,0,0,23
4,10,83,0,0,0,1,0
1,11,83,0.5,0.5,0,0,0
2,11,83,0.25,0.75,0,0,12
3,11,83,0,1,0,0,5
4,11,83,0,0,0,1,0
1,12,83,0.5,0.5,0,0,0
2,12,83,0.25,0.75,0,0,8
3,12,83,0,1,0,0,6
4,12,83,0,0,0,1,0
1,13,83,0.5,0.5,0,0,0
2,13,83,0.2,0.8,0,0,15
3,13,83,0.0556,0.9444,0,0,18
4,13,83,0,0,0,1,0
1,14,83,0.5,0.5,0,0,0
2,14,83,0.1667,0.8333,0,0,6
3,14,83,0.1667,0.8333,0,0,6
4,14,83,0,0,0,1,0
1,15,83,0.2857,0.7143,0,0,14
2,15,83,0.1667,0.8333,0,0,12
3,15,83,0,1,0,0,5
4,15,83,0,0,0,1,0
1,16,83,0.6667,0.3333,0,0,3
2,16,83,0,1,0,0,3
3,16,83,0,1,0,0,7
4,16,83,0,0,0,1,0
1,17,83,0.5,0.5,0,0,0
2,17,83,0.3333,0.6667,0,0,3
3,17,83,0,1,0,0,3
4,17,83,0,0,0,1,0
1,18,83,0.1111,0.8889,0,0,9
2,18,83,0.2245,0.7755,0,0,49
3,18,83,0.2,0.8,0,0,35
4,18,83,0,0,0,1,0
1,19,83,1,0,0,0,1
2,19,83,0,1,0,0,4
3,19,83,0,1,0,0,3
4,19,83,0,0,0,1,0
1,20,83,0,1,0,0,12
2,20,83,0.25,0.75,0,0,4
3,20,83,0.5,0.5,0,0,2
4,20,83,0,0,0,1,0
1,1,84,0.5,0.5,0,0,0
2,1,84,1,0,0,0,5
3,1,84,0.6471,0.3529,0,0,17
4,1,84,0.1667,0,0,0.8333,6
1,2,84,0.5,0.5,0,0,0
2,2,84,0.7857,0.2143,0,0,14
3,2,84,0.1579,0.8421,0,0,19
4,2,84,0,0,0,1,11
1,3,84,0.5,0.5,0,0,0
2,3,84,0.4737,0.5263,0,0,19
3,3,84,0.0769,0.9231,0,0,13
4,3,84,0,0,0,1,3
1,4,84,0.5,0.5,0,0,0
2,4,84,1,0,0,0,1
3,4,84,1,0,0,0,1
4,4,84,0,0,0,1,15
1,5,84,1,0,0,0,1
2,5,84,0.5714,0.4286,0,0,28
3,5,84,0,1,0,0,16
4,5,84,0,0,0,1,8
1,6,84,0.5,0.5,0,0,0
2,6,84,1,0,0,0,1
3,6,84,0,1,0,0,19
4,6,84,0,0,0,1,9
1,7,84,0.5,0.5,0,0,0
2,7,84,0,1,0,0,1
3,7,84,0.0526,0.9474,0,0,19
4,7,84,0,0,0,1,6
1,8,84,0.5,0.5,0,0,0
2,8,84,0.2414,0.7586,0,0,29
3,8,84,0,1,0,0,11
4,8,84,0,0,0,1,4
1,9,84,0.5,0.5,0,0,0
2,9,84,0.2667,0.7333,0,0,30
3,9,84,0,1,0,0,16
4,9,84,0,0,0,1,9
1,10,84,0.5,0.5,0,0,2
2,10,84,0.3824,0.6176,0,0,68
3,10,84,0,1,0,0,19
4,10,84,0,0,0,1,0
1,11,84,0.5,0.5,0,0,0
2,11,84,0.4444,0.5556,0,0,9
3,11,84,0,1,0,0,11
4,11,84,0,0,0,1,0
1,12,84,0.5,0.5,0,0,0
2,12,84,0.4,0.6,0,0,5
3,12,84,0.1429,0.8571,0,0,7
4,12,84,0,0,0,1,0
1,13,84,0.5,0.5,0,0,0
2,13,84,0,1,0,0,6
3,13,84,0,1,0,0,1
4,13,84,0,0,0,1,0
1,14,84,0,1,0,0,1
2,14,84,0.1667,0.8333,0,0,18
3,14,84,0.0625,0.9375,0,0,16
4,14,84,0,0,0,1,0
1,15,84,0,1,0,0,1
2,15,84,0.1667,0.8333,0,0,6
3,15,84,0,1,0,0,5
4,15,84,0,0,0,1,0
1,16,84,0.5,0.5,0,0,0
2,16,84,0,1,0,0,2
3,16,84,0,1,0,0,1
4,16,84,0,0,0,1,0
1,17,84,0,1,0,0,3
2,17,84,0.6,0.4,0,0,5
3,17,84,0,1,0,0,3
4,17,84,0,0,0,1,0
1,18,84,0.5,0.5,0,0,2
2,18,84,0,1,0,0,6
3,18,84,0,1,0,0,6
4,18,84,0,0,0,1,0
1,19,84,0,1,0,0,6
2,19,84,0.1842,0.8158,0,0,38
3,19,84,0.2069,0.7931,0,0,29
4,19,84,0,0,0,1,0
1,20,84,0.5,0.5,0,0,10
2,20,84,0.3333,0.6667,0,0,3
3,20,84,0.5,0.5,0,0,2
4,20,84,0,0,0,1,0
1,1,85,0.5,0.5,0,0,0
2,1,85,0.25,0.75,0,0,4
3,1,85,0.75,0.25,0,0,16
4,1,85,0,0,0,1,10
1,2,85,0.5,0.5,0,0,0
2,2,85,0.8333,0.1667,0,0,6
3,2,85,0.2222,0.7778,0,0,9
4,2,85,0,0,0,1,1
1,3,85,0.5,0.5,0,0,0
2,3,85,0.8889,0.1111,0,0,9
3,3,85,0.1875,0.8125,0,0,16
4,3,85,0,0,0,1,4
1,4,85,0.5,0.5,0,0,0
2,4,85,0.625,0.375,0,0,32
3,4,85,0,1,0,0,21
4,4,85,0,0,0,1,7
1,5,85,0.5,0.5,0,0,2
2,5,85,0.5714,0.4286,0,0,35
3,5,85,0,1,0,0,1
4,5,85,0,0.0769,0,0.9231,13
1,6,85,0.5,0.5,0,0,0
2,6,85,0.3438,0.6562,0,0,32
3,6,85,0,1,0,0,13
4,6,85,0,0,0,1,9
1,7,85,0.5,0.5,0,0,0
2,7,85,0.3659,0.6341,0,0,41
3,7,85,0.0667,0.9333,0,0,15
4,7,85,0,0,0,1,8
1,8,85,0.5,0.5,0,0,0
2,8,85,0.3429,0.6571,0,0,35
3,8,85,0.125,0.875,0,0,8
4,8,85,0,0,0,1,6
1,9,85,0.5,0.5,0,0,0
2,9,85,0.2963,0.7037,0,0,27
3,9,85,0,1,0,0,10
4,9,85,0,0,0,1,6
1,10,85,0.6667,0.3333,0,0,3
2,10,85,0.2208,0.7792,0,0,77
3,10,85,0.0385,0.9615,0,0,26
4,10,85,0,0,0,1,0
1,11,85,0.5,0.5,0,0,0
2,11,85,0.0952,0.9048,0,0,21
3,11,85,0,1,0,0,11
4,11,85,0,0,0,1,0
1,12,85,0.5,0.5,0,0,0
2,12,85,0.3333,0.6667,0,0,12
3,12,85,0,1,0,0,6
4,12,85,0,0,0,1,0
1,13,85,0.5,0.5,0,0,0
2,13,85,0.1429,0.8571,0,0,7
3,13,85,0.5,0.5,0,0,2
4,13,85,0,0,0,1,0
1,14,85,1,0,0,0,1
2,14,85,0,1,0,0,6
3,14,85,0.125,0.875,0,0,8
4,14,85,0,0,0,1,0
1,15,85,0.2424,0.7576,0,0,33
2,15,85,0.1667,0.8333,0,0,18
3,15,85,0.0833,0.9167,0,0,12
4,15,85,0,0,0,1,0
1,16,85,0.5,0.5,0,0,0
2,16,85,0.1429,0.8571,0,0,7
3,16,85,0.25,0.75,0,0,4
4,16,85,0,0,0,1,0
1,17,85,0.5,0.5,0,0,0
2,17,85,0.125,0.875,0,0,8
3,17,85,0.1429,0.8571,0,0,7
4,17,85,0,0,0,1,0
1,18,85,1,0,0,0,1
2,18,85,0.125,0.875,0,0,8
3,18,85,0.3,0.7,0,0,10
4,18,85,0,0,0,1,0
1,19,85,0,1,0,0,1
2,19,85,0.25,0.75,0,0,4
3,19,85,0,1,0,0,2
4,19,85,0,0,0,1,0
1,20,85,0.3056,0.6944,0,0,108
2,20,85,0.0896,0.9104,0,0,67
3,20,85,0.1951,0.8049,0,0,41
4,20,85,0,0,0,1,0
1,1,86,0.5,0.5,0,0,0
2,1,86,0.9286,0.0714,0,0,14
3,1,86,0.8333,0.1667,0,0,12
4,1,86,0,0,0,1,5
1,2,86,0.5,0.5,0,0,0
2,2,86,0.5,0.5,0,0,6
3,2,86,0.3333,0.6667,0,0,9
4,2,86,0,0,0,1,6
1,3,86,0.5,0.5,0,0,0
2,3,86,0.8333,0.1667,0,0,6
3,3,86,0.0909,0.9091,0,0,11
4,3,86,0,0.3333,0,0.6667,3
1,4,86,0.5,0.5,0,0,0
2,4,86,0,1,0,0,1
3,4,86,0.0833,0.9167,0,0,12
4,4,86,0,0,0,1,7
1,5,86,1,0,0,0,1
2,5,86,0.4348,0.5652,0,0,23
3,5,86,0,1,0,0,11
4,5,86,0,0,0,1,8
1,6,86,0.5,0.5,0,0,0
2,6,86,0.3871,0.6129,0,0,31
3,6,86,0.0556,0.9444,0,0,18
4,6,86,0,0,0,1,12
1,7,86,0.5,0.5,0,0,0
2,7,86,0.36,0.64,0,0,25
3,7,86,0.0909,0.9091,0,0,11
4,7,86,0,0,0,1,7
1,8,86,0.5,0.5,0,0,0
2,8,86,0.3158,0.6842,0,0,19
3,8,86,0,1,0,0,7
4,8,86,0,0,0,1,2
1,9,86,0.5,0.5,0,0,0
2,9,86,0.2273,0.7727,0,0,22
3,9,86,0.0909,0.9091,0,0,11
4,9,86,0,0,0,1,3
1,10,86,0.5758,0.4242,0,0,429
2,10,86,0.4242,0.5758,0,0,66
3,10,86,0.1765,0.8235,0,0,17
4,10,86,0,0,0,1,0
1,11,86,0.5,0.5,0,0,0
2,11,86,0.3333,0.6667,0,0,15
3,11,86,0,1,0,0,8
4,11,86,0,0,0,1,0
1,12,86,0.5,0.5,0,0,0
2,12,86,0.5,0.5,0,0,8
3,12,86,0.3333,0.6667,0,0,6
4,12,86,0,0,0,1,0
1,13,86,1,0,0,0,1
2,13,86,0.5,0.5,0,0,4
3,13,86,0,1,0,0,2
4,13,86,0,0,0,1,0
1,14,86,0.5,0.5,0,0,0
2,14,86,1,0,0,0,2
3,14,86,0,1,0,0,8
4,14,86,0,0,0,1,0
1,15,86,0.2727,0.7273,0,0,11
2,15,86,0,1,0,0,7
3,15,86,0,1,0,0,5
4,15,86,0,0,0,1,0
1,16,86,0.5,0.5,0,0,0
2,16,86,0.3077,0.6923,0,0,13
3,16,86,0.1429,0.8571,0,0,14
4,16,86,0,0,0,1,0
1,17,86,1,0,0,0,1
2,17,86,0.4,0.6,0,0,5
3,17,86,0,1,0,0,1
4,17,86,0,0,0,1,0
1,18,86,0.5,0.5,0,0,0
2,18,86,0,1,0,0,1
3,18,86,0,1,0,0,2
4,18,86,0,0,0,1,0
1,19,86,0.5,0.5,0,0,0
2,19,86,0,1,0,0,2
3,19,86,0.5,0.5,0,0,2
4,19,86,0,0,0,1,0
1,20,86,0,1,0,0,1
2,20,86,0.375,0.625,0,0,8
3,20,86,0,1,0,0,2
4,20,86,0,0,0,1,0
1,1,87,0.5,0.5,0,0,0
2,1,87,0.6,0.4,0,0,5
3,1,87,0.8667,0.1333,0,0,15
4,1,87,0,0,0,1,4
1,2,87,0.5,0.5,0,0,0
2,2,87,0.75,0.25,0,0,4
3,2,87,0.3571,0.6429,0,0,14
4,2,87,0,0,0,1,8
1,3,87,0.5,0.5,0,0,0
2,3,87,0.4286,0.5714,0,0,7
3,3,87,0.2,0.8,0,0,5
4,3,87,0,0,0,1,2
1,4,87,0.5,0.5,0,0,0
2,4,87,0.5455,0.4545,0,0,11
3,4,87,0,1,0,0,13
4,4,87,0,0,0,1,5
1,5,87,1,0,0,0,1
2,5,87,0.4839,0.5161,0,0,31
3,5,87,0,1,0,0,24
4,5,87,0,0,0,1,9
1,6,87,0.5,0.5,0,0,0
2,6,87,0.4091,0.5909,0,0,22
3,6,87,0,1,0,0,1
4,6,87,0,0,0,1,1
1,7,87,0.5,0.5,0,0,0
2,7,87,0.2308,0.7692,0,0,39
3,7,87,0.0833,0.9167,0,0,12
4,7,87,0,0,0,1,6
1,8,87,0.5,0.5,0,0,0
2,8,87,0,1,0,0,1
3,8,87,0.0714,0.9286,0,0,14
4,8,87,0,0,0,1,3
1,9,87,0.5,0.5,0,0,0
2,9,87,0.2174,0.7826,0,0,23
3,9,87,0,1,0,0,14
4,9,87,0,0.25,0,0.75,4
1,10,87,0,1,0,0,2
2,10,87,0.3077,0.6923,0,0,52
3,10,87,0.1111,0.8889,0,0,9
4,10,87,0,0,0,1,0
1,11,87,0.5,0.5,0,0,0
2,11,87,0.1429,0.8571,0,0,7
3,11,87,0,1,0,0,6
4,11,87,0,0,0,1,0
1,12,87,0.5,0.5,0,0,0
2,12,87,0.3333,0.6667,0,0,3
3,12,87,0,1,0,0,3
4,12,87,0,0,0,1,0
1,13,87,0.5,0.5,0,0,0
2,13,87,0.5,0.5,0,0,2
3,13,87,0,1,0,0,4
4,13,87,0,0,0,1,0
1,14,87,0.5,0.5,0,0,0
2,14,87,0.5,0.5,0,0,0
3,14,87,0.2,0.8,0,0,5
4,14,87,0,0,0,1,0
1,15,87,0,1,0,0,9
2,15,87,0.1667,0.8333,0,0,6
3,15,87,0.5,0.5,0,0,2
4,15,87,0,0,0,1,0
1,16,87,0.5,0.5,0,0,0
2,16,87,0.3333,0.6667,0,0,3
3,16,87,0.25,0.75,0,0,4
4,16,87,0,0,0,1,0
1,17,87,0.5,0.5,0,0,0
2,17,87,0,1,0,0,6
3,17,87,0.0909,0.9091,0,0,11
4,17,87,0,0,0,1,0
1,18,87,0,1,0,0,1
2,18,87,0.2,0.8,0,0,5
3,18,87,0.4,0.6,0,0,10
4,18,87,0,0,0,1,0
1,19,87,0,1,0,0,1
2,19,87,0,1,0,0,2
3,19,87,0,1,0,0,2
4,19,87,0,0,0,1,0
1,20,87,0.2857,0.7143,0,0,14
2,20,87,0,1,0,0,9
3,20,87,0.5,0.5,0,0,0
4,20,87,0,0,0,1,0
1,1,88,0.5,0.5,0,0,0
2,1,88,0.5,0.5,0,0,2
3,1,88,1,0,0,0,1
4,1,88,0,0,0,1,1
1,2,88,0.5,0.5,0,0,0
2,2,88,0.3333,0.6667,0,0,3
3,2,88,0.3333,0.6667,0,0,6
4,2,88,0,0,0,1,0
1,3,88,0.5,0.5,0,0,0
2,3,88,0.5833,0.4167,0,0,12
3,3,88,0.1,0.9,0,0,10
4,3,88,0,0,0,1,8
1,4,88,0.5,0.5,0,0,0
2,4,88,0.4444,0.5556,0,0,9
3,4,88,0,1,0,0,9
4,4,88,0,0,0,1,8
1,5,88,0.5,0.5,0,0,0
2,5,88,0.5,0.5,0,0,12
3,5,88,0.0714,0.9286,0,0,14
4,5,88,0,0,0,1,7
1,6,88,0.5,0.5,0,0,0
2,6,88,0.3,0.7,0,0,30
3,6,88,0,1,0,0,12
4,6,88,0,0,0,1,5
1,7,88,0.5,0.5,0,0,0
2,7,88,1,0,0,0,1
3,7,88,0,1,0,0,20
4,7,88,0,0,0,1,8
1,8,88,0.5,0.5,0,0,0
2,8,88,0.38,0.62,0,0,50
3,8,88,0,1,0,0,14
4,8,88,0,0,0,1,6
1,9,88,0.5,0.5,0,0,0
2,9,88,0,1,0,0,1
3,9,88,0.0833,0.9167,0,0,12
4,9,88,0,0,0,1,10
1,10,88,0,1,0,0,1
2,10,88,0.35,0.65,0,0,60
3,10,88,0.125,0.875,0,0,8
4,10,88,0,0,0,1,0
1,11,88,0.5,0.5,0,0,0
2,11,88,0.0909,0.9091,0,0,11
3,11,88,0,1,0,0,11
4,11,88,0,0,0,1,0
1,12,88,0.5,0.5,0,0,0
2,12,88,0,1,0,0,12
3,12,88,0,1,0,0,8
4,12,88,0,0,0,1,0
1,13,88,0.5,0.5,0,0,0
2,13,88,0,1,0,0,6
3,13,88,0,1,0,0,5
4,13,88,0,0,0,1,0
1,14,88,0.5,0.5,0,0,0
2,14,88,0.5,0.5,0,0,4
3,14,88,0,1,0,0,8
4,14,88,0,0,0,1,0
1,15,88,0.5556,0.4444,0,0,9
2,15,88,0.1,0.9,0,0,10
3,15,88,0.2,0.8,0,0,5
4,15,88,0,0,0,1,0
1,16,88,0.5,0.5,0,0,0
2,16,88,0.25,0.75,0,0,4
3,16,88,0,1,0,0,4
4,16,88,0,0,0,1,0
1,17,88,0,1,0,0,1
2,17,88,1,0,0,0,1
3,17,88,0,1,0,0,4
4,17,88,0,0,0,1,0
1,18,88,0.25,0.75,0,0,4
2,18,88,0.2,0.8,0,0,10
3,18,88,0.4444,0.5556,0,0,9
4,18,88,0,0,0,1,0
1,19,88,1,0,0,0,2
2,19,88,0.25,0.75,0,0,4
3,19,88,0.3333,0.6667,0,0,3
4,19,88,0,0,0,1,0
1,20,88,0,1,0,0,1
2,20,88,0,1,0,0,5
3,20,88,0,1,0,0,3
4,20,88,0,0,0,1,0
1,1,89,0.5,0.5,0,0,0
2,1,89,1,0,0,0,1
3,1,89,0.8333,0.1667,0,0,12
4,1,89,0.1,0,0,0.9,10
1,2,89,0.5,0.5,0,0,0
2,2,89,0.2857,0.7143,0,0,7
3,2,89,0.3333,0.6667,0,0,9
4,2,89,0,0,0,1,1
1,3,89,0.5,0.5,0,0,0
2,3,89,0.5714,0.4286,0,0,7
3,3,89,0.2222,0.7778,0,0,9
4,3,89,0,0,0,1,4
1,4,89,0.5,0.5,0,0,0
2,4,89,0.6667,0.3333,0,0,9
3,4,89,0.0909,0.9091,0,0,11
4,4,89,0,0,0,1,3
1,5,89,0,1,0,0,1
2,5,89,0.2941,0.7059,0,0,17
3,5,89,0,1,0,0,8
4,5,89,0,0,0,1,4
1,6,89,0.5,0.5,0,0,0
2,6,89,0.5714,0.4286,0,0,21
3,6,89,0,1,0,0,8
4,6,89,0.125,0,0,0.875,8
1,7,89,0.5,0.5,0,0,0
2,7,89,0,1,0,0,1
3,7,89,0,1,0,0,9
4,7,89,0,0,0,1,5
1,8,89,0.5,0.5,0,0,0
2,8,89,0.2667,0.7333,0,0,30
3,8,89,0,1,0,0,13
4,8,89,0,0,0,1,7
1,9,89,0.5,0.5,0,0,0
2,9,89,0.2143,0.7857,0,0,42
3,9,89,0.0556,0.9444,0,0,18
4,9,89,0,0,0,1,8
1,10,89,0.5,0.5,0,0,2
2,10,89,1,0,0,0,1
3,10,89,0.2308,0.7692,0,0,13
4,10,89,0,0,0,1,0
1,11,89,0.5,0.5,0,0,0
2,11,89,0.2857,0.7143,0,0,7
3,11,89,0,1,0,0,7
4,11,89,0,0,0,1,0
1,12,89,0.5,0.5,0,0,0
2,12,89,0,1,0,0,7
3,12,89,0,1,0,0,9
4,12,89,0,0,0,1,0
1,13,89,0.5,0.5,0,0,0
2,13,89,0,1,0,0,3
3,13,89,0,1,0,0,1
4,13,89,0,0,0,1,0
1,14,89,0.5,0.5,0,0,0
2,14,89,0,1,0,0,1
3,14,89,0,1,0,0,3
4,14,89,0,0,0,1,0
1,15,89,0.3333,0.6667,0,0,12
2,15,89,0,1,0,0,2
3,15,89,0.25,0.75,0,0,4
4,15,89,0,0,0,1,0
1,16,89,0.5,0.5,0,0,0
2,16,89,0.5,0.5,0,0,2
3,16,89,0,1,0,0,1
4,16,89,0,0,0,1,0
1,17,89,1,0,0,0,1
2,17,89,0,1,0,0,2
3,17,89,0.2,0.8,0,0,5
4,17,89,0,0,0,1,0
1,18,89,0.5,0.5,0,0,0
2,18,89,0.5,0.5,0,0,2
3,18,89,1,0,0,0,1
4,18,89,0,0,0,1,0
1,19,89,0,1,0,0,2
2,19,89,0.1429,0.8571,0,0,7
3,19,89,0.5,0.5,0,0,4
4,19,89,0,0,0,1,0
1,20,89,0.6667,0.3333,0,0,6
2,20,89,0.6,0.4,0,0,5
3,20,89,0,1,0,0,1
4,20,89,0,0,0,1,0
1,1,90,0.5,0.5,0,0,0
2,1,90,0.8571,0.1429,0,0,7
3,1,90,0.9167,0.0833,0,0,12
4,1,90,0,0,0,1,3
1,2,90,0.5,0.5,0,0,0
2,2,90,0.5,0.5,0,0,4
3,2,90,0.5,0.5,0,0,6
4,2,90,0,0,0,1,6
1,3,90,0.5,0.5,0,0,0
2,3,90,0.5,0.5,0,0,4
3,3,90,0.125,0.875,0,0,8
4,3,90,0,0,0,1,3
1,4,90,0.5,0.5,0,0,0
2,4,90,0.5714,0.4286,0,0,7
3,4,90,0,1,0,0,1
4,4,90,0,0,0,1,1
1,5,90,1,0,0,0,2
2,5,90,0.5,0.5,0,0,10
3,5,90,0,1,0,0,6
4,5,90,0,0,0,1,2
1,6,90,0.5,0.5,0,0,0
2,6,90,0.55,0.45,0,0,20
3,6,90,0,1,0,0,10
4,6,90,0,0,0,1,3
1,7,90,0.5,0.5,0,0,0
2,7,90,0.2692,0.7308,0,0,26
3,7,90,0,1,0,0,8
4,7,90,0,0,0,1,4
1,8,90,0.5,0.5,0,0,0
2,8,90,0.2778,0.7222,0,0,36
3,8,90,0.0714,0.9286,0,0,14
4,8,90,0,0,0,1,5
1,9,90,0.5,0.5,0,0,0
2,9,90,0.25,0.75,0,0,28
3,9,90,0.1429,0.8571,0,0,14
4,9,90,0,0,0,1,9
1,10,90,0.6667,0.3333,0,0,3
2,10,90,0.5,0.5,0,0,2
3,10,90,0.0952,0.9048,0,0,21
4,10,90,0,0,0,1,0
1,11,90,0.5,0.5,0,0,0
2,11,90,0.2222,0.7778,0,0,9
3,11,90,0,1,0,0,6
4,11,90,0,0,0,1,0
1,12,90,0.5,0.5,0,0,0
2,12,90,0,1,0,0,9
3,12,90,0,1,0,0,5
4,12,90,0,0,0,1,0
1,13,90,0.5,0.5,0,0,0
2,13,90,0.1,0.9,0,0,10
3,13,90,0,1,0,0,8
4,13,90,0,0,0,1,0
1,14,90,0.5,0.5,0,0,0
2,14,90,0.1,0.9,0,0,10
3,14,90,0.5,0.5,0,0,2
4,14,90,0,0,0,1,0
1,15,90,0.5714,0.4286,0,0,7
2,15,90,0.0769,0.9231,0,0,13
3,15,90,0.25,0.75,0,0,8
4,15,90,0,0,0,1,0
1,16,90,1,0,0,0,1
2,16,90,0.25,0.75,0,0,4
3,16,90,0.3333,0.6667,0,0,3
4,16,90,0,0,0,1,0
1,17,90,0.5,0.5,0,0,0
2,17,90,0,1,0,0,3
3,17,90,0,1,0,0,4
4,17,90,0,0,0,1,0
1,18,90,0.5,0.5,0,0,0
2,18,90,0.2,0.8,0,0,5
3,18,90,0.5,0.5,0,0,2
4,18,90,0,0,0,1,0
1,19,90,1,0,0,0,1
2,19,90,0.3333,0.6667,0,0,3
3,19,90,0,1,0,0,1
4,19,90,0,0,0,1,0
1,20,90,0.3704,0.6296,0,0,27
2,20,90,0.3913,0.6087,0,0,23
3,20,90,0.3333,0.6667,0,0,9
4,20,90,0,0,0,1,0
1,1,91,0.5,0.5,0,0,0
2,1,91,0.5,0.5,0,0,0
3,1,91,0.5,0.5,0,0,0
4,1,91,0,0,0,1,0
1,2,91,0.5,0.5,0,0,0
2,2,91,1,0,0,0,6
3,2,91,0.2222,0.7778,0,0,9
4,2,91,0,0,0,1,2
1,3,91,0.5,0.5,0,0,0
2,3,91,0.6667,0.3333,0,0,3
3,3,91,0,1,0,0,7
4,3,91,0,0,0,1,5
1,4,91,0.5,0.5,0,0,0
2,4,91,0.5,0.5,0,0,10
3,4,91,0.1111,0.8889,0,0,9
4,4,91,0,0,0,1,1
1,5,91,0.5,0.5,0,0,0
2,5,91,0,1,0,0,1
3,5,91,0,1,0,0,8
4,5,91,0,0,0,1,5
1,6,91,0.5,0.5,0,0,0
2,6,91,0.3571,0.6429,0,0,14
3,6,91,0,1,0,0,5
4,6,91,0,0,0,1,3
1,7,91,0.5,0.5,0,0,0
2,7,91,0.3529,0.6471,0,0,17
3,7,91,0.1667,0.8333,0,0,6
4,7,91,0,0,0,1,2
1,8,91,0.5,0.5,0,0,0
2,8,91,0,1,0,0,1
3,8,91,0,1,0,0,2
4,8,91,0,0,0,1,1
1,9,91,0.5,0.5,0,0,0
2,9,91,0.1429,0.8571,0,0,21
3,9,91,0.1,0.9,0,0,10
4,9,91,0,0,0,1,7
1,10,91,0.5,0.5,0,0,2
2,10,91,0.3387,0.6613,0,0,62
3,10,91,0,1,0,0,19
4,10,91,0,0,0,1,0
1,11,91,1,0,0,0,1
2,11,91,0.3077,0.6923,0,0,13
3,11,91,0,1,0,0,1
4,11,91,0,0,0,1,0
1,12,91,0.5,0.5,0,0,0
2,12,91,0.0909,0.9091,0,0,11
3,12,91,0,1,0,0,5
4,12,91,0,0,0,1,0
1,13,91,0.5,0.5,0,0,0
2,13,91,0,1,0,0,5
3,13,91,0,1,0,0,4
4,13,91,0,0,0,1,0
1,14,91,0.5,0.5,0,0,0
2,14,91,0.1667,0.8333,0,0,6
3,14,91,0.4,0.6,0,0,5
4,14,91,0,0,0,1,0
1,15,91,1,0,0,0,2
2,15,91,0,1,0,0,1
3,15,91,0.5,0.5,0,0,4
4,15,91,0,0,0,1,0
1,16,91,0,1,0,0,1
2,16,91,0,1,0,0,4
3,16,91,0.25,0.75,0,0,8
4,16,91,0,0,0,1,0
1,17,91,0.5,0.5,0,0,0
2,17,91,0,1,0,0,2
3,17,91,0,1,0,0,2
4,17,91,0,0,0,1,0
1,18,91,0.3,0.7,0,0,10
2,18,91,0.5,0.5,0,0,4
3,18,91,0.6667,0.3333,0,0,3
4,18,91,0,0,0,1,0
1,19,91,0.3,0.7,0,0,10
2,19,91,0.3333,0.6667,0,0,3
3,19,91,0.5,0.5,0,0,0
4,19,91,0,0,0,1,0
1,20,91,0.5,0.5,0,0,2
2,20,91,0.2,0.8,0,0,5
3,20,91,0,1,0,0,2
4,20,91,0,0,0,1,0
1,1,92,0.5,0.5,0,0,0
2,1,92,0.5,0.5,0,0,0
3,1,92,0.5,0.5,0,0,0
4,1,92,0,0,0,1,0
1,2,92,0.5,0.5,0,0,0
2,2,92,0.5,0.5,0,0,0
3,2,92,0.5,0.5,0,0,0
4,2,92,0,0,0,1,0
1,3,92,0.5,0.5,0,0,0
2,3,92,0.5,0.5,0,0,8
3,3,92,0.125,0.875,0,0,8
4,3,92,0,0,0,1,5
1,4,92,0.5,0.5,0,0,0
2,4,92,0.375,0.625,0,0,8
3,4,92,0,1,0,0,8
4,4,92,0,0,0,1,3
1,5,92,0.5,0.5,0,0,0
2,5,92,0.3333,0.6667,0,0,6
3,5,92,0.1111,0.8889,0,0,9
4,5,92,0,0,0,1,4
1,6,92,0.5,0.5,0,0,0
2,6,92,0.5909,0.4091,0,0,22
3,6,92,0,1,0,0,11
4,6,92,0,0,0,1,7
1,7,92,0.5,0.5,0,0,0
2,7,92,0.5556,0.4444,0,0,18
3,7,92,0,1,0,0,7
4,7,92,0,0,0,1,4
1,8,92,0.5,0.5,0,0,0
2,8,92,0.6,0.4,0,0,20
3,8,92,0,1,0,0,7
4,8,92,0,0,0,1,3
1,9,92,0.5,0.5,0,0,0
2,9,92,1,0,0,0,1
3,9,92,0.1818,0.8182,0,0,11
4,9,92,0,0,0,1,7
1,10,92,0.75,0.25,0,0,4
2,10,92,0.45,0.55,0,0,40
3,10,92,0.1,0.9,0,0,10
4,10,92,0,0,0,1,0
1,11,92,0.5,0.5,0,0,0
2,11,92,0.2727,0.7273,0,0,11
3,11,92,0.3333,0.6667,0,0,3
4,11,92,0,0,0,1,0
1,12,92,0.5,0.5,0,0,0
2,12,92,0.2,0.8,0,0,10
3,12,92,0,1,0,0,6
4,12,92,0,0,0,1,0
1,13,92,0.5,0.5,0,0,0
2,13,92,0.5,0.5,0,0,6
3,13,92,0,1,0,0,3
4,13,92,0,0,0,1,0
1,14,92,0,1,0,0,1
2,14,92,0,1,0,0,4
3,14,92,0,1,0,0,3
4,14,92,0,0,0,1,0
1,15,92,0.5455,0.4545,0,0,11
2,15,92,0.25,0.75,0,0,4
3,15,92,0,1,0,0,4
4,15,92,0,0,0,1,0
1,16,92,1,0,0,0,1
2,16,92,0,1,0,0,1
3,16,92,0.5,0.5,0,0,0
4,16,92,0,0,0,1,0
1,17,92,0.1818,0.8182,0,0,11
2,17,92,0.5,0.5,0,0,6
3,17,92,0,1,0,0,2
4,17,92,0,0,0,1,0
1,18,92,0.125,0.875,0,0,8
2,18,92,0.3333,0.6667,0,0,6
3,18,92,0,1,0,0,1
4,18,92,0,0,0,1,0
1,19,92,0.5,0.5,0,0,0
2,19,92,0,1,0,0,3
3,19,92,0.25,0.75,0,0,4
4,19,92,0,0,0,1,0
1,20,92,0,1,0,0,1
2,20,92,0.6667,0.3333,0,0,3
3,20,92,0,1,0,0,1
4,20,92,0,0,0,1,0
1,1,93,0.5,0.5,0,0,0
2,1,93,0.5,0.5,0,0,0
3,1,93,0.5,0.5,0,0,0
4,1,93,0,0,0,1,0
1,2,93,0.5,0.5,0,0,0
2,2,93,0.5,0.5,0,0,0
3,2,93,0.5,0.5,0,0,0
4,2,93,0,0,0,1,0
1,3,93,0.5,0.5,0,0,0
2,3,93,0.5,0.5,0,0,0
3,3,93,0.5,0.5,0,0,0
4,3,93,0,0,0,1,0
1,4,93,0.5,0.5,0,0,0
2,4,93,0.6667,0.3333,0,0,3
3,4,93,0,1,0,0,7
4,4,93,0,0,0,1,6
1,5,93,0.6667,0.3333,0,0,3
2,5,93,0.6667,0.3333,0,0,12
3,5,93,0,1,0,0,5
4,5,93,0,0,0,1,6
1,6,93,0.5,0.5,0,0,0
2,6,93,0.5,0.5,0,0,8
3,6,93,0.1111,0.8889,0,0,9
4,6,93,0,0,0,1,2
1,7,93,0.5,0.5,0,0,0
2,7,93,0.4167,0.5833,0,0,12
3,7,93,0,1,0,0,9
4,7,93,0,0,0,1,7
1,8,93,0.5,0.5,0,0,0
2,8,93,0.25,0.75,0,0,20
3,8,93,0.1111,0.8889,0,0,9
4,8,93,0,0,0,1,4
1,9,93,0.5,0.5,0,0,0
2,9,93,0.6471,0.3529,0,0,17
3,9,93,0,1,0,0,6
4,9,93,0,0,0,1,4
1,10,93,0.6667,0.3333,0,0,3
2,10,93,0,1,0,0,1
3,10,93,1,0,0,0,1
4,10,93,0,0,0,1,0
1,11,93,0.5,0.5,0,0,0
2,11,93,0.6,0.4,0,0,5
3,11,93,0,1,0,0,4
4,11,93,0,0,0,1,0
1,12,93,0.5,0.5,0,0,0
2,12,93,0.25,0.75,0,0,8
3,12,93,0,1,0,0,3
4,12,93,0,0,0,1,0
1,13,93,0.5,0.5,0,0,0
2,13,93,0,1,0,0,4
3,13,93,0.5,0.5,0,0,6
4,13,93,0,0,0,1,0
1,14,93,0,1,0,0,1
2,14,93,0.5,0.5,0,0,0
3,14,93,0,1,0,0,3
4,14,93,0,0,0,1,0
1,15,93,0.625,0.375,0,0,8
2,15,93,0.5,0.5,0,0,4
3,15,93,0.3333,0.6667,0,0,3
4,15,93,0,0,0,1,0
1,16,93,0.25,0.75,0,0,12
2,16,93,0.3333,0.6667,0,0,3
3,16,93,0,1,0,0,1
4,16,93,0,0,0,1,0
1,17,93,0.6,0.4,0,0,5
2,17,93,0,1,0,0,1
3,17,93,0,1,0,0,1
4,17,93,0,0,0,1,0
1,18,93,0.5,0.5,0,0,0
2,18,93,1,0,0,0,3
3,18,93,0,1,0,0,1
4,18,93,0,0,0,1,0
1,19,93,0.5,0.5,0,0,0
2,19,93,0.3333,0.6667,0,0,3
3,19,93,0.25,0.75,0,0,4
4,19,93,0,0,0,1,0
1,20,93,0.5,0.5,0,0,0
2,20,93,0.5,0.5,0,0,0
3,20,93,0,1,0,0,1
4,20,93,0,0,0,1,0
1,1,94,0.5,0.5,0,0,0
2,1,94,0.5,0.5,0,0,0
3,1,94,0.5,0.5,0,0,0
4,1,94,0,0,0,1,0
1,2,94,0.5,0.5,0,0,0
2,2,94,0.5,0.5,0,0,0
3,2,94,0.5,0.5,0,0,0
4,2,94,0,0,0,1,0
1,3,94,0.5,0.5,0,0,0
2,3,94,0.5,0.5,0,0,0
3,3,94,0.5,0.5,0,0,0
4,3,94,0,0,0,1,0
1,4,94,0.5,0.5,0,0,0
2,4,94,0.5,0.5,0,0,0
3,4,94,0.5,0.5,0,0,0
4,4,94,0,0,0,1,0
1,5,94,0.8889,0.1111,0,0,9
2,5,94,0.4545,0.5455,0,0,11
3,5,94,0,1,0,0,12
4,5,94,0,0,0,1,9
1,6,94,0.5,0.5,0,0,0
2,6,94,0.625,0.375,0,0,8
3,6,94,0.4286,0.5714,0,0,7
4,6,94,0,0,0,1,1
1,7,94,0.5,0.5,0,0,0
2,7,94,0.5385,0.4615,0,0,13
3,7,94,0,1,0,0,1
4,7,94,0,0,0,1,3
1,8,94,0.5,0.5,0,0,0
2,8,94,0.3333,0.6667,0,0,18
3,8,94,0,1,0,0,4
4,8,94,0,0,0,1,2
1,9,94,0.5,0.5,0,0,0
2,9,94,0.0714,0.9286,0,0,14
3,9,94,0.25,0.75,0,0,8
4,9,94,0,0,0,1,3
1,10,94,0.6798,0.3202,0,0,203
2,10,94,0.3667,0.6333,0,0,30
3,10,94,0,1,0,0,5
4,10,94,0,0,0,1,0
1,11,94,0.5,0.5,0,0,0
2,11,94,0.2,0.8,0,0,10
3,11,94,0.3333,0.6667,0,0,3
4,11,94,0,0,0,1,0
1,12,94,0,1,0,0,1
2,12,94,0.5,0.5,0,0,4
3,12,94,0,1,0,0,3
4,12,94,0,0,0,1,0
1,13,94,0.5,0.5,0,0,0
2,13,94,0.75,0.25,0,0,4
3,13,94,0,1,0,0,4
4,13,94,0,0,0,1,0
1,14,94,0.5,0.5,0,0,0
2,14,94,0.6,0.4,0,0,5
3,14,94,1,0,0,0,1
4,14,94,0,0,0,1,0
1,15,94,0.5,0.5,0,0,10
2,15,94,0.4,0.6,0,0,5
3,15,94,0,1,0,0,1
4,15,94,0,0,0,1,0
1,16,94,1,0,0,0,2
2,16,94,1,0,0,0,1
3,16,94,1,0,0,0,2
4,16,94,0,0,0,1,0
1,17,94,0.5,0.5,0,0,0
2,17,94,0,1,0,0,1
3,17,94,0.5,0.5,0,0,0
4,17,94,0,0,0,1,0
1,18,94,0.5,0.5,0,0,0
2,18,94,0,1,0,0,1
3,18,94,0.5,0.5,0,0,0
4,18,94,0,0,0,1,0
1,19,94,0.5,0.5,0,0,0
2,19,94,0.3333,0.6667,0,0,3
3,19,94,1,0,0,0,2
4,19,94,0,0,0,1,0
1,20,94,0.5,0.5,0,0,0
2,20,94,0.5,0.5,0,0,2
3,20,94,0.5,0.5,0,0,0
4,20,94,0,0,0,1,0
1,1,95,0.5,0.5,0,0,0
2,1,95,0.5,0.5,0,0,0
3,1,95,0.5,0.5,0,0,0
4,1,95,0,0,0,1,0
1,2,95,0.5,0.5,0,0,0
2,2,95,0.5,0.5,0,0,0
3,2,95,0.5,0.5,0,0,0
4,2,95,0,0,0,1,0
1,3,95,0.5,0.5,0,0,0
2,3,95,0.5,0.5,0,0,0
3,3,95,0.5,0.5,0,0,0
4,3,95,0,0,0,1,0
1,4,95,0.5,0.5,0,0,0
2,4,95,0.5,0.5,0,0,0
3,4,95,0.5,0.5,0,0,0
4,4,95,0,0,0,1,0
1,5,95,0.5,0.5,0,0,0
2,5,95,0.5,0.5,0,0,0
3,5,95,0.5,0.5,0,0,0
4,5,95,0,0,0,1,0
1,6,95,0.5,0.5,0,0,0
2,6,95,0.3,0.7,0,0,10
3,6,95,0,1,0,0,10
4,6,95,0,0,0,1,8
1,7,95,0.5,0.5,0,0,0
2,7,95,0.3636,0.6364,0,0,22
3,7,95,0,1,0,0,5
4,7,95,0,0,0,1,1
1,8,95,0.5,0.5,0,0,0
2,8,95,1,0,0,0,1
3,8,95,0,1,0,0,7
4,8,95,0,0,0,1,5
1,9,95,0.5,0.5,0,0,0
2,9,95,0.3333,0.6667,0,0,15
3,9,95,0,1,0,0,3
4,9,95,0,0,0,1,2
1,10,95,0.6968,0.3032,0,0,188
2,10,95,0.4483,0.5517,0,0,29
3,10,95,0.1111,0.8889,0,0,9
4,10,95,0,0,0,1,0
1,11,95,0.5,0.5,0,0,0
2,11,95,0.2727,0.7273,0,0,11
3,11,95,0.25,0.75,0,0,8
4,11,95,0,0,0,1,0
1,12,95,0.3333,0.6667,0,0,3
2,12,95,0.4545,0.5455,0,0,11
3,12,95,0.2,0.8,0,0,5
4,12,95,0,0,0,1,0
1,13,95,0.5,0.5,0,0,0
2,13,95,0.6667,0.3333,0,0,6
3,13,95,0,1,0,0,2
4,13,95,0,0,0,1,0
1,14,95,0.25,0.75,0,0,8
2,14,95,0.3333,0.6667,0,0,3
3,14,95,0.4286,0.5714,0,0,7
4,14,95,0,0,0,1,0
1,15,95,0.3571,0.6429,0,0,14
2,15,95,0.25,0.75,0,0,8
3,15,95,0.2,0.8,0,0,5
4,15,95,0,0,0,1,0
1,16,95,0.5,0.5,0,0,0
2,16,95,0.5,0.5,0,0,2
3,16,95,0,1,0,0,2
4,16,95,0,0,0,1,0
1,17,95,0.5,0.5,0,0,0
2,17,95,0.5,0.5,0,0,4
3,17,95,0,1,0,0,4
4,17,95,0,0,0,1,0
1,18,95,0.5,0.5,0,0,0
2,18,95,0.5,0.5,0,0,0
3,18,95,1,0,0,0,2
4,18,95,0,0,0,1,0
1,19,95,0.5,0.5,0,0,0
2,19,95,0.5,0.5,0,0,0
3,19,95,0.5,0.5,0,0,0
4,19,95,0,0,0,1,0
1,20,95,0.5,0.5,0,0,0
2,20,95,0.5,0.5,0,0,0
3,20,95,0.5,0.5,0,0,0
4,20,95,0,0,0,1,0
1,1,96,0.5,0.5,0,0,0
2,1,96,0.5,0.5,0,0,0
3,1,96,0.5,0.5,0,0,0
4,1,96,0,0,0,1,0
1,2,96,0.5,0.5,0,0,0
2,2,96,0.5,0.5,0,0,0
3,2,96,0.5,0.5,0,0,0
4,2,96,0,0,0,1,0
1,3,96,0.5,0.5,0,0,0
2,3,96,0.5,0.5,0,0,0
3,3,96,0.5,0.5,0,0,0
4,3,96,0,0,0,1,0
1,4,96,0.5,0.5,0,0,0
2,4,96,0.5,0.5,0,0,0
3,4,96,0.5,0.5,0,0,0
4,4,96,0,0,0,1,0
1,5,96,0.5,0.5,0,0,0
2,5,96,0.5,0.5,0,0,0
3,5,96,0.5,0.5,0,0,0
4,5,96,0,0,0,1,0
1,6,96,0.5,0.5,0,0,0
2,6,96,0.5,0.5,0,0,0
3,6,96,0.5,0.5,0,0,0
4,6,96,0,0,0,1,0
1,7,96,0.5,0.5,0,0,0
2,7,96,0.4211,0.5789,0,0,19
3,7,96,0.125,0.875,0,0,8
4,7,96,0,0,0,1,2
1,8,96,0.5,0.5,0,0,0
2,8,96,0.32,0.68,0,0,25
3,8,96,0,1,0,0,16
4,8,96,0,0,0,1,9
1,9,96,0,1,0,0,1
2,9,96,0,1,0,0,1
3,9,96,0.25,0.75,0,0,8
4,9,96,0,0,0,1,3
1,10,96,0.5,0.5,0,0,2
2,10,96,0,1,0,0,1
3,10,96,0,1,0,0,8
4,10,96,0,0,0,1,0
1,11,96,0.5,0.5,0,0,0
2,11,96,0.2222,0.7778,0,0,9
3,11,96,0,1,0,0,4
4,11,96,0,0,0,1,0
1,12,96,0.5,0.5,0,0,0
2,12,96,0.5,0.5,0,0,6
3,12,96,0,1,0,0,3
4,12,96,0,0,0,1,0
1,13,96,1,0,0,0,4
2,13,96,0.5,0.5,0,0,2
3,13,96,0,1,0,0,2
4,13,96,0,0,0,1,0
1,14,96,0,1,0,0,1
2,14,96,0,1,0,0,1
3,14,96,0,1,0,0,1
4,14,96,0,0,0,1,0
1,15,96,0,1,0,0,1
2,15,96,0.75,0.25,0,0,4
3,15,96,0,1,0,0,2
4,15,96,0,0,0,1,0
1,16,96,0.5,0.5,0,0,0
2,16,96,0,1,0,0,3
3,16,96,0.5,0.5,0,0,2
4,16,96,0,0,0,1,0
1,17,96,0.5,0.5,0,0,0
2,17,96,0,1,0,0,1
3,17,96,0.5,0.5,0,0,2
4,17,96,0,0,0,1,0
1,18,96,0.5,0.5,0,0,0
2,18,96,1,0,0,0,4
3,18,96,1,0,0,0,2
4,18,96,0,0,0,1,0
1,19,96,0,1,0,0,1
2,19,96,0,1,0,0,1
3,19,96,0,1,0,0,1
4,19,96,0,0,0,1,0
1,20,96,0.5,0.5,0,0,0
2,20,96,0.5,0.5,0,0,0
3,20,96,0,1,0,0,1
4,20,96,0,0,0,1,0
1,1,97,0.5,0.5,0,0,0
2,1,97,0.5,0.5,0,0,0
3,1,97,0.5,0.5,0,0,0
4,1,97,0,0,0,1,0
1,2,97,0.5,0.5,0,0,0
2,2,97,0.5,0.5,0,0,0
3,2,97,0.5,0.5,0,0,0
4,2,97,0,0,0,1,0
1,3,97,0.5,0.5,0,0,0
2,3,97,0.5,0.5,0,0,0
3,3,97,0.5,0.5,0,0,0
4,3,97,0,0,0,1,0
1,4,97,0.5,0.5,0,0,0
2,4,97,0.5,0.5,0,0,0
3,4,97,0.5,0.5,0,0,0
4,4,97,0,0,0,1,0
1,5,97,0.5,0.5,0,0,0
2,5,97,0.5,0.5,0,0,0
3,5,97,0.5,0.5,0,0,0
4,5,97,0,0,0,1,0
1,6,97,0.5,0.5,0,0,0
2,6,97,0.5,0.5,0,0,0
3,6,97,0.5,0.5,0,0,0
4,6,97,0,0,0,1,0
1,7,97,0.5,0.5,0,0,0
2,7,97,0.5,0.5,0,0,0
3,7,97,0.5,0.5,0,0,0
4,7,97,0,0,0,1,0
1,8,97,0.5,0.5,0,0,0
2,8,97,0,1,0,0,1
3,8,97,0,1,0,0,1
4,8,97,0,0,0,1,1
1,9,97,0.5,0.5,0,0,0
2,9,97,0.24,0.76,0,0,25
3,9,97,0.1538,0.8462,0,0,13
4,9,97,0,0,0,1,3
1,10,97,1,0,0,0,1
2,10,97,0.5417,0.4583,0,0,24
3,10,97,0,1,0,0,4
4,10,97,0,0,0,1,0
1,11,97,0.5,0.5,0,0,0
2,11,97,0.375,0.625,0,0,8
3,11,97,0,1,0,0,3
4,11,97,0,0,0,1,0
1,12,97,0.3333,0.6667,0,0,6
2,12,97,0.5714,0.4286,0,0,7
3,12,97,0,1,0,0,2
4,12,97,0,0,0,1,0
1,13,97,0.8,0.2,0,0,5
2,13,97,0.2,0.8,0,0,5
3,13,97,0,1,0,0,2
4,13,97,0,0,0,1,0
1,14,97,0.5,0.5,0,0,0
2,14,97,1,0,0,0,1
3,14,97,0.5,0.5,0,0,0
4,14,97,0,0,0,1,0
1,15,97,0.5,0.5,0,0,0
2,15,97,0.5,0.5,0,0,2
3,15,97,0,1,0,0,1
4,15,97,0,0,0,1,0
1,16,97,0.5,0.5,0,0,0
2,16,97,0,1,0,0,1
3,16,97,0.5,0.5,0,0,0
4,16,97,0,0,0,1,0
1,17,97,0.5,0.5,0,0,0
2,17,97,1,0,0,0,1
3,17,97,1,0,0,0,2
4,17,97,0,0,0,1,0
1,18,97,0.5,0.5,0,0,0
2,18,97,0.5,0.5,0,0,0
3,18,97,1,0,0,0,1
4,18,97,0,0,0,1,0
1,19,97,0.5,0.5,0,0,0
2,19,97,1,0,0,0,1
3,19,97,0.6667,0.3333,0,0,3
4,19,97,0,0,0,1,0
1,20,97,1,0,0,0,1
2,20,97,0,1,0,0,1
3,20,97,0.5,0.5,0,0,0
4,20,97,0,0,0,1,0
1,1,98,0.5,0.5,0,0,0
2,1,98,0.5,0.5,0,0,0
3,1,98,0.5,0.5,0,0,0
4,1,98,0,0,0,1,0
1,2,98,0.5,0.5,0,0,0
2,2,98,0.5,0.5,0,0,0
3,2,98,0.5,0.5,0,0,0
4,2,98,0,0,0,1,0
1,3,98,0.5,0.5,0,0,0
2,3,98,0.5,0.5,0,0,0
3,3,98,0.5,0.5,0,0,0
4,3,98,0,0,0,1,0
1,4,98,0.5,0.5,0,0,0
2,4,98,0.5,0.5,0,0,0
3,4,98,0.5,0.5,0,0,0
4,4,98,0,0,0,1,0
1,5,98,0.5,0.5,0,0,0
2,5,98,0.5,0.5,0,0,0
3,5,98,0.5,0.5,0,0,0
4,5,98,0,0,0,1,0
1,6,98,0.5,0.5,0,0,0
2,6,98,0.5,0.5,0,0,0
3,6,98,0.5,0.5,0,0,0
4,6,98,0,0,0,1,0
1,7,98,0.5,0.5,0,0,0
2,7,98,0.5,0.5,0,0,0
3,7,98,0.5,0.5,0,0,0
4,7,98,0,0,0,1,0
1,8,98,0.5,0.5,0,0,0
2,8,98,0.5,0.5,0,0,0
3,8,98,0.5,0.5,0,0,0
4,8,98,0,0,0,1,0
1,9,98,0.5,0.5,0,0,0
2,9,98,0.5,0.5,0,0,24
3,9,98,0,1,0,0,7
4,9,98,0,0,0,1,6
1,10,98,0.7546,0.2454,0,0,163
2,10,98,0.2963,0.7037,0,0,27
3,10,98,0.0833,0.9167,0,0,12
4,10,98,0,0,0,1,0
1,11,98,1,0,0,0,1
2,11,98,0.7143,0.2857,0,0,7
3,11,98,0,1,0,0,2
4,11,98,0,0,0,1,0
1,12,98,0.4,0.6,0,0,5
2,12,98,0.8,0.2,0,0,5
3,12,98,0.25,0.75,0,0,4
4,12,98,0,0,0,1,0
1,13,98,1,0,0,0,2
2,13,98,0.3333,0.6667,0,0,3
3,13,98,1,0,0,0,1
4,13,98,0,0,0,1,0
1,14,98,0.5,0.5,0,0,0
2,14,98,0.3333,0.6667,0,0,3
3,14,98,0,1,0,0,3
4,14,98,0,0,0,1,0
1,15,98,0.5,0.5,0,0,0
2,15,98,1,0,0,0,1
3,15,98,0.5,0.5,0,0,2
4,15,98,0,0,0,1,0
1,16,98,0,1,0,0,1
2,16,98,1,0,0,0,2
3,16,98,0,1,0,0,1
4,16,98,0,0,0,1,0
1,17,98,0.5,0.5,0,0,0
2,17,98,0,1,0,0,1
3,17,98,0.5,0.5,0,0,2
4,17,98,0,0,0,1,0
1,18,98,0.5,0.5,0,0,0
2,18,98,1,0,0,0,1
3,18,98,1,0,0,0,1
4,18,98,0,0,0,1,0
1,19,98,0.5,0.5,0,0,0
2,19,98,0,1,0,0,1
3,19,98,0,1,0,0,3
4,19,98,0,0,0,1,0
1,20,98,0.5,0.5,0,0,0
2,20,98,0.5,0.5,0,0,2
3,20,98,0.5,0.5,0,0,0
4,20,98,0,0,0,1,0
1,1,99,0.5,0.5,0,0,0
2,1,99,0.5,0.5,0,0,0
3,1,99,0.5,0.5,0,0,0
4,1,99,0,0,0,1,0
1,2,99,0.5,0.5,0,0,0
2,2,99,0.5,0.5,0,0,0
3,2,99,0.5,0.5,0,0,0
4,2,99,0,0,0,1,0
1,3,99,0.5,0.5,0,0,0
2,3,99,0.5,0.5,0,0,0
3,3,99,0.5,0.5,0,0,0
4,3,99,0,0,0,1,0
1,4,99,0.5,0.5,0,0,0
2,4,99,0.5,0.5,0,0,0
3,4,99,0.5,0.5,0,0,0
4,4,99,0,0,0,1,0
1,5,99,0.5,0.5,0,0,0
2,5,99,0.5,0.5,0,0,0
3,5,99,0.5,0.5,0,0,0
4,5,99,0,0,0,1,0
1,6,99,0.5,0.5,0,0,0
2,6,99,0.5,0.5,0,0,0
3,6,99,0.5,0.5,0,0,0
4,6,99,0,0,0,1,0
1,7,99,0.5,0.5,0,0,0
2,7,99,0.5,0.5,0,0,0
3,7,99,0.5,0.5,0,0,0
4,7,99,0,0,0,1,0
1,8,99,0.5,0.5,0,0,0
2,8,99,0.5,0.5,0,0,0
3,8,99,0.5,0.5,0,0,0
4,8,99,0,0,0,1,0
1,9,99,0.5,0.5,0,0,0
2,9,99,0.5,0.5,0,0,0
3,9,99,0.5,0.5,0,0,0
4,9,99,0,0,0,1,0
1,10,99,1,0,0,0,2
2,10,99,0.4571,0.5429,0,0,35
3,10,99,0.1111,0.8889,0,0,9
4,10,99,0,0,0,1,0
1,11,99,0.8889,0.1111,0,0,9
2,11,99,0.3333,0.6667,0,0,12
3,11,99,0,1,0,0,6
4,11,99,0,0,0,1,0
1,12,99,1,0,0,0,1
2,12,99,1,0,0,0,2
3,12,99,0.5,0.5,0,0,0
4,12,99,0,0,0,1,0
1,13,99,0.5,0.5,0,0,0
2,13,99,0,1,0,0,1
3,13,99,0,1,0,0,1
4,13,99,0,0,0,1,0
1,14,99,0.5,0.5,0,0,0
2,14,99,1,0,0,0,2
3,14,99,0,1,0,0,1
4,14,99,0,0,0,1,0
1,15,99,0.5,0.5,0,0,0
2,15,99,0.5,0.5,0,0,0
3,15,99,0.5,0.5,0,0,0
4,15,99,0,0,0,1,0
1,16,99,0.5,0.5,0,0,0
2,16,99,0.5,0.5,0,0,0
3,16,99,0.5,0.5,0,0,2
4,16,99,0,0,0,1,0
1,17,99,0.5,0.5,0,0,0
2,17,99,0.5,0.5,0,0,0
3,17,99,1,0,0,0,1
4,17,99,0,0,0,1,0
1,18,99,0.5,0.5,0,0,0
2,18,99,1,0,0,0,1
3,18,99,0.5,0.5,0,0,2
4,18,99,0,0,0,1,0
1,19,99,0.5,0.5,0,0,0
2,19,99,0.5,0.5,0,0,2
3,19,99,0,1,0,0,2
4,19,99,0,0,0,1,0
1,20,99,0.5,0.5,0,0,0
2,20,99,0.5,0.5,0,0,0
3,20,99,0.5,0.5,0,0,0
4,20,99,0,0,0,1,0
