Down,Distance,Yardline,Run_EP,Pass_EP,Kick_EP,Punt_EP,EP,Opt_Choice
1,20,99,-2.07694,-1.08415,-3.41916,-3.35117,-1.08415,1
1,19,99,-2.07152,-0.482293,-3.41916,-3.35117,-0.482293,1
1,18,99,-1.59649,-0.803396,-3.41916,-3.35117,-0.803396,1
1,17,99,-1.2721,-0.953384,-3.41916,-3.35117,-0.953384,1
1,15,99,-0.977098,-0.880934,-3.41916,-3.35117,-0.880934,1
1,13,99,-0.701661,-0.871472,-3.41916,-3.35117,-0.871472,0
1,12,99,-0.0920044,-0.882796,-3.41916,-3.35117,-0.0920044,0
1,10,99,-0.0813172,0.0938271,-3.41916,-3.35117,0.0938271,1
1,9,99,-0.461744,0.529341,-3.41916,-3.35117,0.529341,1
1,7,99,-0.513185,-0.2964,-3.41916,-3.35117,-0.2964,1
1,4,99,0.231067,0.43365,-3.41916,-3.35117,0.43365,1
1,3,99,0.283806,0.167782,-3.41916,-3.35117,0.167782,0
1,2,99,0.400992,0.344798,-3.41916,-3.35117,0.344798,0
1,1,99,-0.122411,0.205959,-3.41916,-3.35117,0.205959,1
1,20,98,-1.89713,-1.30231,-3.41916,-3.12829,-1.30231,1
1,19,98,-1.65467,-0.331908,-3.41916,-3.12829,-0.331908,1
1,18,98,-1.45812,-0.770889,-3.41916,-3.12829,-0.770889,1
1,17,98,-0.898887,-0.859266,-3.41916,-3.12829,-0.859266,1
1,15,98,-0.878605,-0.978771,-3.41916,-3.12829,-0.978771,0
1,13,98,-0.389939,-0.729818,-3.41916,-3.12829,-0.389939,0
1,12,98,0.177653,-0.406525,-3.41916,-3.12829,-0.406525,0
1,9,98,-0.43491,0.586632,-3.41916,-3.12829,0.586632,1
1,7,98,-0.201956,-0.175712,-3.41916,-3.12829,-0.175712,1
1,4,98,0.274306,0.707396,-3.41916,-3.12829,0.707396,1
1,3,98,0.301268,0.284018,-3.41916,-3.12829,0.284018,0
1,2,98,0.393694,0.62525,-3.41916,-3.12829,0.62525,1
1,1,98,-0.0547603,0.244228,-3.41916,-3.12829,0.244228,1
1,20,97,-1.40969,-1.15898,-3.41916,-2.81209,-1.40969,1
1,19,97,-1.72636,-0.468831,-3.41916,-2.81209,-0.468831,1
1,18,97,-1.08255,-0.598407,-3.41916,-2.81209,-0.598407,1
1,17,97,-0.869621,-0.883788,-3.41916,-2.81209,-0.883788,0
1,15,97,-0.723418,-0.753857,-3.41916,-2.81209,-0.753857,0
1,13,97,-0.310223,-0.596534,-3.41916,-2.81209,-0.596534,0
1,12,97,0.282379,-0.291172,-3.41916,-2.81209,-0.291172,0
1,7,97,-0.154678,-0.151339,-3.41916,-2.81209,-0.151339,1
1,4,97,0.31556,0.558535,-3.41916,-2.81209,0.558535,1
1,3,97,0.253763,0.26694,-3.41916,-2.81209,0.26694,1
1,2,97,0.355978,0.404955,-3.41916,-2.81209,0.404955,1
1,20,96,-1.37124,-1.11198,-3.41916,-2.99602,-1.11198,1
1,19,96,-1.24941,-0.441974,-3.41916,-2.99602,-0.441974,1
1,18,96,-1.32989,-0.849738,-3.41916,-2.99602,-0.849738,1
1,17,96,-0.560648,-0.709946,-3.41916,-2.99602,-0.709946,0
1,15,96,-0.493391,-0.678614,-3.41916,-2.99602,-0.678614,0
1,13,96,-0.314783,-0.80526,-3.41916,-2.99602,-0.314783,0
1,12,96,0.227992,-0.327803,-3.41916,-2.99602,-0.327803,0
1,9,96,-0.284004,0.785917,-3.41916,-2.99602,0.785917,1
1,7,96,-0.0631595,-0.100966,-3.41916,-2.99602,-0.100966,0
1,4,96,0.340397,0.767608,-3.41916,-2.99602,0.767608,1
1,3,96,0.280289,0.409514,-3.41916,-2.99602,0.409514,1
1,2,96,0.43991,0.878228,-3.41916,-2.99602,0.878228,1
1,19,95,-0.976683,-0.124017,-3.41916,-2.85377,-0.124017,1
1,17,95,-0.891798,-0.870963,-3.41916,-2.85377,-0.870963,1
1,15,95,-0.511891,-0.656555,-3.41916,-2.85377,-0.656555,0
1,13,95,-0.133606,-0.54927,-3.41916,-2.85377,-0.54927,0
1,7,95,-0.208311,-0.272216,-3.41916,-2.85377,-0.272216,0
1,4,95,0.390686,0.716832,-3.41916,-2.85377,0.716832,1
1,2,95,0.528496,0.70813,-3.41916,-2.85377,0.70813,1
1,1,95,0.517686,0.430722,-3.41916,-2.85377,0.430722,0
1,19,94,-0.915949,-0.081126,-3.41916,-2.55553,-0.081126,1
1,17,94,-0.697988,-0.7397,-3.41916,-2.55553,-0.7397,0
1,15,94,-0.298787,-0.423258,-3.41916,-2.55553,-0.423258,0
1,13,94,0.00122287,-0.426939,-3.41916,-2.55553,-0.426939,0
1,7,94,0.0982068,-0.104276,-3.41916,-2.55553,-0.104276,0
1,4,94,0.429589,0.816869,-3.41916,-2.55553,0.816869,1
1,2,94,0.709746,0.910337,-3.41916,-2.55553,0.910337,1
1,1,94,0.37446,0.505917,-3.41916,-2.55553,0.505917,1
1,19,93,-0.925758,-0.170456,-3.41916,-2.51688,-0.170456,1
1,17,93,-0.781762,-0.728106,-3.41916,-2.51688,-0.781762,1
1,15,93,-0.580307,-0.666404,-3.41916,-2.51688,-0.666404,0
1,13,93,-0.0131676,-0.451752,-3.41916,-2.51688,-0.451752,0
1,7,93,0.318736,0.052,-3.41916,-2.51688,0.052,0
1,4,93,0.475507,0.825305,-3.41916,-2.51688,0.825305,1
1,2,93,0.666778,0.794699,-3.41916,-2.51688,0.794699,1
1,1,93,0.378936,0.591764,-3.41916,-2.51688,0.591764,1
1,19,92,-0.965522,-0.156774,-6.43894,-2.39982,-0.156774,1
1,17,92,-0.548215,-0.561245,-6.43894,-2.39982,-0.561245,0
1,15,92,-0.369582,-0.45249,-6.43894,-2.39982,-0.45249,0
1,13,92,0.194608,-0.226534,-6.43894,-2.39982,-0.226534,0
1,7,92,0.424423,0.126177,-6.43894,-2.39982,0.126177,0
1,4,92,0.352984,0.858673,-6.43894,-2.39982,0.858673,1
1,2,92,0.668937,0.813584,-6.43894,-2.39982,0.813584,1
1,1,92,0.455124,0.557161,-6.43894,-2.39982,0.557161,1
1,19,91,-0.625859,0.0292669,-6.29331,-2.45927,0.0292669,1
1,17,91,-0.531302,-0.508966,-6.29331,-2.45927,-0.508966,1
1,15,91,-0.206614,-0.267615,-6.29331,-2.45927,-0.206614,0
1,13,91,-0.0106779,-0.409652,-6.29331,-2.45927,-0.409652,0
1,7,91,0.4887,0.285916,-6.29331,-2.45927,0.285916,0
1,4,91,0.636541,0.987647,-6.29331,-2.45927,0.987647,1
1,2,91,0.719105,0.752266,-6.29331,-2.45927,0.752266,1
1,1,91,0.584756,0.602812,-6.29331,-2.45927,0.602812,1
1,19,90,-0.856599,-0.110746,-6.05291,-2.36134,-0.110746,1
1,17,90,-0.861058,-0.719467,-6.05291,-2.36134,-0.719467,1
1,15,90,-0.110815,-0.190552,-6.05291,-2.36134,-0.190552,0
1,13,90,0.11576,-0.273008,-6.05291,-2.36134,-0.273008,0
1,7,90,0.382382,0.143763,-6.05291,-2.36134,0.143763,0
1,4,90,0.676502,1.00166,-6.05291,-2.36134,1.00166,1
1,2,90,0.536161,1.01342,-6.05291,-2.36134,1.01342,1
1,1,90,0.575367,0.785549,-6.05291,-2.36134,0.785549,1
1,19,89,-0.829879,-0.180585,-5.75042,-2.39784,-0.180585,1
1,17,89,-0.564992,-0.338156,-5.75042,-2.39784,-0.564992,1
1,15,89,0.0125525,-0.122526,-5.75042,-2.39784,-0.122526,0
1,13,89,-0.0599068,-0.0509142,-5.75042,-2.39784,-0.0509142,1
1,7,89,0.467848,0.286401,-5.75042,-2.39784,0.286401,0
1,4,89,0.758874,1.1775,-5.75042,-2.39784,1.1775,1
1,2,89,0.882076,1.06512,-5.75042,-2.39784,1.06512,1
1,1,89,0.592564,0.147162,-5.75042,-2.39784,0.147162,0
1,19,88,-0.748676,-0.0259032,-5.55605,-2.24038,-0.748676,1
1,17,88,-0.833701,-0.666263,-5.55605,-2.24038,-0.666263,1
1,15,88,-0.44479,-0.301424,-5.55605,-2.24038,-0.301424,1
1,13,88,0.237549,-0.0448657,-5.55605,-2.24038,-0.0448657,0
1,7,88,0.555381,0.216102,-5.55605,-2.24038,0.216102,0
1,4,88,0.879089,0.99266,-5.55605,-2.24038,0.99266,1
1,2,88,0.982774,1.04525,-5.55605,-2.24038,1.04525,1
1,1,88,0.632924,0.729107,-5.55605,-2.24038,0.729107,1
1,19,87,-0.579241,0.261779,-5.60239,-2.09737,0.261779,1
1,17,87,-0.999241,-0.815096,-5.60239,-2.09737,-0.815096,1
1,15,87,-0.11029,0.191806,-5.60239,-2.09737,0.191806,1
1,13,87,0.238161,0.0181982,-5.60239,-2.09737,0.0181982,0
1,7,87,0.694077,0.440957,-5.60239,-2.09737,0.440957,0
1,4,87,0.793695,1.30804,-5.60239,-2.09737,1.30804,1
1,2,87,1.04899,1.28345,-5.60239,-2.09737,1.28345,1
1,1,87,0.630595,0.959881,-5.60239,-2.09737,0.959881,1
1,19,86,-0.581081,0.102318,-5.61978,-2.01828,0.102318,1
1,17,86,-0.574766,-0.567322,-5.61978,-2.01828,-0.574766,1
1,15,86,-0.471043,-0.195907,-5.61978,-2.01828,-0.195907,1
1,13,86,-0.25706,0.00236764,-5.61978,-2.01828,-0.25706,1
1,7,86,0.707402,0.455766,-5.61978,-2.01828,0.455766,0
1,4,86,0.9157,1.05013,-5.61978,-2.01828,1.05013,1
1,2,86,1.10078,1.17332,-5.61978,-2.01828,1.17332,1
1,1,86,0.797053,0.889002,-5.61978,-2.01828,0.889002,1
1,19,85,-0.258409,-0.683436,-5.14185,-2.10808,-0.683436,0
1,17,85,-0.321958,0.144506,-5.14185,-2.10808,0.144506,1
1,15,85,-0.787326,0.0149271,-5.14185,-2.10808,0.0149271,1
1,13,85,0.233044,0.727731,-5.14185,-2.10808,0.727731,1
1,7,85,0.458296,0.614545,-5.14185,-2.10808,0.614545,1
1,4,85,0.855368,0.0460867,-5.14185,-2.10808,0.0460867,0
1,2,85,1.01085,0.781987,-5.14185,-2.10808,0.781987,0
1,1,85,1.09848,1.2703,-5.14185,-2.10808,1.2703,1
1,19,84,-0.111503,-0.576007,-5.35927,-2.00544,-0.576007,0
1,17,84,-0.414412,0.0241788,-5.35927,-2.00544,0.0241788,1
1,15,84,-0.428969,0.255296,-5.35927,-2.00544,0.255296,1
1,13,84,-0.0497085,0.308597,-5.35927,-2.00544,0.308597,1
1,7,84,0.514119,0.790767,-5.35927,-2.00544,0.790767,1
1,4,84,1.08214,0.181557,-5.35927,-2.00544,0.181557,0
1,2,84,1.00944,0.925534,-5.35927,-2.00544,0.925534,0
1,1,84,0.987268,1.20922,-5.35927,-2.00544,1.20922,1
1,19,83,-0.0205303,-0.40623,-5.22327,-1.89942,-0.0205303,0
1,17,83,-0.609843,-0.473157,-5.22327,-1.89942,-0.473157,1
1,15,83,-0.167849,0.555511,-5.22327,-1.89942,0.555511,1
1,13,83,0.297738,0.681118,-5.22327,-1.89942,0.681118,1
1,7,83,0.649965,0.621848,-5.22327,-1.89942,0.621848,0
1,4,83,1.11052,0.149712,-5.22327,-1.89942,0.149712,0
1,2,83,1.10248,0.950944,-5.22327,-1.89942,0.950944,0
1,1,83,1.17285,1.31178,-5.22327,-1.89942,1.31178,1
1,19,82,-0.189623,-0.522533,-5.04662,-1.89873,-0.522533,0
1,17,82,-0.711414,-0.121997,-5.04662,-1.89873,-0.711414,1
1,15,82,-0.280525,0.417843,-5.04662,-1.89873,0.417843,1
1,13,82,-0.129522,0.413796,-5.04662,-1.89873,0.413796,1
1,9,82,0.711006,0.932719,-5.04662,-1.89873,0.932719,1
1,7,82,0.69507,0.871442,-5.04662,-1.89873,0.871442,1
1,4,82,1.02105,0.0596435,-5.04662,-1.89873,0.0596435,0
1,2,82,1.1148,1.0224,-5.04662,-1.89873,1.0224,0
1,1,82,1.09518,1.42297,-5.04662,-1.89873,1.42297,1
1,19,81,-0.12755,-0.602148,-4.70389,-1.77463,-0.602148,0
1,17,81,-0.415844,-0.0614215,-4.70389,-1.77463,-0.0614215,1
1,15,81,-0.47205,0.0925499,-4.70389,-1.77463,0.0925499,1
1,13,81,0.303379,0.711005,-4.70389,-1.77463,0.711005,1
1,7,81,0.703425,0.880744,-4.70389,-1.77463,0.880744,1
1,4,81,1.18088,0.253361,-4.70389,-1.77463,0.253361,0
1,2,81,1.2587,0.967868,-4.70389,-1.77463,0.967868,0
1,1,81,1.14901,1.43179,-4.70389,-1.77463,1.43179,1
1,19,80,0.00108065,-0.441186,-4.82344,-1.66435,-0.441186,0
1,17,80,-0.708672,-0.29541,-4.82344,-1.66435,-0.29541,1
1,15,80,-0.491042,0.497336,-4.82344,-1.66435,0.497336,1
1,13,80,0.181596,0.494087,-4.82344,-1.66435,0.494087,1
1,7,80,0.552659,0.834204,-4.82344,-1.66435,0.834204,1
1,4,80,1.28676,0.399562,-4.82344,-1.66435,0.399562,0
1,2,80,1.32905,1.13151,-4.82344,-1.66435,1.13151,0
1,1,80,1.36874,1.54982,-4.82344,-1.66435,1.54982,1
1,19,79,0.111532,-0.365876,-4.30456,-1.7295,-0.365876,0
1,17,79,-0.606216,-0.158662,-4.30456,-1.7295,-0.158662,1
1,15,79,-0.233836,0.610709,-4.30456,-1.7295,0.610709,1
1,13,79,0.233704,0.816137,-4.30456,-1.7295,0.816137,1
1,9,79,0.625835,0.982168,-4.30456,-1.7295,0.982168,1
1,7,79,0.738571,1.04432,-4.30456,-1.7295,1.04432,1
1,4,79,1.339,0.371179,-4.30456,-1.7295,0.371179,0
1,2,79,1.35955,1.07027,-4.30456,-1.7295,1.07027,0
1,1,79,1.23155,1.4427,-4.30456,-1.7295,1.4427,1
1,19,78,-0.008203,-0.468881,-4.65291,-1.66623,-0.468881,0
1,17,78,-0.533323,-0.179703,-4.65291,-1.66623,-0.179703,1
1,15,78,-0.538552,0.242781,-4.65291,-1.66623,0.242781,1
1,13,78,0.137846,0.643339,-4.65291,-1.66623,0.643339,1
1,9,78,0.814928,1.14724,-4.65291,-1.66623,1.14724,1
1,7,78,0.40399,1.01989,-4.65291,-1.66623,1.01989,1
1,4,78,1.36775,0.398048,-4.65291,-1.66623,0.398048,0
1,2,78,1.38972,1.14998,-4.65291,-1.66623,1.14998,0
1,1,78,1.3131,1.55052,-4.65291,-1.66623,1.55052,1
1,19,77,0.353118,-0.132676,-4.67517,-1.58996,-0.132676,0
1,17,77,-0.376216,-0.22576,-4.67517,-1.58996,-0.22576,1
1,15,77,-0.404451,0.715452,-4.67517,-1.58996,0.715452,1
1,13,77,0.183467,0.752232,-4.67517,-1.58996,0.752232,1
1,9,77,1.05906,1.20286,-4.67517,-1.58996,1.20286,1
1,7,77,0.406715,1.24367,-4.67517,-1.58996,1.24367,1
1,4,77,1.31424,0.469836,-4.67517,-1.58996,0.469836,0
1,2,77,1.34617,1.27346,-4.67517,-1.58996,1.27346,0
1,1,77,1.39743,1.52083,-4.67517,-1.58996,1.52083,1
1,19,76,0.116072,-0.407791,-4.75214,-1.45125,-0.407791,0
1,17,76,-0.478591,-0.632077,-4.75214,-1.45125,-0.632077,0
1,15,76,-0.283814,0.399224,-4.75214,-1.45125,0.399224,1
1,13,76,0.324184,0.86312,-4.75214,-1.45125,0.86312,1
1,9,76,1.02448,1.26039,-4.75214,-1.45125,1.26039,1
1,7,76,0.354291,1.09747,-4.75214,-1.45125,1.09747,1
1,4,76,1.36682,0.517774,-4.75214,-1.45125,0.517774,0
1,2,76,1.41279,1.24849,-4.75214,-1.45125,1.24849,0
1,1,76,1.44675,1.51117,-4.75214,-1.45125,1.51117,1
1,19,75,0.422894,-0.157102,-4.90201,-1.41384,-0.157102,0
1,17,75,-0.0809692,-0.00726057,-4.90201,-1.41384,-0.00726057,1
1,15,75,-0.0650459,0.384674,-4.90201,-1.41384,0.384674,1
1,13,75,0.165285,0.81574,-4.90201,-1.41384,0.81574,1
1,9,75,1.41997,1.30575,-4.90201,-1.41384,1.30575,0
1,7,75,0.873262,1.24197,-4.90201,-1.41384,1.24197,1
1,4,75,1.35071,0.183466,-4.90201,-1.41384,0.183466,0
1,2,75,1.29275,1.3272,-4.90201,-1.41384,1.3272,1
1,1,75,1.50192,1.62507,-4.90201,-1.41384,1.62507,1
1,19,74,0.435329,-0.195481,-4.86797,-1.45906,-0.195481,0
1,17,74,-0.297435,-0.261694,-4.86797,-1.45906,-0.297435,1
1,15,74,-0.277074,0.151333,-4.86797,-1.45906,0.151333,1
1,13,74,0.390344,0.913762,-4.86797,-1.45906,0.913762,1
1,9,74,1.19316,1.2253,-4.86797,-1.45906,1.2253,1
1,7,74,0.827026,1.25009,-4.86797,-1.45906,1.25009,1
1,4,74,1.17824,0.0719624,-4.86797,-1.45906,0.0719624,0
1,2,74,1.48393,1.44639,-4.86797,-1.45906,1.44639,0
1,1,74,1.43904,1.71688,-4.86797,-1.45906,1.71688,1
1,19,73,0.268374,-0.386965,-4.58061,-1.30758,-0.386965,0
1,17,73,-0.243964,0.00825555,-4.58061,-1.30758,0.00825555,1
1,15,73,0.602678,0.559125,-4.58061,-1.30758,0.559125,0
1,13,73,0.372426,0.978079,-4.58061,-1.30758,0.978079,1
1,9,73,1.17852,1.36906,-4.58061,-1.30758,1.36906,1
1,7,73,0.975693,1.48497,-4.58061,-1.30758,1.48497,1
1,4,73,1.41812,0.369144,-4.58061,-1.30758,0.369144,0
1,2,73,1.4049,1.37764,-4.58061,-1.30758,1.37764,0
1,1,73,1.5082,1.77025,-4.58061,-1.30758,1.77025,1
1,19,72,0.398612,-0.245899,-4.69937,-1.21867,-0.245899,0
1,17,72,-0.299046,-0.0914051,-4.69937,-1.21867,-0.0914051,1
1,15,72,0.151797,0.549697,-4.69937,-1.21867,0.549697,1
1,13,72,0.262289,0.944649,-4.69937,-1.21867,0.944649,1
1,9,72,1.26994,1.37755,-4.69937,-1.21867,1.37755,1
1,7,72,1.10013,1.26764,-4.69937,-1.21867,1.26764,1
1,4,72,1.48343,0.629788,-4.69937,-1.21867,0.629788,0
1,2,72,1.45256,1.44361,-4.69937,-1.21867,1.44361,0
1,1,72,1.61475,1.85853,-4.69937,-1.21867,1.85853,1
1,19,71,-0.0477729,-0.479972,-4.4203,-1.13959,-0.479972,0
1,17,71,-0.523557,-0.24161,-4.4203,-1.13959,-0.523557,1
1,15,71,0.223211,0.81035,-4.4203,-1.13959,0.81035,1
1,13,71,0.548907,1.1569,-4.4203,-1.13959,1.1569,1
1,7,71,1.12326,1.31894,-4.4203,-1.13959,1.31894,1
1,4,71,1.47053,0.62798,-4.4203,-1.13959,0.62798,0
1,2,71,1.58601,1.52205,-4.4203,-1.13959,1.52205,0
1,1,71,1.41887,1.84641,-4.4203,-1.13959,1.84641,1
1,19,70,0.0898275,-0.111758,-4.23657,-1.06699,-0.111758,0
1,17,70,0.236413,-0.3335,-4.23657,-1.06699,-0.3335,0
1,15,70,-1.02509,0.084675,-4.23657,-1.06699,0.084675,1
1,13,70,0.366033,0.731211,-4.23657,-1.06699,0.731211,1
1,7,70,1.41877,1.52991,-4.23657,-1.06699,1.52991,1
1,16,86,-0.525478,-1.21236,-5.61978,-2.01828,-1.21236,0
1,5,70,1.46737,1.71864,-4.23657,-1.06699,1.71864,1
1,4,70,1.5514,1.91753,-4.23657,-1.06699,1.91753,1
1,2,70,2.06646,1.71903,-4.23657,-1.06699,1.71903,0
1,1,70,1.39742,1.80909,-4.23657,-1.06699,1.80909,1
1,19,69,0.136806,0.123705,-4.38821,-0.937499,0.123705,0
1,9,87,0.140435,0.844348,-5.60239,-2.09737,0.844348,1
1,18,69,-0.391644,0.00511758,-4.38821,-0.937499,0.00511758,1
1,17,69,-0.162454,-0.673115,-4.38821,-0.937499,-0.673115,0
1,15,69,-1.11142,0.0421562,-4.38821,-0.937499,0.0421562,1
1,13,69,0.605313,0.864659,-4.38821,-0.937499,0.864659,1
1,9,69,1.04489,1.20058,-4.38821,-0.937499,1.20058,1
1,7,69,1.33846,1.2994,-4.38821,-0.937499,1.2994,0
1,16,81,-0.132315,0.0417014,-4.70389,-1.77463,0.0417014,1
1,5,69,1.50002,1.73565,-4.38821,-0.937499,1.73565,1
1,4,69,1.72441,1.94255,-4.38821,-0.937499,1.94255,1
1,2,69,2.18941,1.38411,-4.38821,-0.937499,1.38411,0
1,1,69,1.63826,1.78827,-4.38821,-0.937499,1.78827,1
1,19,68,0.208513,-0.175575,-4.27007,-1.01066,-0.175575,0
1,17,68,0.0411281,-0.441901,-4.27007,-1.01066,-0.441901,0
1,15,68,-0.987446,0.293543,-4.27007,-1.01066,0.293543,1
1,13,68,0.569832,0.894024,-4.27007,-1.01066,0.894024,1
1,9,68,0.872672,1.27136,-4.27007,-1.01066,1.27136,1
1,7,68,1.50642,1.63232,-4.27007,-1.01066,1.63232,1
1,4,68,1.77318,2.1074,-4.27007,-1.01066,2.1074,1
1,2,68,2.2761,1.82676,-4.27007,-1.01066,1.82676,0
1,1,68,1.74746,1.97391,-4.27007,-1.01066,1.97391,1
1,19,67,0.282268,0.141068,-4.33476,-0.933887,0.141068,0
1,9,81,0.943813,0.984845,-4.70389,-1.77463,0.984845,1
1,18,67,-0.416046,-0.0129372,-4.33476,-0.933887,-0.0129372,1
1,17,67,0.189031,-0.144071,-4.33476,-0.933887,-0.144071,0
1,15,67,-1.18791,-0.128643,-4.33476,-0.933887,-0.128643,1
1,13,67,0.521651,0.649813,-4.33476,-0.933887,0.649813,1
1,7,67,1.57198,1.62371,-4.33476,-0.933887,1.62371,1
1,4,67,1.74048,2.00621,-4.33476,-0.933887,2.00621,1
1,3,67,1.75176,1.22074,-4.33476,-0.933887,1.22074,0
1,2,67,2.12747,1.85728,-4.33476,-0.933887,1.85728,0
1,1,67,1.52789,1.89984,-4.33476,-0.933887,1.89984,1
1,19,66,0.541326,0.117608,-4.06104,-0.806488,0.117608,0
1,9,86,0.252157,0.981449,-5.61978,-2.01828,0.981449,1
1,18,66,-0.151857,0.220047,-4.06104,-0.806488,0.220047,1
1,17,66,0.0628995,-0.5541,-4.06104,-0.806488,0.0628995,0
1,15,66,-0.998137,0.203533,-4.06104,-0.806488,0.203533,1
1,13,66,0.694128,0.840047,-4.06104,-0.806488,0.840047,1
1,7,66,1.67002,1.82939,-4.06104,-0.806488,1.82939,1
1,4,66,1.65681,2.17721,-4.06104,-0.806488,2.17721,1
1,2,66,2.26528,1.89188,-4.06104,-0.806488,1.89188,0
1,1,66,1.85575,1.96838,-4.06104,-0.806488,1.96838,1
1,19,65,0.767917,0.285024,-4.11009,-0.783219,0.285024,0
1,9,83,0.78922,0.936324,-5.22327,-1.89942,0.936324,1
1,18,65,-0.148437,0.189365,-4.11009,-0.783219,0.189365,1
1,17,65,0.200131,0.0684926,-4.11009,-0.783219,0.200131,0
1,15,65,-0.842966,0.46083,-4.11009,-0.783219,0.46083,1
1,13,65,0.568047,0.40666,-4.11009,-0.783219,0.40666,0
1,9,65,1.3248,1.48722,-4.11009,-0.783219,1.48722,1
1,7,65,1.82579,1.97739,-4.11009,-0.783219,1.97739,1
1,16,85,-0.32992,-0.291831,-5.14185,-2.10808,-0.291831,1
1,5,65,1.63704,2.12098,-4.11009,-0.783219,2.12098,1
1,4,65,1.71454,2.41495,-4.11009,-0.783219,2.41495,1
1,3,65,1.79119,1.36329,-4.11009,-0.783219,1.36329,0
1,2,65,2.17577,2.08545,-4.11009,-0.783219,2.08545,0
1,1,65,1.88281,2.03275,-4.11009,-0.783219,2.03275,1
1,19,64,0.802997,0.434527,-3.84075,-0.813937,0.434527,0
1,9,80,0.646896,0.974984,-4.82344,-1.66435,0.974984,1
1,18,64,-0.0843135,0.273755,-3.84075,-0.813937,-0.0843135,1
1,17,64,0.63092,0.049588,-3.84075,-0.813937,0.049588,0
1,15,64,-0.983471,0.24767,-3.84075,-0.813937,0.24767,1
1,13,64,0.599231,0.940936,-3.84075,-0.813937,0.940936,1
1,9,64,1.38196,1.58807,-3.84075,-0.813937,1.58807,1
1,7,64,1.92563,1.92884,-3.84075,-0.813937,1.92884,1
1,4,64,1.69609,2.52093,-3.84075,-0.813937,2.52093,1
1,3,64,1.87084,1.67262,-3.84075,-0.813937,1.67262,0
1,2,64,2.11183,2.05489,-3.84075,-0.813937,2.05489,0
1,1,64,1.86139,2.13389,-3.84075,-0.813937,2.13389,1
1,20,63,0.332219,0.159448,-4.03562,-0.692524,0.159448,0
1,19,63,0.87745,0.588747,-4.03562,-0.692524,0.588747,0
1,18,63,0.0640708,0.319002,-4.03562,-0.692524,0.319002,1
1,17,63,0.681994,0.233529,-4.03562,-0.692524,0.233529,0
1,15,63,-0.689446,0.571515,-4.03562,-0.692524,0.571515,1
1,13,63,0.609155,1.25549,-4.03562,-0.692524,1.25549,1
1,12,63,1.04763,0.851374,-4.03562,-0.692524,0.851374,0
1,7,63,1.98564,2.21524,-4.03562,-0.692524,2.21524,1
1,16,95,-0.669764,-0.886657,-3.41916,-2.85377,-0.886657,0
1,5,95,0.408017,0.555611,-3.41916,-2.85377,0.555611,1
1,6,63,2.52616,2.17997,-4.03562,-0.692524,2.17997,0
1,5,63,1.87987,2.57441,-4.03562,-0.692524,2.57441,1
1,4,63,1.94079,2.61254,-4.03562,-0.692524,2.61254,1
1,2,63,2.38894,1.86738,-4.03562,-0.692524,1.86738,0
1,20,62,0.405669,0.204263,-3.86868,-0.735614,0.204263,0
1,19,62,0.699138,0.39217,-3.86868,-0.735614,0.39217,0
1,18,62,0.18614,0.650366,-3.86868,-0.735614,0.650366,1
1,17,62,0.782666,0.655666,-3.86868,-0.735614,0.655666,0
1,15,62,-0.793315,0.369928,-3.86868,-0.735614,0.369928,1
1,13,62,0.698117,0.879222,-3.86868,-0.735614,0.879222,1
1,12,62,1.37626,1.11699,-3.86868,-0.735614,1.11699,0
1,7,62,2.04314,2.25804,-3.86868,-0.735614,2.25804,1
1,16,92,-0.667435,-0.914673,-6.43894,-2.39982,-0.667435,0
1,5,88,0.8076,0.9467,-5.55605,-2.24038,0.9467,1
1,6,62,2.67739,2.29477,-3.86868,-0.735614,2.29477,0
1,5,62,1.91914,2.67636,-3.86868,-0.735614,1.91914,1
1,4,62,2.04301,2.77762,-3.86868,-0.735614,2.77762,1
1,2,62,2.39999,2.23837,-3.86868,-0.735614,2.23837,0
1,20,61,0.463919,0.300764,-3.77303,-0.607646,0.300764,0
1,19,61,0.720006,0.668231,-3.77303,-0.607646,0.720006,0
1,18,61,0.211574,0.209178,-3.77303,-0.607646,0.209178,0
1,17,61,0.966558,0.64676,-3.77303,-0.607646,0.64676,0
1,15,61,-0.651401,0.54783,-3.77303,-0.607646,0.54783,1
1,13,61,0.991412,1.52916,-3.77303,-0.607646,1.52916,1
1,12,61,1.31068,1.04985,-3.77303,-0.607646,1.04985,0
1,7,61,1.88489,2.38375,-3.77303,-0.607646,2.38375,1
1,5,93,0.338236,0.458237,-3.41916,-2.51688,0.338236,1
1,16,89,-0.60249,-0.7801,-5.75042,-2.39784,-0.7801,0
1,6,61,2.72683,2.27497,-3.77303,-0.607646,2.27497,0
1,5,61,1.96426,2.61407,-3.77303,-0.607646,2.61407,1
1,2,61,2.5965,2.36001,-3.77303,-0.607646,2.36001,0
1,20,60,0.48412,0.431285,-3.62281,-0.563066,0.431285,0
1,18,60,0.194656,0.650001,-3.62281,-0.563066,0.650001,1
1,15,60,-0.486314,0.730333,-3.62281,-0.563066,0.730333,1
1,13,60,1.04572,1.1352,-3.62281,-0.563066,1.1352,1
1,12,60,1.56293,1.48212,-3.62281,-0.563066,1.48212,0
1,8,24,4.44105,5.06499,2.20454,-0.805878,5.06499,1
1,11,60,0.63126,1.24304,-3.62281,-0.563066,1.24304,1
2,18,84,-1.37076,-0.756557,-5.35927,-2.00544,-0.756557,1
1,9,60,1.40298,2.02801,-3.62281,-0.563066,2.02801,1
1,2,60,2.47631,2.49347,-3.62281,-0.563066,2.49347,1
1,18,59,0.19675,0.744133,-3.59803,-0.651593,0.744133,1
1,15,59,-0.301669,1.01189,-3.59803,-0.651593,1.01189,1
1,13,59,1.18413,1.27432,-3.59803,-0.651593,1.27432,1
1,12,59,1.78906,1.30362,-3.59803,-0.651593,1.30362,0
2,18,95,-1.87179,-1.68851,-3.41916,-2.85377,-1.68851,1
1,9,59,1.65638,2.18904,-3.59803,-0.651593,2.18904,1
1,2,59,2.77885,2.46554,-3.59803,-0.651593,2.46554,0
1,18,58,0.290598,0.555464,-3.5329,-0.497556,0.555464,1
1,15,58,-0.545447,0.806862,-3.5329,-0.497556,0.806862,1
1,13,58,1.29348,1.64616,-3.5329,-0.497556,1.64616,1
1,12,58,1.8443,1.64118,-3.5329,-0.497556,1.64118,0
2,18,94,-1.5571,-1.96273,-3.41916,-2.55553,-1.96273,0
1,9,58,1.49121,2.20202,-3.5329,-0.497556,2.20202,1
1,7,58,1.9987,2.38079,-3.5329,-0.497556,2.38079,1
1,2,58,2.6029,2.47021,-3.5329,-0.497556,2.47021,0
1,18,57,0.240643,0.843293,-3.55909,-0.534181,0.843293,1
1,15,57,-0.435328,0.797626,-3.55909,-0.534181,0.797626,1
1,13,57,1.6558,1.69732,-3.55909,-0.534181,1.69732,1
1,12,57,1.8813,1.9567,-3.55909,-0.534181,1.9567,1
2,18,89,-1.66686,-1.44891,-5.75042,-2.39784,-1.44891,1
1,9,57,1.95167,2.38069,-3.55909,-0.534181,2.38069,1
1,7,57,2.27089,2.34117,-3.55909,-0.534181,2.34117,1
1,2,57,2.83659,2.56034,-3.55909,-0.534181,2.56034,0
1,18,56,0.400461,0.964398,-3.43957,-0.474568,0.964398,1
1,15,56,-0.223882,0.908685,-3.43957,-0.474568,0.908685,1
1,13,56,0.884996,1.5827,-3.43957,-0.474568,1.5827,1
4,15,56,-3.03023,-0.368713,-3.43957,-0.474568,-0.474568,1
1,12,56,1.9466,2.17649,-3.43957,-0.474568,2.17649,1
2,18,88,-2.02255,-1.92037,-5.55605,-2.24038,-1.92037,1
1,9,56,1.7029,2.48128,-3.43957,-0.474568,2.48128,1
1,7,56,2.14253,2.46498,-3.43957,-0.474568,2.46498,1
1,2,56,2.82818,2.66908,-3.43957,-0.474568,2.66908,0
1,20,55,1.04188,0.90992,-3.26052,-0.458097,0.90992,0
1,18,55,0.516122,1.05624,-3.26052,-0.458097,1.05624,1
1,15,55,-0.340164,0.889024,-3.26052,-0.458097,0.889024,1
1,13,55,1.69263,1.56424,-3.26052,-0.458097,1.56424,0
1,12,55,1.41374,1.99727,-3.26052,-0.458097,1.99727,1
2,18,35,2.59014,2.26018,1.44812,-0.805878,2.26018,0
1,9,55,1.81311,2.54404,-3.26052,-0.458097,2.54404,1
1,7,55,2.37189,2.60155,-3.26052,-0.458097,2.60155,1
1,2,55,2.83154,2.7418,-3.26052,-0.458097,2.7418,0
1,20,54,1.32426,1.01369,-3.28628,-0.56961,1.01369,0
1,18,54,0.604055,1.30581,-3.28628,-0.56961,0.604055,1
1,15,54,-0.275261,1.20506,-3.28628,-0.56961,1.20506,1
1,13,54,1.89639,1.62542,-3.28628,-0.56961,1.62542,0
1,12,54,1.91557,2.0304,-3.28628,-0.56961,2.0304,1
2,18,34,2.41474,2.23238,1.42834,-0.805878,2.23238,0
1,9,54,2.02982,2.61329,-3.28628,-0.56961,2.61329,1
1,2,54,2.99857,2.37634,-3.28628,-0.56961,2.37634,0
1,20,53,1.66789,1.14122,-3.24637,-0.595251,1.66789,0
1,18,53,0.785611,1.42193,-3.24637,-0.595251,1.42193,1
1,15,53,-0.0390259,1.37309,-3.24637,-0.595251,1.37309,1
1,13,53,1.3101,1.73987,-3.24637,-0.595251,1.73987,1
1,12,53,2.10471,2.05226,-3.24637,-0.595251,2.05226,0
2,18,93,-1.61658,-1.6768,-3.41916,-2.51688,-1.61658,0
1,9,53,2.29595,2.57779,-3.24637,-0.595251,2.57779,1
1,2,53,2.79262,3.10145,-3.24637,-0.595251,3.10145,1
1,20,52,2.32403,1.57636,-3.16282,-0.404636,1.57636,0
1,18,52,1.91824,1.6343,-3.16282,-0.404636,1.6343,0
1,15,52,0.0206725,1.54143,-3.16282,-0.404636,1.54143,1
1,13,52,1.70616,1.71846,-3.16282,-0.404636,1.71846,1
1,12,52,1.87831,2.07933,-3.16282,-0.404636,2.07933,1
2,18,92,-1.6391,-1.52424,-6.43894,-2.39982,-1.52424,1
1,9,52,1.91597,2.27744,-3.16282,-0.404636,2.27744,1
1,2,52,2.78698,3.03911,-3.16282,-0.404636,3.03911,1
1,20,51,2.34999,1.57962,-3.03783,-0.448822,1.57962,0
1,18,51,1.97835,1.79945,-3.03783,-0.448822,1.79945,0
1,15,51,0.259364,1.74233,-3.03783,-0.448822,1.74233,1
1,13,51,1.77545,2.05938,-3.03783,-0.448822,2.05938,1
1,12,51,2.05966,2.02407,-3.03783,-0.448822,2.02407,0
2,18,39,2.10916,1.87008,0.982003,-0.317489,1.87008,0
1,9,51,2.35786,2.71579,-3.03783,-0.448822,2.71579,1
1,4,51,3.13516,3.55728,-3.03783,-0.448822,3.55728,1
1,2,51,3.22114,3.26507,-3.03783,-0.448822,3.26507,1
1,20,50,1.94335,2.23484,-2.70986,-0.510597,2.23484,1
1,18,50,2.16591,2.71506,-2.70986,-0.510597,2.71506,1
1,15,50,1.97885,1.71203,-2.70986,-0.510597,1.71203,0
1,13,50,1.98267,1.73321,-2.70986,-0.510597,1.73321,0
1,12,50,2.49137,2.39859,-2.70986,-0.510597,2.39859,0
1,18,94,-1.10654,-0.343455,-3.41916,-2.55553,-0.343455,1
2,18,38,2.08263,1.77813,0.671689,-0.230343,1.77813,0
1,9,50,2.33661,2.51119,-2.70986,-0.510597,2.51119,1
1,4,50,2.80617,2.89206,-2.70986,-0.510597,2.89206,1
1,2,50,3.0678,2.93476,-2.70986,-0.510597,2.93476,0
1,20,49,2.12095,2.50094,-2.3856,-0.416188,2.50094,1
1,18,49,2.2836,2.83598,-2.3856,-0.416188,2.83598,1
1,15,49,2.49946,2.11171,-2.3856,-0.416188,2.11171,0
1,13,49,2.24701,2.00607,-2.3856,-0.416188,2.24701,0
4,15,15,-0.479294,-0.479294,2.8676,-0.805878,2.8676,2
1,12,49,2.58327,2.43219,-2.3856,-0.416188,2.43219,0
1,8,21,4.06773,3.73156,2.59473,-0.805878,3.73156,0
1,11,49,2.3471,2.00944,-2.3856,-0.416188,2.00944,0
2,18,33,2.36706,2.33602,1.60775,-0.805878,2.33602,0
1,9,49,2.24025,2.4946,-2.3856,-0.416188,2.4946,1
1,4,49,2.7879,2.853,-2.3856,-0.416188,2.853,1
2,8,41,2.89134,3.95947,0.201755,-0.28101,3.95947,1
2,6,59,0.964488,1.177,-3.59803,-0.651593,1.177,1
1,14,41,2.95686,2.36031,0.201755,-0.28101,2.36031,0
1,3,49,3.2869,3.80874,-2.3856,-0.416188,3.80874,1
1,2,49,3.20101,3.15527,-2.3856,-0.416188,3.15527,0
1,20,48,2.14156,2.38404,-2.02538,-0.386848,2.38404,1
1,18,48,2.32343,2.97982,-2.02538,-0.386848,2.97982,1
1,15,48,2.65195,2.24578,-2.02538,-0.386848,2.24578,0
1,13,48,2.51037,2.14597,-2.02538,-0.386848,2.14597,0
1,12,48,2.77129,2.69116,-2.02538,-0.386848,2.69116,0
2,18,32,1.97057,3.13167,1.7249,-0.805878,3.13167,1
1,9,48,2.34537,2.43577,-2.02538,-0.386848,2.43577,1
1,4,48,3.23154,3.18124,-2.02538,-0.386848,3.18124,0
1,2,48,3.29548,3.54824,-2.02538,-0.386848,3.54824,1
1,20,47,1.79277,2.30612,-1.66582,-0.377744,2.30612,1
1,18,47,2.44824,3.06675,-1.66582,-0.377744,3.06675,1
1,15,47,2.90882,2.5272,-1.66582,-0.377744,2.5272,0
1,13,47,2.76173,2.34362,-1.66582,-0.377744,2.34362,0
4,15,49,-2.61941,-2.61941,-2.3856,-0.416188,-0.416188,3
1,12,47,3.1115,3.00441,-1.66582,-0.377744,3.00441,0
1,18,93,-0.992762,-0.35332,-3.41916,-2.51688,-0.35332,1
2,18,43,1.18424,1.59166,-0.351569,-0.382527,1.59166,1
1,9,47,2.73344,2.9048,-1.66582,-0.377744,2.9048,1
1,7,47,3.04798,2.79147,-1.66582,-0.377744,2.79147,0
2,8,43,2.3277,3.68771,-0.351569,-0.382527,3.68771,1
2,6,61,0.542447,0.681265,-3.77303,-0.607646,0.681265,1
1,14,39,3.32398,2.67676,0.982003,-0.317489,2.67676,0
1,3,47,3.45265,3.74068,-1.66582,-0.377744,3.74068,1
1,2,47,3.48836,3.59841,-1.66582,-0.377744,3.59841,1
1,18,46,2.28729,2.89258,-1.27338,-0.395639,2.89258,1
1,17,46,2.95622,2.7003,-1.27338,-0.395639,2.95622,0
1,15,46,2.88549,2.51901,-1.27338,-0.395639,2.51901,0
1,13,46,2.91889,2.41968,-1.27338,-0.395639,2.41968,0
4,15,50,-2.7155,-2.7155,-2.70986,-0.510597,-0.510597,3
1,12,46,3.30628,2.96258,-1.27338,-0.395639,3.30628,0
1,18,90,-0.51647,0.069111,-6.05291,-2.36134,0.069111,1
2,18,42,1.31849,1.48114,-0.0637023,-0.353411,1.48114,1
1,9,46,2.75343,3.23832,-1.27338,-0.395639,3.23832,1
2,6,58,0.215871,0.682838,-3.5329,-0.497556,0.215871,1
2,8,42,2.46852,3.56652,-0.0637023,-0.353411,3.56652,1
1,14,40,3.01602,2.4972,0.424054,-0.32524,3.01602,0
1,3,46,3.59184,3.41847,-1.27338,-0.395639,3.41847,0
1,2,46,3.41807,3.895,-1.27338,-0.395639,3.895,1
1,20,45,1.98684,2.35394,-0.989663,-0.351506,2.35394,1
1,18,45,2.26372,2.77984,-0.989663,-0.351506,2.77984,1
1,15,45,3.07322,2.67106,-0.989663,-0.351506,2.67106,0
1,13,45,3.11692,2.63116,-0.989663,-0.351506,2.63116,0
4,15,51,-2.78547,-0.38113,-3.03783,-0.448822,-0.448822,1
1,12,45,3.53748,3.1945,-0.989663,-0.351506,3.1945,0
1,18,95,-1.15562,-0.624397,-3.41916,-2.85377,-0.624397,1
2,18,37,2.33663,2.05961,0.962271,-0.077702,2.05961,0
1,9,45,3.08123,3.13769,-0.989663,-0.351506,3.13769,1
2,8,45,1.68793,2.96609,-0.989663,-0.351506,2.96609,1
1,14,37,3.58066,3.06211,0.962271,-0.077702,3.06211,0
2,6,63,0.485776,0.893375,-4.03562,-0.692524,0.893375,1
1,3,45,3.42426,4.29842,-0.989663,-0.351506,4.29842,1
1,2,45,3.10083,3.77314,-0.989663,-0.351506,3.77314,1
1,20,44,2.24324,2.65512,-0.646582,-0.45329,2.65512,1
1,18,44,2.80608,2.00521,-0.646582,-0.45329,2.00521,0
1,15,44,2.64442,2.24951,-0.646582,-0.45329,2.24951,0
1,13,44,3.25946,2.95344,-0.646582,-0.45329,2.95344,0
4,15,52,-2.89315,-0.424646,-3.16282,-0.404636,-0.404636,3
1,12,44,3.49864,3.22742,-0.646582,-0.45329,3.22742,0
1,18,92,-1.01067,-0.288803,-6.43894,-2.39982,-0.288803,1
2,18,36,2.4169,1.94604,1.45696,0.264588,1.94604,0
1,9,44,2.8143,2.95192,-0.646582,-0.45329,2.95192,1
2,8,44,1.94263,3.38925,-0.646582,-0.45329,3.38925,1
2,6,60,0.89607,0.774791,-3.62281,-0.563066,0.774791,0
1,14,38,3.40795,2.97204,0.671689,-0.230343,2.97204,0
1,3,44,3.26311,1.95556,-0.646582,-0.45329,1.95556,0
1,2,44,3.6314,3.45937,-0.646582,-0.45329,3.45937,0
1,18,43,3.00282,2.24946,-0.351569,-0.382527,2.24946,0
1,15,43,2.61844,2.25325,-0.351569,-0.382527,2.25325,0
1,13,43,3.45971,3.11509,-0.351569,-0.382527,3.11509,0
4,15,53,-2.88215,-0.227288,-3.24637,-0.595251,-0.595251,1
1,12,43,3.28822,3.03895,-0.351569,-0.382527,3.03895,0
1,18,89,-0.945444,-0.318328,-5.75042,-2.39784,-0.318328,1
2,18,47,1.8031,2.52296,-1.66582,-0.377744,2.52296,1
1,9,43,3.13926,3.25055,-0.351569,-0.382527,3.25055,1
2,6,33,2.65035,3.78051,1.60775,-0.805878,3.78051,1
2,8,47,1.38377,3.07862,-1.66582,-0.377744,3.07862,1
1,14,35,3.6016,3.41739,1.44812,-0.805878,3.41739,0
1,3,43,2.95162,1.91785,-0.351569,-0.382527,1.91785,0
1,2,43,3.15661,3.52135,-0.351569,-0.382527,3.52135,1
1,20,42,2.44253,2.90862,-0.0637023,-0.353411,2.90862,1
1,18,42,3.18292,2.2592,-0.0637023,-0.353411,2.2592,0
1,15,42,2.56231,2.07875,-0.0637023,-0.353411,2.07875,0
1,13,42,3.43922,3.1185,-0.0637023,-0.353411,3.43922,0
4,15,54,-2.99027,-0.228023,-3.28628,-0.56961,-0.56961,1
1,12,42,3.42364,3.22106,-0.0637023,-0.353411,3.22106,0
1,18,86,-0.530411,0.0382736,-5.61978,-2.01828,0.0382736,1
2,18,46,1.84533,2.58569,-1.27338,-0.395639,2.58569,1
1,9,42,3.49813,3.37511,-0.0637023,-0.353411,3.37511,0
2,8,46,1.47507,3.00367,-1.27338,-0.395639,3.00367,1
1,14,36,3.6916,3.31611,1.45696,0.264588,3.31611,0
2,6,62,0.951165,0.824629,-3.86868,-0.735614,0.824629,0
1,3,42,2.49978,2.08952,-0.0637023,-0.353411,2.08952,0
1,2,42,2.72823,3.53178,-0.0637023,-0.353411,3.53178,1
1,18,41,3.04359,2.33567,0.201755,-0.28101,2.33567,0
1,17,41,2.83918,2.15813,0.201755,-0.28101,2.15813,0
1,15,41,3.22715,2.16922,0.201755,-0.28101,2.16922,0
1,13,41,3.56868,2.99182,0.201755,-0.28101,2.99182,0
4,15,55,-3.02202,-0.378684,-3.26052,-0.458097,-0.458097,1
1,12,41,3.2912,3.04897,0.201755,-0.28101,3.04897,0
1,18,91,-1.10841,-0.448166,-6.29331,-2.45927,-0.448166,1
2,18,41,1.65545,1.51752,0.201755,-0.28101,1.51752,0
1,9,41,3.6074,3.612,0.201755,-0.28101,3.612,1
1,2,41,2.74265,3.50916,0.201755,-0.28101,3.50916,1
1,18,40,3.36097,2.49924,0.424054,-0.32524,2.49924,0
1,17,40,2.94929,2.13839,0.424054,-0.32524,2.13839,0
1,15,40,3.64469,2.31123,0.424054,-0.32524,2.31123,0
1,13,40,3.2632,2.87351,0.424054,-0.32524,2.87351,0
4,15,40,-2.00091,-1.49724,0.424054,-0.32524,-0.32524,2
1,12,40,3.53197,3.30181,0.424054,-0.32524,3.30181,0
1,18,88,-0.97376,-0.247457,-5.55605,-2.24038,-0.247457,1
2,18,40,1.82057,1.78515,0.424054,-0.32524,1.78515,0
1,9,40,3.43183,3.24211,0.424054,-0.32524,3.24211,0
2,6,32,3.25236,3.42019,1.7249,-0.805878,3.42019,1
2,8,32,3.10044,3.12259,1.7249,-0.805878,3.12259,1
1,14,34,3.69121,3.58513,1.42834,-0.805878,3.58513,0
1,3,40,3.08593,2.15847,0.424054,-0.32524,2.15847,0
1,2,40,2.80888,3.61353,0.424054,-0.32524,3.61353,1
1,18,39,3.46017,2.6438,0.982003,-0.317489,2.6438,0
1,15,39,3.73458,2.28104,0.982003,-0.317489,2.28104,0
1,13,39,3.34041,2.7102,0.982003,-0.317489,2.7102,0
4,15,57,-2.97891,-0.645279,-3.55909,-0.534181,-0.534181,3
1,12,39,3.07633,2.96791,0.982003,-0.317489,2.96791,0
1,18,85,-0.732299,-0.267254,-5.14185,-2.10808,-0.732299,1
2,18,51,-0.0360207,0.813733,-3.03783,-0.448822,0.813733,1
1,9,39,3.62932,3.43017,0.982003,-0.317489,3.43017,0
1,2,39,3.05216,3.51892,0.982003,-0.317489,3.51892,1
1,18,38,2.98801,2.99154,0.671689,-0.230343,2.99154,1
1,15,38,2.67623,3.53607,0.671689,-0.230343,3.53607,1
1,13,38,3.46187,2.97072,0.671689,-0.230343,2.97072,0
4,15,58,-3.03783,-0.41277,-3.5329,-0.497556,-0.497556,1
1,12,38,3.22722,2.82561,0.671689,-0.230343,2.82561,0
1,18,82,-0.589018,-0.149684,-5.04662,-1.89873,-0.149684,1
2,18,50,1.25994,2.15591,-2.70986,-0.510597,2.15591,1
1,9,38,2.89108,3.29674,0.671689,-0.230343,3.29674,1
1,2,38,3.63239,4.0988,0.671689,-0.230343,4.0988,1
1,18,37,2.97178,3.2728,0.962271,-0.077702,3.2728,1
1,15,37,2.82287,3.91439,0.962271,-0.077702,3.91439,1
1,13,37,3.47852,3.2356,0.962271,-0.077702,3.2356,0
4,15,59,-3.16282,-0.707432,-3.59803,-0.651593,-0.651593,3
1,12,37,3.60091,3.1311,0.962271,-0.077702,3.1311,0
1,18,87,-0.811185,-0.161503,-5.60239,-2.09737,-0.161503,1
2,18,45,1.76208,2.72884,-0.989663,-0.351506,2.72884,1
1,9,37,2.90128,3.6959,0.962271,-0.077702,3.6959,1
1,14,61,-0.115272,0.611523,-3.77303,-0.607646,-0.115272,1
2,8,37,2.80918,3.20104,0.962271,-0.077702,3.20104,1
2,6,39,3.00031,4.03425,0.982003,-0.317489,4.03425,1
1,3,37,4.12265,4.17515,0.962271,-0.077702,4.17515,1
1,2,37,4.21285,4.35131,0.962271,-0.077702,4.35131,1
1,18,36,3.07124,3.30427,1.45696,0.264588,3.07124,1
1,15,36,2.74248,3.87674,1.45696,0.264588,3.87674,1
1,13,36,3.57971,3.3055,1.45696,0.264588,3.3055,0
4,15,60,-3.24637,-0.556754,-3.62281,-0.563066,-0.563066,1
1,12,36,3.46365,3.19012,1.45696,0.264588,3.19012,0
1,18,84,-0.866106,-0.440691,-5.35927,-2.00544,-0.440691,1
2,18,44,1.07568,1.34704,-0.646582,-0.45329,1.34704,1
1,9,36,2.8637,3.21339,1.45696,0.264588,3.21339,1
1,2,36,4.35982,4.23732,1.45696,0.264588,4.23732,0
1,18,35,3.32795,3.58886,1.44812,-0.805878,3.58886,1
1,15,35,3.07165,4.20838,1.44812,-0.805878,4.20838,1
1,13,35,3.68273,3.49247,1.44812,-0.805878,3.49247,0
4,15,61,-3.28628,-0.716624,-3.77303,-0.607646,-0.607646,3
1,12,35,3.31174,3.51124,1.44812,-0.805878,3.51124,1
1,18,81,-0.747809,-0.220499,-4.70389,-1.77463,-0.220499,1
2,18,55,0.172696,0.36774,-3.26052,-0.458097,0.36774,1
1,9,35,2.91527,3.23518,1.44812,-0.805878,3.23518,1
2,8,39,3.15884,3.95659,0.982003,-0.317489,3.95659,1
2,6,41,2.9286,3.75583,0.201755,-0.28101,3.75583,1
1,14,59,0.620862,0.873048,-3.59803,-0.651593,0.873048,1
1,3,35,4.55511,4.32068,1.44812,-0.805878,4.55511,0
1,2,35,4.4418,4.18234,1.44812,-0.805878,4.18234,0
1,20,34,2.79649,3.26993,1.42834,-0.805878,3.26993,1
1,18,34,3.0883,3.57183,1.42834,-0.805878,3.57183,1
1,15,34,3.09364,4.25167,1.42834,-0.805878,4.25167,1
1,13,34,3.4558,3.30621,1.42834,-0.805878,3.30621,0
4,15,62,-3.26052,-0.856941,-3.86868,-0.735614,-0.735614,3
1,12,34,3.6134,3.48958,1.42834,-0.805878,3.48958,0
1,18,78,-0.094238,-0.198685,-4.65291,-1.66623,-0.198685,0
2,18,54,0.366583,0.476856,-3.28628,-0.56961,0.476856,1
1,9,34,3.20167,3.50504,1.42834,-0.805878,3.50504,1
2,8,38,2.95153,3.15599,0.671689,-0.230343,3.15599,1
2,6,38,3.32796,3.81314,0.671689,-0.230343,3.81314,1
1,14,60,0.164749,0.750236,-3.62281,-0.563066,0.750236,1
1,3,34,4.53234,4.12694,1.42834,-0.805878,4.12694,0
1,2,34,4.55517,4.05394,1.42834,-0.805878,4.05394,0
1,18,33,2.65944,3.39913,1.60775,-0.805878,3.39913,1
1,15,33,3.37965,4.44483,1.60775,-0.805878,4.44483,1
1,13,33,3.45338,3.78193,1.60775,-0.805878,3.78193,1
4,15,63,-3.43957,-1.19725,-4.03562,-0.692524,-0.692524,3
1,12,33,3.50461,3.69236,1.60775,-0.805878,3.69236,1
1,18,83,-0.765751,-0.298701,-5.22327,-1.89942,-0.298701,1
2,18,49,1.48023,2.2461,-2.3856,-0.416188,2.2461,1
1,9,33,3.20824,3.37231,1.60775,-0.805878,3.37231,1
2,6,43,2.10092,3.5192,-0.351569,-0.382527,2.10092,1
2,8,57,0.044289,1.8395,-3.55909,-0.534181,1.8395,1
1,14,57,0.39912,0.677119,-3.55909,-0.534181,0.677119,1
1,3,33,4.58256,4.54212,1.60775,-0.805878,4.54212,0
1,2,33,4.32671,3.50742,1.60775,-0.805878,3.50742,0
1,18,32,2.8065,3.77487,1.7249,-0.805878,3.77487,1
1,15,32,3.94696,3.73328,1.7249,-0.805878,3.73328,0
1,13,32,3.30501,3.60469,1.7249,-0.805878,3.60469,1
4,15,48,-2.52467,-2.52467,-2.02538,-0.386848,-0.386848,3
1,12,32,3.48358,3.88034,1.7249,-0.805878,3.88034,1
1,18,80,-0.33205,-0.444586,-4.82344,-1.66435,-0.444586,0
2,18,48,1.62741,2.2463,-2.02538,-0.386848,2.2463,1
1,9,32,3.60668,2.66405,1.7249,-0.805878,2.66405,0
2,6,40,3.1632,3.81812,0.424054,-0.32524,3.81812,1
2,8,56,0.657071,2.06005,-3.43957,-0.474568,2.06005,1
1,14,58,0.695687,1.16008,-3.5329,-0.497556,1.16008,1
1,3,32,4.54911,3.94081,1.7249,-0.805878,3.94081,0
1,2,32,4.5966,4.46535,1.7249,-0.805878,4.46535,0
1,19,31,2.83165,3.54288,1.72456,-0.805878,3.54288,1
1,18,31,2.84982,3.96731,1.72456,-0.805878,3.96731,1
4,2,2,0.390415,2.26194,2.95846,-0.805878,2.26194,2
4,11,19,-0.760146,-0.760146,2.73033,-0.805878,2.73033,2
1,16,31,3.88035,2.67634,1.72456,-0.805878,2.67634,0
1,15,31,3.91011,3.5492,1.72456,-0.805878,3.5492,0
1,3,7,5.53837,2.04557,2.92731,-0.805878,2.04557,0
1,14,31,3.93557,3.58734,1.72456,-0.805878,3.58734,0
1,13,31,3.3542,3.68405,1.72456,-0.805878,3.68405,1
1,9,31,3.72255,2.93168,1.72456,-0.805878,2.93168,0
1,11,59,0.949544,1.5081,-3.59803,-0.651593,1.5081,1
1,8,31,3.66731,3.61363,1.72456,-0.805878,3.61363,0
1,7,31,4.10909,4.4501,1.72456,-0.805878,4.4501,1
1,16,63,0.428643,0.748157,-4.03562,-0.692524,0.748157,1
4,2,34,2.93907,1.33866,1.42834,-0.805878,0.753788,0
1,6,31,3.73851,4.31572,1.72456,-0.805878,4.31572,1
1,3,31,4.3965,4.22382,1.72456,-0.805878,4.22382,0
1,2,31,4.27931,4.35666,1.72456,-0.805878,4.35666,1
1,19,30,3.13036,3.92134,1.53923,-0.805878,3.92134,1
1,18,30,3.07492,4.22774,1.53923,-0.805878,4.22774,1
1,15,30,3.41482,3.51421,1.53923,-0.805878,3.51421,1
1,13,30,3.61695,3.92203,1.53923,-0.805878,3.92203,1
1,9,30,3.81363,2.87741,1.53923,-0.805878,2.87741,0
1,11,58,1.15202,1.27812,-3.5329,-0.497556,1.27812,1
1,8,30,3.95174,3.77479,1.53923,-0.805878,3.77479,0
1,7,30,4.13913,4.44749,1.53923,-0.805878,4.44749,1
1,3,30,4.00698,3.92667,1.53923,-0.805878,3.92667,0
1,2,30,4.21511,4.30182,1.53923,-0.805878,4.30182,1
1,19,29,3.29078,4.03858,1.67657,-0.805878,4.03858,1
1,18,29,3.36534,4.20934,1.67657,-0.805878,3.36534,1
4,11,17,-0.64769,-0.64769,2.67763,-0.805878,2.67763,2
4,2,12,-0.381377,6.02204,2.93608,-0.805878,1.47009,1
1,16,29,3.84002,2.87591,1.67657,-0.805878,2.87591,0
1,15,29,3.18849,2.99581,1.67657,-0.805878,2.99581,0
1,13,29,3.60889,3.84089,1.67657,-0.805878,3.84089,1
1,9,29,3.95992,3.0074,1.67657,-0.805878,3.0074,0
4,10,98,-6.29331,-6.29331,-3.41916,-3.12829,-3.12829,3
1,11,57,1.39004,1.32106,-3.55909,-0.534181,1.32106,0
1,8,29,3.89194,3.74003,1.67657,-0.805878,3.74003,0
1,7,29,4.42697,4.67123,1.67657,-0.805878,4.67123,1
4,2,32,2.12576,4.24243,1.7249,-0.805878,1.7249,1
1,16,57,0.778915,1.58787,-3.55909,-0.534181,1.58787,1
1,6,29,3.84789,4.32236,1.67657,-0.805878,4.32236,1
1,3,29,3.99512,3.93707,1.67657,-0.805878,3.93707,0
1,2,29,3.99146,4.11746,1.67657,-0.805878,4.11746,1
1,19,28,3.87245,4.29167,1.70711,-0.805878,4.29167,1
1,18,28,3.3174,4.66271,1.70711,-0.805878,4.66271,1
4,11,16,-0.543395,2.90191,2.59926,-0.805878,2.59926,1
4,2,13,-0.496319,2.33324,2.91513,-0.805878,2.91513,2
1,16,28,3.42131,3.09684,1.70711,-0.805878,3.09684,0
1,15,28,3.18478,3.36517,1.70711,-0.805878,3.36517,1
1,13,28,3.43577,3.34041,1.70711,-0.805878,3.34041,0
1,9,28,4.15735,2.92986,1.70711,-0.805878,2.92986,0
4,10,99,-6.43894,-6.43894,-3.41916,-3.35117,-3.35117,3
1,11,56,1.55571,1.47946,-3.43957,-0.474568,1.47946,0
1,8,28,4.24067,3.5457,1.70711,-0.805878,3.5457,0
1,7,28,4.67117,4.5632,1.70711,-0.805878,4.5632,0
1,16,62,0.609661,0.898097,-3.86868,-0.735614,0.898097,1
4,2,35,2.82435,1.43125,1.44812,-0.805878,-0.557408,0
1,6,28,4.0461,4.52803,1.70711,-0.805878,4.52803,1
1,3,28,3.80399,4.1397,1.70711,-0.805878,4.1397,1
1,2,28,3.80128,4.17654,1.70711,-0.805878,4.17654,1
1,19,27,2.68189,3.60259,1.79261,-0.805878,3.60259,1
1,18,27,3.36549,4.06768,1.79261,-0.805878,4.06768,1
1,15,27,3.46344,2.73274,1.79261,-0.805878,2.73274,0
1,13,27,3.08929,3.30263,1.79261,-0.805878,3.30263,1
1,9,27,4.09294,4.40217,1.79261,-0.805878,4.40217,1
1,7,27,4.84453,4.29124,1.79261,-0.805878,4.29124,0
2,9,67,0.0613809,-0.312516,-4.33476,-0.933887,-0.312516,0
1,4,27,4.28746,2.83063,1.79261,-0.805878,2.83063,0
2,6,17,4.64029,4.75472,2.67763,-0.805878,4.75472,1
1,3,27,4.51179,4.17325,1.79261,-0.805878,4.17325,0
1,2,27,4.11388,4.18602,1.79261,-0.805878,4.18602,1
1,19,26,3.22746,3.49276,2.08517,-0.805878,3.49276,1
1,18,26,3.3672,3.37568,2.08517,-0.805878,3.37568,1
1,15,26,3.84235,3.02299,2.08517,-0.805878,3.02299,0
1,13,26,3.4333,3.45852,2.08517,-0.805878,3.45852,1
1,9,26,4.43721,4.55469,2.08517,-0.805878,4.55469,1
1,7,26,5.12577,4.42205,2.08517,-0.805878,4.42205,0
2,9,66,0.238198,-0.439731,-4.06104,-0.806488,-0.439731,0
1,4,26,4.29803,2.87952,2.08517,-0.805878,2.87952,0
1,3,26,4.65885,4.32926,2.08517,-0.805878,4.32926,0
1,2,26,4.20718,4.27954,2.08517,-0.805878,4.27954,1
1,18,25,3.38999,3.46791,2.04479,-0.805878,3.46791,1
1,15,25,3.91699,3.14894,2.04479,-0.805878,3.14894,0
1,13,25,3.45739,3.61184,2.04479,-0.805878,3.61184,1
1,12,25,4.19516,3.53169,2.04479,-0.805878,3.53169,0
1,9,25,4.31612,4.68456,2.04479,-0.805878,4.68456,1
1,11,61,0.821162,1.34708,-3.77303,-0.607646,1.34708,1
1,8,25,4.79136,4.95371,2.04479,-0.805878,4.95371,1
1,7,25,4.99259,4.45563,2.04479,-0.805878,4.45563,0
2,9,69,-0.0195866,-0.875319,-4.38821,-0.937499,-0.875319,0
1,4,25,4.49927,2.86947,2.04479,-0.805878,2.86947,0
2,6,19,3.68965,4.28099,2.73033,-0.805878,4.28099,1
1,3,25,4.59703,4.22867,2.04479,-0.805878,4.22867,0
1,2,25,4.41313,4.12017,2.04479,-0.805878,4.12017,0
1,19,24,3.53958,3.75925,2.20454,-0.805878,3.75925,1
1,18,24,3.07784,4.21365,2.20454,-0.805878,4.21365,1
1,15,24,4.34219,3.62831,2.20454,-0.805878,3.62831,0
1,13,24,3.74218,3.89992,2.20454,-0.805878,3.89992,1
1,9,24,3.74895,4.02941,2.20454,-0.805878,4.02941,1
1,7,24,5.13238,4.68657,2.20454,-0.805878,4.68657,0
2,9,68,-0.159892,-1.38359,-4.27007,-1.01066,-1.38359,0
1,4,24,4.50664,3.07389,2.20454,-0.805878,3.07389,0
2,6,16,4.59395,4.76123,2.59926,-0.805878,4.59395,1
1,3,24,4.59582,4.1746,2.20454,-0.805878,4.1746,0
1,2,24,4.29549,3.99114,2.20454,-0.805878,3.99114,0
1,20,23,3.37151,3.91875,2.09672,-0.805878,3.91875,1
1,19,23,2.83135,2.84806,2.09672,-0.805878,2.84806,1
1,18,23,3.61218,4.36126,2.09672,-0.805878,4.36126,1
1,6,71,1.06266,1.37078,-4.4203,-1.13959,1.37078,1
4,11,27,-1.19634,0.509303,1.79261,-0.805878,1.79261,2
4,2,10,-0.323307,6.59016,2.9161,-0.805878,2.9161,1
1,16,23,3.49442,3.39532,2.09672,-0.805878,3.39532,0
1,15,23,3.65026,3.41355,2.09672,-0.805878,3.41355,0
1,13,23,4.07775,4.42897,2.09672,-0.805878,4.42897,1
2,18,67,-0.519241,-0.5765,-4.33476,-0.933887,-0.5765,0
1,9,23,3.79053,4.29328,2.09672,-0.805878,4.29328,1
1,11,51,1.58204,1.98294,-3.03783,-0.448822,1.98294,1
1,8,23,3.84368,3.58827,2.09672,-0.805878,3.58827,0
1,7,23,4.74497,4.11719,2.09672,-0.805878,4.11719,0
2,20,24,3.41484,2.85953,2.20454,-0.805878,2.85953,0
1,5,23,4.91868,4.92313,2.09672,-0.805878,4.92313,1
2,9,71,-0.307865,0.830603,-4.4203,-1.13959,0.830603,1
1,4,23,4.78258,4.69529,2.09672,-0.805878,4.69529,0
2,6,21,3.51355,3.53765,2.59473,-0.805878,3.53765,1
1,14,15,3.65371,4.69869,2.8676,-0.805878,4.69869,1
1,3,23,4.79679,4.5799,2.09672,-0.805878,4.5799,0
1,2,23,4.83463,5.10219,2.09672,-0.805878,5.10219,1
1,20,22,2.9467,4.09033,2.39276,-0.805878,4.09033,1
1,19,22,3.40286,3.25894,2.39276,-0.805878,3.25894,0
1,18,22,2.93906,4.66225,2.39276,-0.805878,4.66225,1
1,6,68,2.23341,1.33831,-4.27007,-1.01066,1.33831,0
4,11,26,-1.12974,0.652087,2.08517,-0.805878,2.08517,2
4,2,11,5.26528,5.87596,2.80572,-0.805878,0.53049,1
1,16,22,3.34927,3.66354,2.39276,-0.805878,3.34927,1
1,15,22,3.84829,3.37189,2.39276,-0.805878,3.37189,0
1,13,22,4.11003,4.42649,2.39276,-0.805878,4.42649,1
2,18,66,-0.43356,-0.360421,-4.06104,-0.806488,-0.360421,1
1,9,22,4.21716,4.51928,2.39276,-0.805878,4.51928,1
1,11,50,2.15877,1.84863,-2.70986,-0.510597,1.84863,0
1,8,22,3.38023,3.1799,2.39276,-0.805878,3.1799,0
1,7,22,4.32427,3.64729,2.39276,-0.805878,3.64729,0
4,2,37,2.10674,1.26297,0.962271,-0.077702,1.25497,0
1,16,36,2.93874,4.02668,1.45696,0.264588,4.02668,1
1,6,22,4.68692,3.316,2.39276,-0.805878,3.316,0
2,9,70,-0.0734146,-0.817203,-4.23657,-1.06699,-0.817203,0
1,4,22,4.67749,3.98307,2.39276,-0.805878,4.67749,0
2,6,18,3.93696,4.61196,2.65786,-0.805878,4.61196,1
1,3,22,4.4952,4.72435,2.39276,-0.805878,4.72435,1
1,2,22,4.41154,4.98611,2.39276,-0.805878,4.98611,1
1,20,21,2.73761,4.20201,2.59473,-0.805878,4.20201,1
1,19,21,3.07597,2.19188,2.59473,-0.805878,2.19188,0
1,18,21,3.75828,4.49112,2.59473,-0.805878,3.75828,1
1,6,65,2.41533,1.86233,-4.11009,-0.783219,1.86233,0
4,2,20,-0.805878,1.1579,2.55099,-0.805878,2.55099,2
4,11,25,-1.10732,0.794197,2.04479,-0.805878,2.04479,2
1,16,21,3.67729,3.51898,2.59473,-0.805878,3.51898,0
1,15,21,2.89305,3.74478,2.59473,-0.805878,3.74478,1
1,13,21,3.66469,4.32209,2.59473,-0.805878,4.32209,1
1,9,21,4.61831,4.66689,2.59473,-0.805878,4.66689,1
1,7,21,3.70068,3.69107,2.59473,-0.805878,3.69107,0
2,9,89,-0.520519,-0.444002,-5.75042,-2.39784,-0.444002,1
1,4,21,4.81765,4.68906,2.59473,-0.805878,4.68906,0
1,2,21,4.8789,5.14372,2.59473,-0.805878,5.14372,1
1,20,20,3.99571,3.45955,2.55099,-0.805878,3.99571,0
1,19,20,3.20103,4.04943,2.55099,-0.805878,4.04943,1
1,18,20,2.81768,2.96287,2.55099,-0.805878,2.96287,1
1,6,70,2.17993,1.52857,-4.23657,-1.06699,1.52857,0
4,2,21,3.57304,3.89186,2.59473,-0.805878,2.59473,1
4,11,24,-1.02966,0.723999,2.20454,-0.805878,2.20454,2
1,16,20,2.5216,2.9349,2.55099,-0.805878,2.9349,1
1,15,20,4.23112,4.42943,2.55099,-0.805878,4.42943,1
1,13,20,4.29618,4.14228,2.55099,-0.805878,4.14228,0
1,9,20,4.21406,4.61639,2.55099,-0.805878,4.61639,1
1,7,20,4.35726,4.1433,2.55099,-0.805878,4.1433,0
2,9,88,-0.284117,-0.406655,-5.55605,-2.24038,-0.406655,0
1,4,20,5.21823,5.04663,2.55099,-0.805878,5.04663,0
1,2,20,4.6491,3.97776,2.55099,-0.805878,3.97776,0
1,19,19,2.7982,3.74137,2.73033,-0.805878,3.74137,1
1,9,97,-0.482531,0.694891,-3.41916,-2.81209,0.694891,1
1,18,19,2.49163,3.59181,2.73033,-0.805878,3.59181,1
4,2,14,2.74381,5.62149,2.79075,-0.805878,5.37428,1
4,11,23,-0.967684,0.576451,2.09672,-0.805878,2.09672,2
1,16,19,3.53853,3.22446,2.73033,-0.805878,3.22446,0
1,15,19,3.95856,4.86191,2.73033,-0.805878,4.86191,1
1,13,19,4.17332,4.43808,2.73033,-0.805878,4.43808,1
2,18,71,-0.782827,0.224469,-4.4203,-1.13959,0.224469,1
1,9,19,4.48593,4.61796,2.73033,-0.805878,4.61796,1
1,11,55,1.77825,1.71998,-3.26052,-0.458097,1.71998,0
4,10,80,-4.58061,-1.36018,-4.82344,-1.66435,-1.66435,1
1,8,19,5.11963,5.10969,2.73033,-0.805878,5.10969,0
1,7,19,4.8232,3.56135,2.73033,-0.805878,3.56135,0
4,2,38,2.36472,1.01839,0.671689,-0.230343,0.337274,0
1,16,59,0.604052,0.99997,-3.59803,-0.651593,0.99997,1
1,6,19,4.70148,4.07363,2.73033,-0.805878,4.07363,0
2,20,36,2.62018,2.37257,1.45696,0.264588,2.37257,0
1,5,19,4.57456,4.52416,2.73033,-0.805878,4.57456,0
2,9,91,-0.681459,-0.614202,-6.29331,-2.45927,-0.614202,1
1,4,19,4.41301,5.42559,2.73033,-0.805878,5.42559,1
1,2,19,4.80964,6.33997,2.73033,-0.805878,6.33997,1
1,18,18,4.50345,4.57607,2.65786,-0.805878,4.57607,1
4,2,15,2.5895,-0.479294,2.8676,-0.805878,-0.765055,2
4,11,22,-0.882782,0.760354,2.39276,-0.805878,2.39276,2
1,16,18,4.89403,3.4191,2.65786,-0.805878,4.89403,0
1,15,18,3.10026,2.82446,2.65786,-0.805878,2.82446,0
1,13,18,4.90298,3.92627,2.65786,-0.805878,3.92627,0
2,18,70,-0.773972,-0.627059,-4.23657,-1.06699,-0.627059,1
1,9,18,5.13423,5.19466,2.65786,-0.805878,5.19466,1
1,11,54,1.2896,1.8264,-3.28628,-0.56961,1.8264,1
4,10,81,-4.86797,-1.45649,-4.70389,-1.77463,-1.77463,1
1,8,18,4.3722,4.67071,2.65786,-0.805878,4.67071,1
1,7,18,4.94522,5.18742,2.65786,-0.805878,5.18742,1
4,2,33,3.05572,1.39571,1.60775,-0.805878,1.60775,0
1,16,56,0.787797,1.37676,-3.43957,-0.474568,1.37676,1
1,6,18,4.99203,3.86776,2.65786,-0.805878,3.86776,0
2,20,39,1.20137,2.78464,0.982003,-0.317489,2.78464,1
1,5,18,4.07865,3.37292,2.65786,-0.805878,3.37292,0
2,9,90,-0.520606,-0.482733,-6.05291,-2.36134,-0.482733,1
1,4,18,3.86411,3.834,2.65786,-0.805878,3.834,0
1,2,18,5.25122,4.46805,2.65786,-0.805878,4.46805,0
1,6,69,2.26985,1.49954,-4.38821,-0.937499,1.49954,0
4,2,8,6.19428,2.83128,2.93668,-0.805878,0.233175,0
4,11,21,-0.867753,0.901125,2.59473,-0.805878,2.59473,2
1,16,17,2.88684,4.34267,2.67763,-0.805878,4.34267,1
1,15,17,3.53725,4.39131,2.67763,-0.805878,4.39131,1
1,13,17,4.03896,3.7081,2.67763,-0.805878,3.7081,0
2,18,65,-0.333156,-0.394902,-4.11009,-0.783219,-0.394902,0
1,9,17,4.29444,5.67365,2.67763,-0.805878,5.67365,1
1,11,53,1.7234,1.83992,-3.24637,-0.595251,1.83992,1
1,8,17,5.13447,5.70991,2.67763,-0.805878,5.70991,1
1,7,17,4.27495,5.03284,2.67763,-0.805878,5.03284,1
4,2,36,2.59589,1.43572,1.45696,0.264588,1.43047,0
1,16,37,2.75465,3.84925,0.962271,-0.077702,3.84925,1
1,6,17,5.0588,5.36551,2.67763,-0.805878,5.36551,1
2,20,38,2.66205,2.53568,0.671689,-0.230343,2.53568,0
1,5,17,5.1606,5.05781,2.67763,-0.805878,5.05781,0
2,9,93,-0.732156,-0.357222,-3.41916,-2.51688,-0.357222,1
1,4,17,4.48011,4.71438,2.67763,-0.805878,4.71438,1
1,2,17,4.52907,5.28005,2.67763,-0.805878,5.28005,1
4,2,9,-0.323307,-0.323307,2.89122,-0.805878,-0.61285,2
4,11,20,-0.805878,-0.805878,2.55099,-0.805878,2.55099,2
1,16,16,3.82355,5.44401,2.59926,-0.805878,5.44401,1
1,15,16,4.19028,5.55746,2.59926,-0.805878,5.55746,1
1,13,16,4.30388,4.13532,2.59926,-0.805878,4.13532,0
2,18,64,-0.250124,-0.322067,-3.84075,-0.813937,-0.322067,0
1,9,16,4.77035,4.8271,2.59926,-0.805878,4.77035,1
1,11,52,1.83219,1.82218,-3.16282,-0.404636,1.82218,0
1,8,16,5.267,4.1577,2.59926,-0.805878,4.1577,0
1,7,16,5.34593,4.92307,2.59926,-0.805878,4.92307,0
4,2,39,0.130484,1.677,0.982003,-0.317489,0.130484,1
1,16,58,0.891747,1.32651,-3.5329,-0.497556,1.32651,1
1,6,16,4.98552,5.03364,2.59926,-0.805878,5.03364,1
2,20,25,2.82822,3.00295,2.04479,-0.805878,3.00295,1
1,5,16,4.80258,4.75156,2.59926,-0.805878,4.80258,0
2,9,92,-0.756076,-0.832914,-6.43894,-2.39982,-0.832914,0
1,4,16,5.35212,5.15481,2.59926,-0.805878,5.15481,0
1,2,16,5.17616,4.45616,2.59926,-0.805878,4.45616,0
1,15,15,3.83082,4.80144,2.8676,-0.805878,4.80144,1
1,13,15,2.92591,4.10047,2.8676,-0.805878,4.10047,1
4,15,17,-0.64769,-1.19634,2.67763,-0.805878,2.67763,2
1,12,15,3.89017,4.6562,2.8676,-0.805878,4.6562,1
2,18,75,-0.762164,0.0249731,-4.90201,-1.41384,-0.762164,1
1,9,15,4.61057,5.33407,2.8676,-0.805878,5.33407,1
1,7,15,4.88166,4.79169,2.8676,-0.805878,4.88166,0
1,4,15,4.76886,2.21042,2.8676,-0.805878,2.21042,0
1,2,15,5.00362,4.10631,2.8676,-0.805878,4.10631,0
1,13,14,3.98411,5.22081,2.79075,-0.805878,5.22081,1
4,15,18,-0.728975,-0.728975,2.65786,-0.805878,2.65786,2
1,12,14,3.81229,3.31484,2.79075,-0.805878,3.31484,0
2,18,74,-0.814009,-0.124341,-4.86797,-1.45906,-0.124341,1
1,9,14,4.88217,4.68081,2.79075,-0.805878,4.68081,0
1,7,14,5.09093,2.81158,2.79075,-0.805878,2.81158,0
1,4,14,5.30893,5.78356,2.79075,-0.805878,5.78356,1
1,2,14,5.29502,6.39956,2.79075,-0.805878,6.39956,1
1,13,13,4.8404,5.17921,2.91513,-0.805878,5.17921,1
4,15,19,-0.760146,-0.760146,2.73033,-0.805878,2.73033,2
1,12,13,4.18756,3.77101,2.91513,-0.805878,3.77101,0
2,18,69,-0.72485,-0.446672,-4.38821,-0.937499,-0.446672,1
1,9,13,3.91934,5.32206,2.91513,-0.805878,5.32206,1
1,7,13,5.04196,5.54613,2.91513,-0.805878,5.54613,1
1,4,13,5.29107,5.34581,2.91513,-0.805878,5.34581,1
1,2,13,5.01853,5.69573,2.91513,-0.805878,5.69573,1
4,15,20,-0.805878,-0.805878,2.55099,-0.805878,2.55099,2
1,12,12,5.01075,4.82149,2.93608,-0.805878,4.82149,0
2,18,68,-0.580968,-0.390769,-4.27007,-1.01066,-0.390769,1
1,9,12,4.56029,5.1502,2.93608,-0.805878,5.1502,1
1,11,72,0.775107,1.45613,-4.69937,-1.21867,1.45613,1
4,10,83,-4.75214,-1.49898,-5.22327,-1.89942,-1.89942,1
1,8,12,4.03467,4.62172,2.93608,-0.805878,4.62172,1
1,7,12,4.93362,4.62255,2.93608,-0.805878,4.62255,0
1,4,12,5.56296,6.01631,2.93608,-0.805878,6.01631,1
1,2,12,5.54487,5.87043,2.93608,-0.805878,5.87043,1
2,18,79,-1.13449,-0.250425,-4.30456,-1.7295,-0.250425,1
1,9,11,4.25513,5.0163,2.80572,-0.805878,5.0163,1
1,7,11,4.22456,5.24419,2.80572,-0.805878,5.24419,1
1,4,11,5.49695,5.63579,2.80572,-0.805878,5.63579,1
1,2,11,5.63228,5.43317,2.80572,-0.805878,5.43317,0
2,18,78,-0.937748,-0.0994914,-4.65291,-1.66623,-0.0994914,1
1,9,10,4.444,5.21134,2.9161,-0.805878,5.21134,1
1,7,10,4.32991,5.87795,2.9161,-0.805878,5.87795,1
1,4,10,5.85716,5.65533,2.9161,-0.805878,5.65533,0
1,2,10,5.85149,5.30128,2.9161,-0.805878,5.30128,0
1,7,9,4.65656,4.45949,2.89122,-0.805878,4.45949,0
1,4,9,4.91108,5.44482,2.89122,-0.805878,5.44482,1
1,2,9,6.29409,3.5203,2.89122,-0.805878,3.5203,0
1,7,8,4.831,4.53483,2.93668,-0.805878,4.53483,0
1,4,8,4.42991,3.97691,2.93668,-0.805878,3.97691,0
1,2,8,5.5277,4.32346,2.93668,-0.805878,4.32346,0
1,4,7,5.41589,4.56922,2.92731,-0.805878,4.56922,0
1,2,7,6.00581,3.14866,2.92731,-0.805878,3.14866,0
1,4,6,5.71707,6.21057,2.97518,-0.805878,6.21057,1
1,2,6,5.38512,4.65031,2.97518,-0.805878,4.65031,0
2,9,73,-0.090381,1.02407,-4.58061,-1.30758,1.02407,1
1,4,5,6.10407,5.6346,2.97834,-0.805878,6.10407,0
1,2,5,6.04956,5.21137,2.97834,-0.805878,5.21137,0
1,2,4,5.55801,5.78839,2.97261,-0.805878,5.78839,1
1,2,3,5.48216,6.4661,3,-0.805878,6.4661,1
2,18,99,-1.9215,-1.91849,-3.41916,-3.35117,-1.9215,1
2,8,33,3.03715,3.84828,1.60775,-0.805878,3.84828,1
2,6,35,3.30999,3.9528,1.44812,-0.805878,3.9528,1
1,14,33,3.65116,3.52401,1.60775,-0.805878,3.52401,0
1,3,41,2.77493,1.96948,0.201755,-0.28101,1.96948,0
2,17,99,-2.5005,-1.98115,-3.41916,-3.35117,-1.98115,1
2,15,99,-2.19575,-2.16371,-3.41916,-3.35117,-2.16371,1
4,4,36,0.281104,1.42098,1.45696,0.264588,1.45696,2
2,14,99,-1.58472,-1.10533,-3.41916,-3.35117,-1.58472,1
4,2,85,0.88176,-0.947062,-5.14185,-2.10808,-2.10808,0
4,11,88,-4.70389,-4.70389,-5.55605,-2.24038,-2.24038,3
2,11,99,-1.29057,-1.62992,-3.41916,-3.35117,-1.62992,0
1,4,59,2.30496,2.90306,-3.59803,-0.651593,2.90306,1
2,9,99,-1.14664,-0.864024,-3.41916,-3.35117,-0.864024,1
4,2,3,0.273204,5.78389,3,-0.805878,0.0181518,1
4,11,18,-0.728975,-0.728975,2.65786,-0.805878,2.65786,2
1,16,30,3.48828,2.60708,1.53923,-0.805878,2.60708,0
2,8,99,-1.23538,-1.57746,-3.41916,-3.35117,-1.57746,0
2,7,99,-0.226503,-0.658153,-3.41916,-3.35117,-0.658153,0
1,14,97,-2.08643,-0.423133,-3.41916,-2.81209,-0.423133,1
2,8,97,-0.935626,-1.33444,-3.41916,-2.81209,-1.33444,0
2,6,99,-0.715363,-0.220019,-3.41916,-3.35117,-0.220019,1
4,20,32,-1.51638,-1.51638,1.7249,-0.805878,1.7249,2
2,5,99,-0.983069,-0.44935,-3.41916,-3.35117,-0.44935,1
2,4,99,-0.444579,0.15379,-3.41916,-3.35117,0.15379,1
2,18,98,-1.99651,-1.97744,-3.41916,-3.12829,-1.99651,1
2,6,34,2.96923,4.14812,1.42834,-0.805878,4.14812,1
1,14,32,3.70121,3.15686,1.7249,-0.805878,3.15686,0
2,8,34,2.59233,3.28184,1.42834,-0.805878,3.28184,1
1,3,38,4.18838,4.23963,0.671689,-0.230343,4.23963,1
2,17,98,-2.3985,-1.78956,-3.41916,-3.12829,-1.78956,1
2,15,98,-2.20191,-2.24833,-3.41916,-3.12829,-2.20191,0
3,9,13,1.99459,2.88427,2.91513,-0.805878,2.88427,2
4,4,37,0.017391,1.23552,0.962271,-0.077702,0.962271,1
2,14,98,-1.53129,-1.10338,-3.41916,-3.12829,-1.10338,1
4,2,84,1.04301,-0.85121,-5.35927,-2.00544,-2.00544,0
4,11,89,-5.04662,-5.04662,-5.75042,-2.39784,-2.39784,3
2,11,98,-0.96261,-1.46546,-3.41916,-3.12829,-1.46546,0
4,11,13,-0.496319,-0.496319,2.91513,-0.805878,2.91513,2
1,16,25,3.4038,3.67957,2.04479,-0.805878,3.67957,1
1,14,96,-1.32536,-0.341016,-3.41916,-2.99602,-0.341016,1
2,6,98,-0.657815,-0.197711,-3.41916,-3.12829,-0.197711,1
2,8,98,-0.97835,-1.49741,-3.41916,-3.12829,-1.49741,0
2,7,98,-0.12876,-0.571493,-3.41916,-3.12829,-0.571493,0
4,20,33,-1.57416,-1.57416,1.60775,-0.805878,1.60775,2
2,5,98,-0.949685,-0.417542,-3.41916,-3.12829,-0.417542,1
4,2,7,-0.323307,6.945,2.92731,-0.805878,6.92696,1
4,11,14,-0.580929,-0.580929,2.79075,-0.805878,2.79075,2
1,16,26,3.06383,3.261,2.08517,-0.805878,3.261,1
2,4,98,-0.43215,0.192267,-3.41916,-3.12829,0.192267,1
2,20,97,-2.15987,-1.67783,-3.41916,-2.81209,-1.67783,1
2,18,97,-1.63964,-1.68647,-3.41916,-2.81209,-1.68647,0
1,14,63,-0.410768,0.297137,-4.03562,-0.692524,0.297137,1
2,6,37,3.24338,3.70737,0.962271,-0.077702,3.70737,1
2,8,35,2.34702,3.36997,1.44812,-0.805878,3.36997,1
1,3,39,3.17984,2.09218,0.982003,-0.317489,2.09218,0
2,17,97,-2.49915,-1.91292,-3.41916,-2.81209,-2.49915,1
2,15,97,-1.98067,-1.9325,-3.41916,-2.81209,-1.9325,1
3,9,12,3.92396,4.09835,2.93608,-0.805878,4.09835,1
4,4,26,-0.185997,1.40362,2.08517,-0.805878,2.08517,2
2,14,97,-1.67592,-0.99724,-3.41916,-2.81209,-1.67592,1
4,2,87,-4.82344,-4.82344,-5.60239,-2.09737,-2.09737,3
4,11,94,-5.60239,-5.60239,-3.41916,-2.55553,-2.55553,3
2,11,97,-0.826981,-1.35953,-3.41916,-2.81209,-1.35953,0
2,7,97,-0.0581871,-0.507498,-3.41916,-2.81209,-0.507498,0
1,14,99,-2.17003,-0.359338,-3.41916,-3.35117,-0.359338,1
2,6,97,-0.690926,-0.134844,-3.41916,-2.81209,-0.134844,1
4,20,34,-1.65275,-1.65275,1.42834,-0.805878,1.42834,2
2,5,97,-0.888894,-0.322914,-3.41916,-2.81209,-0.322914,1
2,2,97,-0.183717,0.0753453,-3.41916,-2.81209,0.0753453,1
2,18,96,-2.13703,-2.19285,-3.41916,-2.99602,-2.13703,0
1,14,62,0.387584,0.753814,-3.86868,-0.735614,0.753814,1
2,6,36,3.2402,3.76619,1.45696,0.264588,3.76619,1
2,8,36,3.29228,3.37221,1.45696,0.264588,3.37221,1
1,3,36,4.13879,4.18631,1.45696,0.264588,4.18631,1
2,17,96,-2.29472,-1.59149,-3.41916,-2.99602,-1.59149,1
2,15,96,-1.83776,-1.83812,-3.41916,-2.99602,-1.83812,0
4,4,27,-0.126043,1.22979,1.79261,-0.805878,1.79261,2
3,9,15,2.83395,5.17206,2.8676,-0.805878,5.17206,1
2,14,96,-1.37695,-0.904634,-3.41916,-2.99602,-0.904634,1
4,2,86,-4.30456,-4.30456,-5.61978,-2.01828,-2.01828,3
4,11,95,-5.55605,-5.55605,-3.41916,-2.85377,-2.85377,3
2,11,96,-0.791288,-1.29757,-3.41916,-2.99602,-1.29757,0
1,14,98,-2.00532,-0.187861,-3.41916,-3.12829,-0.187861,1
2,8,96,-0.878494,-1.65526,-3.41916,-2.99602,-1.65526,0
2,6,96,-0.39972,-0.0934389,-3.41916,-2.99602,-0.0934389,1
4,20,35,-1.73068,-1.73068,1.44812,-0.805878,1.44812,2
2,5,96,-0.754047,-0.231208,-3.41916,-2.99602,-0.231208,1
4,11,12,-0.438248,-0.438248,2.93608,-0.805878,2.93608,2
1,16,24,3.04003,3.25088,2.20454,-0.805878,3.25088,1
2,4,96,-0.338376,0.364343,-3.41916,-2.99602,0.364343,1
2,2,96,-0.0278555,0.157111,-3.41916,-2.99602,0.157111,1
2,15,95,-1.81997,-1.82802,-3.41916,-2.85377,-1.82802,0
2,13,95,-1.08903,-0.821054,-3.41916,-2.85377,-0.821054,1
2,7,46,2.09967,1.25381,-1.27338,-0.395639,1.25381,0
2,12,95,-1.21361,-0.0638472,-3.41916,-2.85377,-0.0638472,1
1,14,69,-0.018499,0.253942,-4.38821,-0.937499,0.253942,1
2,8,77,-0.278856,-0.814807,-4.67517,-1.58996,-0.814807,0
2,6,95,-0.431758,-0.00482197,-3.41916,-2.85377,-0.00482197,1
4,20,36,-1.77946,-1.77946,1.45696,0.264588,1.45696,2
2,5,95,-0.691107,-0.111347,-3.41916,-2.85377,-0.111347,1
2,4,95,-0.230066,0.402985,-3.41916,-2.85377,0.402985,1
2,1,95,-0.039388,0.430722,-3.41916,-2.85377,0.430722,1
2,15,94,-1.6585,-1.59176,-3.41916,-2.55553,-1.59176,1
2,13,94,-0.952805,-0.651662,-3.41916,-2.55553,-0.651662,1
2,7,47,2.34217,1.31415,-1.66582,-0.377744,1.31415,0
2,12,94,-0.885575,-0.00401147,-3.41916,-2.55553,-0.00401147,1
4,20,37,-1.84662,-1.84662,0.962271,-0.077702,-0.077702,2
2,5,94,-0.669925,-0.143703,-3.41916,-2.55553,-0.143703,1
2,4,94,-0.156025,0.459685,-3.41916,-2.55553,0.459685,1
2,1,94,0.0115492,0.505917,-3.41916,-2.55553,0.505917,1
2,15,93,-1.97086,-1.9556,-3.41916,-2.51688,-1.9556,1
2,13,93,-1.11591,-0.694671,-3.41916,-2.51688,-0.694671,1
2,7,40,3.10551,2.95605,0.424054,-0.32524,2.95605,0
2,12,93,-0.760726,0.119809,-3.41916,-2.51688,0.119809,1
4,20,38,-1.89425,-1.89425,0.671689,-0.230343,0.671689,2
2,5,93,-1.19598,-0.146712,-3.41916,-2.51688,-0.146712,1
2,4,93,-0.158586,0.502591,-3.41916,-2.51688,0.502591,1
2,15,92,-1.75506,-1.70347,-6.43894,-2.39982,-1.70347,1
2,13,92,-0.64335,-0.360861,-6.43894,-2.39982,-0.360861,1
2,7,41,3.00073,2.63651,0.201755,-0.28101,2.63651,0
2,12,92,-0.719071,0.195736,-6.43894,-2.39982,0.195736,1
4,20,39,-1.93459,-1.70173,0.982003,-0.317489,-0.317489,2
2,5,92,-0.555171,-0.0590205,-6.43894,-2.39982,-0.0590205,1
2,4,92,-0.343453,0.457762,-6.43894,-2.39982,0.457762,1
2,15,91,-1.85685,-1.77213,-6.29331,-2.45927,-1.77213,1
2,13,91,-0.986883,-0.567376,-6.29331,-2.45927,-0.567376,1
2,7,42,2.83958,2.69711,-0.0637023,-0.353411,2.69711,0
2,12,91,-0.530236,0.355102,-6.29331,-2.45927,0.355102,1
4,20,40,-2.00091,-1.75865,0.424054,-0.32524,-0.32524,2
2,5,91,-0.485478,0.156498,-6.29331,-2.45927,0.156498,1
2,15,90,-1.49772,-1.52484,-6.05291,-2.36134,-1.52484,0
2,13,90,-0.839085,-0.498043,-6.05291,-2.36134,-0.498043,1
2,7,43,2.85228,2.13018,-0.351569,-0.382527,2.13018,0
2,12,90,-0.852069,0.221022,-6.05291,-2.36134,0.221022,1
4,20,41,-2.08792,-1.83104,0.201755,-0.28101,-0.28101,2
2,5,90,-0.325442,0.143357,-6.05291,-2.36134,0.143357,1
2,15,89,-1.58861,-1.70934,-5.75042,-2.39784,-1.70934,0
2,13,89,-0.947517,-0.33129,-5.75042,-2.39784,-0.33129,1
2,7,36,2.90741,2.35135,1.45696,0.264588,2.35135,0
2,12,89,-0.730642,0.304185,-5.75042,-2.39784,0.304185,1
4,20,42,-2.16262,-1.90768,-0.0637023,-0.353411,-0.0637023,2
2,5,89,0.244193,0.316214,-5.75042,-2.39784,0.316214,1
2,4,89,0.201847,0.814515,-5.75042,-2.39784,0.814515,1
2,15,88,-1.47882,-1.65799,-5.55605,-2.24038,-1.65799,0
2,13,88,-0.620255,-0.398785,-5.55605,-2.24038,-0.398785,1
4,20,43,-2.24665,-1.98866,-0.351569,-0.382527,-0.382527,2
2,5,88,-0.294023,0.352338,-5.55605,-2.24038,0.352338,1
2,4,88,0.320989,0.743446,-5.55605,-2.24038,0.743446,1
2,15,87,-1.09053,-1.23309,-5.60239,-2.09737,-1.23309,0
2,13,87,-0.585892,-0.431325,-5.60239,-2.09737,-0.431325,1
2,7,54,0.51571,1.56428,-3.28628,-0.56961,1.56428,1
2,12,87,-0.558445,0.405317,-5.60239,-2.09737,0.405317,1
4,20,44,-2.26409,-2.02177,-0.646582,-0.45329,-0.45329,3
2,5,87,0.0340051,0.341231,-5.60239,-2.09737,0.341231,1
2,15,86,-1.3161,-1.34514,-5.61978,-2.01828,-1.34514,0
2,13,86,-0.54855,-0.474809,-5.61978,-2.01828,-0.474809,1
2,7,55,0.812293,1.64462,-3.26052,-0.458097,1.64462,1
2,12,86,-0.55225,0.473666,-5.61978,-2.01828,0.473666,1
4,20,45,-2.28561,-2.28561,-0.989663,-0.351506,-0.351506,3
2,5,86,0.292705,0.342658,-5.61978,-2.01828,0.342658,1
2,15,85,-1.1745,-1.82899,-5.14185,-2.10808,-1.82899,0
2,13,85,-0.830179,0.775736,-5.14185,-2.10808,0.775736,1
2,7,48,2.10457,1.4762,-2.02538,-0.386848,1.4762,0
2,12,85,-0.854131,-0.815757,-5.14185,-2.10808,-0.815757,1
4,20,46,-2.41163,-2.41163,-1.27338,-0.395639,-0.395639,3
2,5,85,-0.0936799,-0.0368846,-5.14185,-2.10808,-0.0368846,1
2,8,40,3.35348,3.74628,0.424054,-0.32524,3.74628,1
2,6,56,0.88243,1.41183,-3.43957,-0.474568,1.41183,1
1,14,42,3.00028,2.66374,-0.0637023,-0.353411,2.66374,0
1,3,48,3.35086,3.88748,-2.02538,-0.386848,3.88748,1
2,17,84,-0.837817,-1.0424,-5.35927,-2.00544,-1.0424,0
2,15,84,-1.06327,-1.26277,-5.35927,-2.00544,-1.26277,0
2,13,84,-1.27398,0.0473845,-5.35927,-2.00544,0.0473845,1
2,7,49,2.03153,1.6161,-2.3856,-0.416188,1.6161,0
2,12,84,-0.490493,-0.471162,-5.35927,-2.00544,-0.471162,1
4,20,47,-2.47724,-2.47724,-1.66582,-0.377744,-0.377744,3
2,5,84,0.219332,0.247487,-5.35927,-2.00544,0.247487,1
2,15,83,-0.640353,-0.928279,-5.22327,-1.89942,-0.928279,0
2,13,83,-1.8098,0.413644,-5.22327,-1.89942,0.413644,1
2,7,50,1.7424,1.52958,-2.70986,-0.510597,1.52958,0
2,12,83,-1.16785,-0.785179,-5.22327,-1.89942,-0.785179,1
4,20,48,-2.52467,-2.52467,-2.02538,-0.386848,-0.386848,3
2,5,83,0.0612835,0.0410318,-5.22327,-1.89942,0.0410318,0
2,15,82,-0.855239,-1.2642,-5.04662,-1.89873,-1.2642,0
2,13,82,-1.12331,0.106579,-5.04662,-1.89873,0.106579,1
2,7,51,1.65491,1.9028,-3.03783,-0.448822,1.9028,1
2,12,82,-1.5982,-1.05198,-5.04662,-1.89873,-1.05198,1
4,20,49,-2.61941,-2.61941,-2.3856,-0.416188,-0.416188,3
2,5,82,0.169403,0.139238,-5.04662,-1.89873,0.139238,0
2,15,81,-0.97015,-1.17115,-4.70389,-1.77463,-1.17115,0
2,13,81,-0.754788,0.391828,-4.70389,-1.77463,0.391828,1
2,7,44,2.63035,1.92359,-0.646582,-0.45329,1.92359,0
2,12,81,-0.815234,-0.479808,-4.70389,-1.77463,-0.479808,1
4,20,50,-2.7155,-2.7155,-2.70986,-0.510597,-0.510597,3
2,5,81,0.349803,0.453496,-4.70389,-1.77463,0.453496,1
2,15,80,-1.05687,-0.950026,-4.82344,-1.66435,-1.05687,1
2,13,80,-0.749141,0.0172905,-4.82344,-1.66435,0.0172905,1
2,7,45,2.49438,1.772,-0.989663,-0.351506,1.772,0
2,12,80,-0.556565,-0.241232,-4.82344,-1.66435,-0.241232,1
1,16,38,2.78047,3.88919,0.671689,-0.230343,3.88919,1
1,6,20,4.22784,4.3657,2.55099,-0.805878,4.3657,1
2,19,79,-1.03778,-2.65638,-4.30456,-1.7295,-2.65638,0
2,16,79,-0.864686,-0.278106,-4.30456,-1.7295,-0.278106,1
2,15,79,-0.63421,-0.924294,-4.30456,-1.7295,-0.924294,0
2,13,79,-1.01235,0.280675,-4.30456,-1.7295,0.280675,1
2,7,62,0.724772,0.83251,-3.86868,-0.735614,0.83251,1
2,12,79,-0.702395,-0.358274,-4.30456,-1.7295,-0.358274,1
1,16,39,2.77165,2.74937,0.982003,-0.317489,2.74937,0
1,6,23,4.70526,3.54304,2.09672,-0.805878,3.54304,0
2,19,78,-1.08517,-2.87454,-4.65291,-1.66623,-2.87454,0
2,16,78,-1.14242,-0.00696702,-4.65291,-1.66623,-0.00696702,1
2,15,78,-0.674603,-1.34097,-4.65291,-1.66623,-1.34097,0
2,13,78,-1.16121,0.206562,-4.65291,-1.66623,0.206562,1
2,7,63,0.753647,1.09774,-4.03562,-0.692524,1.09774,1
2,12,78,-0.782422,-0.534685,-4.65291,-1.66623,-0.534685,1
1,16,32,4.07527,3.13355,1.7249,-0.805878,3.13355,0
1,6,10,5.41222,5.79604,2.9161,-0.805878,5.79604,1
2,19,77,-0.992753,-2.77313,-4.67517,-1.58996,-2.77313,0
2,16,77,-0.882624,0.12569,-4.67517,-1.58996,0.12569,1
2,15,77,-1.14713,-1.29236,-4.67517,-1.58996,-1.29236,0
2,13,77,-0.495906,0.329196,-4.67517,-1.58996,0.329196,1
2,7,56,0.424699,1.56225,-3.43957,-0.474568,1.56225,1
2,12,77,-1.25009,-0.690441,-4.67517,-1.58996,-0.690441,1
1,16,33,3.90626,4.66962,1.60775,-0.805878,4.66962,1
1,6,21,4.1878,2.69878,2.59473,-0.805878,2.69878,0
2,19,76,-0.948831,-2.59938,-4.75214,-1.45125,-2.59938,0
2,16,76,-0.671872,0.200966,-4.75214,-1.45125,0.200966,1
2,15,76,-0.63289,-1.12108,-4.75214,-1.45125,-1.12108,0
2,13,76,-0.677108,0.368183,-4.75214,-1.45125,0.368183,1
2,7,57,0.722375,1.49353,-3.55909,-0.534181,1.49353,1
2,12,76,-0.632049,-0.48384,-4.75214,-1.45125,-0.48384,1
1,5,74,0.957506,1.28447,-4.86797,-1.45906,0.957506,1
1,16,34,3.52664,4.45588,1.42834,-0.805878,4.45588,1
1,6,8,4.98312,4.47132,2.93668,-0.805878,4.47132,0
3,14,60,0.55824,-0.444362,-3.62281,-0.563066,-0.444362,0
2,19,75,-0.755814,-2.49027,-4.90201,-1.41384,-2.49027,0
2,16,75,-0.896888,0.213093,-4.90201,-1.41384,0.213093,1
2,15,75,-0.415594,-1.15824,-4.90201,-1.41384,-1.15824,0
2,13,75,-0.618999,-0.160697,-4.90201,-1.41384,-0.160697,1
2,7,58,0.358652,1.32327,-3.5329,-0.497556,1.32327,1
2,12,75,-1.01668,-0.848353,-4.90201,-1.41384,-0.848353,1
1,5,75,0.877678,1.08526,-4.90201,-1.41384,1.08526,1
1,16,35,2.90915,4.37065,1.44812,-0.805878,4.37065,1
1,6,11,4.94828,6.10464,2.80572,-0.805878,6.10464,1
3,14,61,0.235385,-0.409936,-3.77303,-0.607646,-0.409936,0
2,19,74,-1.0523,-2.64773,-4.86797,-1.45906,-2.64773,0
2,16,74,-0.579697,0.300085,-4.86797,-1.45906,0.300085,1
2,15,74,-0.457009,-0.981672,-4.86797,-1.45906,-0.981672,0
2,13,74,-0.363992,0.163461,-4.86797,-1.45906,0.163461,1
2,7,59,0.0770929,0.864215,-3.59803,-0.651593,0.864215,1
2,12,74,-0.694714,-0.942495,-4.86797,-1.45906,-0.942495,0
2,16,73,-0.732619,0.226418,-4.58061,-1.30758,0.226418,1
2,15,73,-0.289158,-0.758866,-4.58061,-1.30758,-0.758866,0
2,13,73,-0.129247,0.34311,-4.58061,-1.30758,0.34311,1
2,7,52,1.12323,1.78207,-3.16282,-0.404636,1.78207,1
2,12,73,-0.413093,-0.524984,-4.58061,-1.30758,-0.524984,0
1,5,73,1.18707,1.34903,-4.58061,-1.30758,1.34903,1
1,16,45,2.8266,2.80904,-0.989663,-0.351506,2.80904,0
1,6,9,3.89091,5.22239,2.89122,-0.805878,5.22239,1
3,14,63,0.159322,-0.960381,-4.03562,-0.692524,-0.960381,0
2,19,72,-0.716519,-2.61504,-4.69937,-1.21867,-2.61504,0
2,16,72,-0.593148,0.442411,-4.69937,-1.21867,0.442411,1
2,15,72,-0.283116,-0.942892,-4.69937,-1.21867,-0.942892,0
2,13,72,-0.336723,0.114573,-4.69937,-1.21867,0.114573,1
2,15,71,-0.231497,-0.491287,-4.4203,-1.13959,-0.491287,0
2,13,71,-0.0428756,0.296645,-4.4203,-1.13959,0.296645,1
2,15,70,-0.822086,0.0935825,-4.23657,-1.06699,0.0935825,1
2,13,70,-0.132416,0.325528,-4.23657,-1.06699,0.325528,1
2,15,69,-0.559339,0.142844,-4.38821,-0.937499,0.142844,1
2,13,69,-0.0548625,0.445104,-4.38821,-0.937499,0.445104,1
2,15,68,-0.378922,0.324967,-4.27007,-1.01066,0.324967,1
2,13,68,-0.214074,0.458698,-4.27007,-1.01066,0.458698,1
2,15,67,-0.674427,0.0913128,-4.33476,-0.933887,0.0913128,1
2,13,67,-0.179864,0.054877,-4.33476,-0.933887,0.054877,1
2,15,66,-0.390711,0.363899,-4.06104,-0.806488,0.363899,1
2,13,66,-0.0483305,0.0390346,-4.06104,-0.806488,0.0390346,1
2,16,65,-0.540326,-0.631391,-4.11009,-0.783219,-0.631391,0
2,15,65,-0.319451,0.639058,-4.11009,-0.783219,0.639058,1
2,13,65,-0.377812,-0.269111,-4.11009,-0.783219,-0.269111,1
2,15,64,-0.611435,0.341567,-3.84075,-0.813937,0.341567,1
2,13,64,-0.00570005,0.16998,-3.84075,-0.813937,0.16998,1
2,15,63,-0.404944,0.315417,-4.03562,-0.692524,0.315417,1
2,13,63,-0.00250265,0.575464,-4.03562,-0.692524,0.575464,1
2,15,62,-0.275148,0.458258,-3.86868,-0.735614,0.458258,1
2,13,62,-0.450427,-0.112492,-3.86868,-0.735614,-0.112492,1
2,15,61,-0.176889,0.714013,-3.77303,-0.607646,0.714013,1
2,13,61,0.421292,0.929997,-3.77303,-0.607646,0.929997,1
2,15,60,-0.204328,0.84044,-3.62281,-0.563066,0.84044,1
2,13,60,0.195582,0.28596,-3.62281,-0.563066,0.28596,1
2,15,59,-0.0698041,0.961918,-3.59803,-0.651593,0.961918,1
2,13,59,0.201967,0.367226,-3.59803,-0.651593,0.367226,1
1,16,97,-0.847815,-1.03676,-3.41916,-2.81209,-1.03676,0
1,5,53,2.80075,3.21266,-3.24637,-0.595251,3.21266,1
2,20,58,-0.382462,0.298638,-3.5329,-0.497556,0.298638,1
2,15,58,-0.191431,0.973091,-3.5329,-0.497556,0.973091,1
2,13,58,0.404746,0.982715,-3.5329,-0.497556,0.982715,1
2,17,57,0.0921359,-0.0354774,-3.55909,-0.534181,-0.0354774,0
2,15,57,0.020538,1.00835,-3.55909,-0.534181,1.00835,1
2,13,57,0.715966,1.13873,-3.55909,-0.534181,1.13873,1
2,17,56,0.0185836,-0.101112,-3.43957,-0.474568,-0.101112,0
2,15,56,0.0358343,0.9996,-3.43957,-0.474568,0.9996,1
2,13,56,0.288248,0.983384,-3.43957,-0.474568,0.983384,1
2,20,55,0.0360019,0.921401,-3.26052,-0.458097,0.921401,1
2,17,55,0.0703465,0.225555,-3.26052,-0.458097,0.225555,1
2,15,55,0.062311,1.06405,-3.26052,-0.458097,1.06405,1
2,13,55,0.544427,1.01742,-3.26052,-0.458097,1.01742,1
2,20,54,0.205056,0.979601,-3.28628,-0.56961,0.979601,1
2,17,54,0.254918,0.40025,-3.28628,-0.56961,0.40025,1
2,15,54,0.073033,0.873875,-3.28628,-0.56961,0.873875,1
2,13,54,0.528817,1.0111,-3.28628,-0.56961,1.0111,1
1,5,12,5.28934,5.21853,2.93608,-0.805878,5.21853,0
2,20,53,0.347228,1.01009,-3.24637,-0.595251,1.01009,1
2,17,53,0.373471,0.682945,-3.24637,-0.595251,0.682945,1
2,15,53,0.207161,1.0041,-3.24637,-0.595251,1.0041,1
2,13,53,0.640492,1.0882,-3.24637,-0.595251,1.0882,1
2,20,52,0.521933,1.3129,-3.16282,-0.404636,1.3129,1
2,17,52,0.496947,0.820844,-3.16282,-0.404636,0.820844,1
2,15,52,0.430842,1.09964,-3.16282,-0.404636,1.09964,1
2,13,52,0.582294,1.29735,-3.16282,-0.404636,1.29735,1
1,5,14,5.67122,5.74262,2.79075,-0.805878,5.74262,1
2,20,51,0.665285,1.24798,-3.03783,-0.448822,1.24798,1
2,17,51,0.466521,0.990104,-3.03783,-0.448822,0.990104,1
2,15,51,0.642488,1.28247,-3.03783,-0.448822,1.28247,1
2,13,51,0.411612,1.24109,-3.03783,-0.448822,1.24109,1
1,5,13,5.60626,5.17896,2.91513,-0.805878,5.17896,0
2,20,50,0.631297,0.967536,-2.70986,-0.510597,0.967536,1
2,17,50,0.625745,2.34138,-2.70986,-0.510597,2.34138,1
2,15,50,0.540309,1.73624,-2.70986,-0.510597,1.73624,1
2,13,50,0.888147,1.17447,-2.70986,-0.510597,1.17447,1
1,5,8,4.13373,4.84567,2.93668,-0.805878,4.84567,1
2,20,49,0.747593,1.08408,-2.3856,-0.416188,1.08408,1
2,17,49,0.80411,2.48657,-2.3856,-0.416188,2.48657,1
2,15,49,0.77098,1.95973,-2.3856,-0.416188,1.95973,1
2,13,49,1.01625,1.39314,-2.3856,-0.416188,1.39314,1
1,5,15,5.05966,5.45565,2.8676,-0.805878,5.45565,1
2,20,48,0.829867,1.07856,-2.02538,-0.386848,1.07856,1
2,17,48,0.95234,2.44129,-2.02538,-0.386848,2.44129,1
2,15,48,0.906074,2.06548,-2.02538,-0.386848,2.06548,1
2,13,48,1.19956,1.46388,-2.02538,-0.386848,1.46388,1
1,5,26,4.25169,4.63081,2.08517,-0.805878,4.63081,1
2,20,47,0.856353,1.10511,-1.66582,-0.377744,1.10511,1
2,17,47,1.01932,2.61555,-1.66582,-0.377744,2.61555,1
2,15,47,1.23591,2.34107,-1.66582,-0.377744,2.34107,1
2,13,47,1.09322,1.69884,-1.66582,-0.377744,1.69884,1
1,5,25,4.42082,4.36394,2.04479,-0.805878,4.36394,0
2,20,46,0.783329,1.17056,-1.27338,-0.395639,1.17056,1
2,17,46,1.10186,2.67131,-1.27338,-0.395639,2.67131,1
2,15,46,1.36703,2.14972,-1.27338,-0.395639,2.14972,1
2,13,46,1.47517,1.68123,-1.27338,-0.395639,1.68123,1
2,20,45,0.770135,1.24194,-0.989663,-0.351506,1.24194,1
2,17,45,1.21751,2.81043,-0.989663,-0.351506,2.81043,1
2,15,45,1.76376,2.33049,-0.989663,-0.351506,2.33049,1
2,13,45,1.68569,1.9275,-0.989663,-0.351506,1.9275,1
4,20,86,-4.30456,-4.30456,-5.61978,-2.01828,-2.01828,3
2,5,45,2.43291,1.87687,-0.989663,-0.351506,1.87687,0
1,5,27,4.10299,4.40635,1.79261,-0.805878,4.10299,1
2,20,44,0.568931,2.18366,-0.646582,-0.45329,2.18366,1
2,17,44,1.37496,1.73814,-0.646582,-0.45329,1.73814,1
2,15,44,1.78254,2.90175,-0.646582,-0.45329,2.90175,1
2,13,44,2.48549,2.61521,-0.646582,-0.45329,2.61521,1
4,20,87,-4.82344,-4.82344,-5.60239,-2.09737,-2.09737,3
2,5,44,2.02605,1.61856,-0.646582,-0.45329,1.61856,0
1,5,6,5.45356,5.70016,2.97518,-0.805878,5.70016,1
2,20,43,0.801938,2.5173,-0.351569,-0.382527,2.5173,1
2,17,43,1.27104,1.82507,-0.351569,-0.382527,1.82507,1
2,13,43,2.63972,2.78875,-0.351569,-0.382527,2.78875,1
4,20,88,-4.70389,-4.70389,-5.55605,-2.24038,-2.24038,3
2,5,43,2.50721,2.30019,-0.351569,-0.382527,2.30019,0
1,5,5,5.92272,5.87596,2.97834,-0.805878,5.87596,0
2,20,42,0.780905,2.3965,-0.0637023,-0.353411,2.3965,1
2,17,42,1.48041,1.99542,-0.0637023,-0.353411,1.99542,1
2,13,42,2.81429,2.86917,-0.0637023,-0.353411,2.86917,1
4,20,89,-5.04662,-5.04662,-5.75042,-2.39784,-2.39784,3
2,5,42,2.77369,2.62864,-0.0637023,-0.353411,2.62864,0
2,20,41,0.870322,2.58619,0.201755,-0.28101,2.58619,1
2,17,41,1.24071,2.29496,0.201755,-0.28101,2.29496,1
2,13,41,2.78091,2.70254,0.201755,-0.28101,2.70254,0
4,20,90,-5.22327,-5.22327,-6.05291,-2.36134,-2.36134,3
2,5,41,3.08532,2.77084,0.201755,-0.28101,2.77084,0
1,5,7,5.70758,5.42719,2.92731,-0.805878,5.70758,0
2,20,40,0.902592,2.55146,0.424054,-0.32524,2.55146,1
2,17,40,1.67176,2.25187,0.424054,-0.32524,2.25187,1
2,10,99,-1.46081,-1.09169,-3.41916,-3.35117,-1.09169,1
2,15,40,2.34666,2.76066,0.424054,-0.32524,2.76066,1
2,13,40,2.73789,2.41327,0.424054,-0.32524,2.41327,0
4,20,91,-5.35927,-5.35927,-6.29331,-2.45927,-2.45927,3
2,5,40,3.32215,3.13309,0.424054,-0.32524,3.13309,0
2,17,39,2.01414,2.30857,0.982003,-0.317489,2.30857,1
2,15,39,2.47408,2.80426,0.982003,-0.317489,2.80426,1
2,13,39,2.77036,2.35587,0.982003,-0.317489,2.35587,0
2,17,38,2.03554,2.52496,0.671689,-0.230343,2.03554,1
2,15,38,2.69464,3.0122,0.671689,-0.230343,3.0122,1
2,13,38,2.93014,2.60572,0.671689,-0.230343,2.60572,0
1,5,28,4.22761,4.15072,1.70711,-0.805878,4.15072,0
2,20,37,2.85751,2.53366,0.962271,-0.077702,2.53366,0
2,17,37,2.00081,2.91661,0.962271,-0.077702,2.91661,1
2,15,37,2.7215,3.15974,0.962271,-0.077702,3.15974,1
2,13,37,3.16011,2.76825,0.962271,-0.077702,2.76825,0
2,17,36,2.00431,3.0987,1.45696,0.264588,3.0987,1
2,15,36,2.69106,3.15217,1.45696,0.264588,3.15217,1
2,13,36,3.13041,2.82303,1.45696,0.264588,2.82303,0
1,5,30,3.91309,4.05062,1.53923,-0.805878,4.05062,1
2,20,35,2.71509,2.00799,1.44812,-0.805878,2.00799,0
2,17,35,1.85284,3.27503,1.44812,-0.805878,3.27503,1
2,15,35,2.74319,3.4077,1.44812,-0.805878,3.4077,1
1,5,29,3.95937,3.88744,1.67657,-0.805878,3.88744,0
2,20,34,2.08348,2.20461,1.42834,-0.805878,2.20461,1
2,17,34,2.3986,3.5149,1.42834,-0.805878,3.5149,1
2,15,34,2.75736,3.46956,1.42834,-0.805878,3.46956,1
1,5,24,4.69522,4.53471,2.20454,-0.805878,4.53471,0
2,20,33,2.15175,2.23852,1.60775,-0.805878,2.23852,1
2,17,33,2.03529,3.35072,1.60775,-0.805878,3.35072,1
2,15,33,2.80983,3.42877,1.60775,-0.805878,3.42877,1
4,20,98,-6.29331,-6.29331,-3.41916,-3.12829,-3.12829,3
2,5,33,4.25114,4.09628,1.60775,-0.805878,4.09628,0
1,5,31,3.82334,3.82686,1.72456,-0.805878,3.82686,1
2,20,32,2.71457,3.09398,1.7249,-0.805878,3.09398,1
2,17,32,2.91108,2.98906,1.7249,-0.805878,2.98906,1
2,15,32,3.06268,3.5994,1.7249,-0.805878,3.5994,1
4,20,99,-6.43894,-6.43894,-3.41916,-3.35117,-3.35117,3
2,5,32,2.888,3.45642,1.7249,-0.805878,3.45642,1
2,20,31,2.67027,3.25889,1.72456,-0.805878,3.25889,1
2,17,31,2.52412,2.90962,1.72456,-0.805878,2.90962,1
2,15,31,3.15557,3.44101,1.72456,-0.805878,3.44101,1
1,20,58,0.46878,0.363979,-3.5329,-0.497556,0.363979,0
1,8,64,1.80288,2.32713,-3.84075,-0.813937,2.32713,1
4,10,31,-1.46886,-1.57615,1.72456,-0.805878,1.72456,2
2,14,31,3.27909,3.36525,1.72456,-0.805878,3.36525,1
1,3,59,2.24141,1.80376,-3.59803,-0.651593,1.80376,0
2,6,49,1.34301,1.65657,-2.3856,-0.416188,1.65657,1
1,14,19,4.54981,4.3819,2.73033,-0.805878,4.3819,0
2,8,31,3.19259,3.22218,1.72456,-0.805878,3.22218,1
2,5,31,3.03093,3.36384,1.72456,-0.805878,3.36384,1
2,2,31,3.6901,3.96826,1.72456,-0.805878,3.96826,1
2,20,30,2.91287,3.33929,1.53923,-0.805878,3.33929,1
2,15,30,2.67996,3.61761,1.53923,-0.805878,3.61761,1
1,20,59,0.374095,0.292233,-3.59803,-0.651593,0.292233,0
1,8,65,1.62843,2.02243,-4.11009,-0.783219,2.02243,1
4,10,30,-1.41916,-1.52216,1.53923,-0.805878,1.53923,2
2,14,30,2.96037,2.9787,1.53923,-0.805878,2.9787,1
2,13,30,3.03045,3.41258,1.53923,-0.805878,3.41258,1
2,5,30,3.71561,3.6262,1.53923,-0.805878,3.6262,0
2,9,36,2.83816,2.90091,1.45696,0.264588,2.90091,1
2,3,30,3.92166,3.693,1.53923,-0.805878,3.693,0
1,5,20,5.32027,5.75679,2.55099,-0.805878,5.75679,1
2,20,29,2.93606,3.43825,1.67657,-0.805878,3.43825,1
2,15,29,2.614,3.43878,1.67657,-0.805878,3.43878,1
1,20,56,0.873123,0.716689,-3.43957,-0.474568,0.716689,0
1,8,66,1.64652,2.10025,-4.06104,-0.806488,2.10025,1
2,14,29,2.98232,2.86434,1.67657,-0.805878,2.86434,0
2,13,29,2.83805,3.40058,1.67657,-0.805878,3.40058,1
2,5,29,3.79907,3.40411,1.67657,-0.805878,3.40411,0
2,20,28,3.35591,3.14965,1.70711,-0.805878,3.14965,0
2,15,28,2.99983,3.52976,1.70711,-0.805878,3.52976,1
1,20,57,0.718435,0.520637,-3.55909,-0.534181,0.520637,0
1,8,67,1.51044,1.9532,-4.33476,-0.933887,1.9532,1
2,14,28,2.56995,2.6011,1.70711,-0.805878,2.6011,1
2,13,28,2.87707,3.09157,1.70711,-0.805878,3.09157,1
2,12,28,3.46737,2.88366,1.70711,-0.805878,2.88366,0
2,5,28,3.83846,3.81014,1.70711,-0.805878,3.81014,0
1,5,22,4.81619,4.90096,2.39276,-0.805878,4.90096,1
2,20,27,1.59893,2.76768,1.79261,-0.805878,2.76768,1
2,17,27,3.29001,2.93207,1.79261,-0.805878,2.93207,0
2,15,27,3.09604,2.40552,1.79261,-0.805878,2.40552,0
1,8,68,1.46253,1.88551,-4.27007,-1.01066,1.88551,1
4,10,27,-1.19634,1.95,1.79261,-0.805878,1.79261,1
2,14,27,3.12106,2.30269,1.79261,-0.805878,2.30269,0
2,13,27,2.75888,3.38748,1.79261,-0.805878,3.38748,1
2,12,27,3.16231,3.27228,1.79261,-0.805878,3.27228,1
2,9,35,3.00019,2.82388,1.44812,-0.805878,2.82388,0
2,3,27,4.08598,3.82314,1.79261,-0.805878,3.82314,0
1,5,21,4.75967,4.89688,2.59473,-0.805878,4.89688,1
2,20,26,2.49464,3.08971,2.08517,-0.805878,3.08971,1
2,17,26,3.62846,2.91342,2.08517,-0.805878,2.91342,0
2,15,26,3.61417,2.74004,2.08517,-0.805878,2.74004,0
1,8,69,1.41865,1.87926,-4.38821,-0.937499,1.87926,1
4,10,26,-1.12974,1.94759,2.08517,-0.805878,2.08517,2
2,14,26,3.44417,2.56363,2.08517,-0.805878,2.56363,0
2,13,26,2.90324,3.70369,2.08517,-0.805878,3.70369,1
2,17,25,3.15276,3.08607,2.04479,-0.805878,3.08607,0
2,15,25,3.49945,2.86039,2.04479,-0.805878,2.86039,0
1,8,70,1.14457,1.90825,-4.23657,-1.06699,1.14457,1
4,10,29,-1.34672,-1.45634,1.67657,-0.805878,1.67657,2
2,14,25,3.89183,2.97184,2.04479,-0.805878,2.97184,0
2,13,25,3.1333,3.81936,2.04479,-0.805878,3.81936,1
2,9,37,3.68646,3.08479,0.962271,-0.077702,3.08479,0
2,3,25,4.26336,3.90904,2.04479,-0.805878,3.90904,0
2,17,24,3.34319,2.94371,2.20454,-0.805878,2.94371,0
2,15,24,3.5952,3.07694,2.20454,-0.805878,3.07694,0
2,13,24,3.63431,4.06196,2.20454,-0.805878,4.06196,1
2,9,34,3.06349,3.16471,1.42834,-0.805878,3.16471,1
2,3,24,4.44453,3.84919,2.20454,-0.805878,3.84919,0
2,20,23,3.05902,3.47751,2.09672,-0.805878,3.47751,1
2,17,23,3.14612,3.05267,2.09672,-0.805878,3.05267,0
1,8,72,1.12568,0.57485,-4.69937,-1.21867,0.57485,0
4,10,23,-0.967684,3.20987,2.09672,-0.805878,2.09672,1
1,11,12,4.05089,4.3032,2.93608,-0.805878,4.3032,1
2,14,23,2.26351,3.99831,2.09672,-0.805878,3.99831,1
2,13,23,3.82479,3.9722,2.09672,-0.805878,3.9722,1
2,12,23,3.71555,3.83119,2.09672,-0.805878,3.83119,1
2,20,22,2.39441,3.75985,2.39276,-0.805878,3.75985,1
2,17,22,2.64416,3.11711,2.39276,-0.805878,3.11711,1
1,8,73,1.16731,0.509273,-4.58061,-1.30758,0.509273,0
4,10,22,-0.882782,3.39704,2.39276,-0.805878,2.39276,1
1,11,13,4.65054,5.1439,2.91513,-0.805878,5.1439,1
2,14,22,1.97888,3.76072,2.39276,-0.805878,3.76072,1
2,13,22,3.86453,4.00703,2.39276,-0.805878,4.00703,1
2,20,21,3.16625,3.67437,2.59473,-0.805878,3.67437,1
2,17,21,4.35165,3.06824,2.59473,-0.805878,3.06824,0
1,8,74,1.23524,0.231932,-4.86797,-1.45906,0.231932,0
4,10,25,-1.10732,1.94014,2.04479,-0.805878,2.04479,2
1,11,14,4.06649,4.00029,2.79075,-0.805878,4.00029,0
2,14,21,2.20264,4.01469,2.59473,-0.805878,4.01469,1
2,13,21,3.73957,3.81713,2.59473,-0.805878,3.81713,1
2,20,20,3.15171,3.28903,2.55099,-0.805878,3.28903,1
2,17,20,3.79904,3.11409,2.55099,-0.805878,3.11409,0
1,8,75,1.18614,0.546107,-4.90201,-1.41384,0.546107,0
4,10,24,-1.02966,1.95054,2.20454,-0.805878,2.20454,2
1,11,15,3.97754,3.56698,2.8676,-0.805878,3.56698,0
2,14,20,5.17206,3.11307,2.55099,-0.805878,3.11307,0
2,13,20,3.98687,4.2085,2.55099,-0.805878,4.2085,1
2,17,19,5.79828,3.2624,2.73033,-0.805878,3.2624,0
1,8,76,1.16551,0.616469,-4.75214,-1.45125,0.616469,0
4,10,19,-0.760146,-0.607176,2.73033,-0.805878,2.73033,2
2,14,19,3.05851,3.82724,2.73033,-0.805878,3.82724,1
2,13,19,4.13792,2.8275,2.73033,-0.805878,2.8275,0
2,12,19,4.15669,2.62324,2.73033,-0.805878,2.62324,0
2,17,18,2.88167,3.55568,2.65786,-0.805878,3.55568,1
1,8,77,0.871361,0.196511,-4.67517,-1.58996,0.196511,0
4,10,18,-0.728975,-0.728975,2.65786,-0.805878,2.65786,2
2,14,18,1.28151,3.35652,2.65786,-0.805878,3.35652,1
2,5,18,3.96462,3.99733,2.65786,-0.805878,3.99733,1
2,17,17,3.83223,3.3428,2.67763,-0.805878,3.3428,0
1,8,78,1.03022,0.332415,-4.65291,-1.66623,0.332415,0
4,10,21,-0.867753,3.57951,2.59473,-0.805878,2.59473,1
2,14,17,3.94217,3.97803,2.67763,-0.805878,3.97803,1
2,13,17,3.09122,3.84645,2.67763,-0.805878,3.84645,1
2,5,17,4.35017,4.56666,2.67763,-0.805878,4.56666,1
3,16,55,-0.345336,0.494016,-3.26052,-0.458097,0.494016,1
2,4,17,3.55731,4.15645,2.67763,-0.805878,4.15645,1
1,8,79,0.806226,0.302307,-4.30456,-1.7295,0.302307,0
4,10,20,-0.805878,-0.805878,2.55099,-0.805878,2.55099,2
1,11,11,5.18767,4.77949,2.80572,-0.805878,4.77949,0
2,14,16,3.18486,3.10577,2.59926,-0.805878,3.10577,0
2,13,16,4.1153,3.50856,2.59926,-0.805878,3.50856,0
2,5,16,5.3275,4.50218,2.59926,-0.805878,4.50218,0
1,8,80,0.981742,0.504229,-4.82344,-1.66435,0.504229,0
4,10,47,-2.78547,3.18833,-1.66582,-0.377744,-1.66582,1
2,14,15,3.08498,3.67886,2.8676,-0.805878,3.67886,1
2,13,15,3.43731,3.7336,2.8676,-0.805878,3.7336,1
3,16,41,2.25229,0.192147,0.201755,-0.28101,0.192147,0
2,4,15,4.93264,4.02552,2.8676,-0.805878,4.02552,0
3,16,42,2.61641,0.0478611,-0.0637023,-0.353411,0.0478611,0
2,4,12,5.00155,5.65715,2.93608,-0.805878,5.65715,1
2,2,9,3.33718,1.94141,2.89122,-0.805878,1.94141,0
2,1,9,5.62477,0.521912,2.89122,-0.805878,0.521912,0
2,1,7,5.92036,4.14704,2.92731,-0.805878,4.14704,0
3,16,32,2.00993,2.17597,1.7249,-0.805878,2.17597,1
2,4,6,3.00725,5.87316,2.97518,-0.805878,5.87316,1
2,1,6,5.5292,3.96174,2.97518,-0.805878,3.96174,0
2,2,5,5.42806,4.84923,2.97834,-0.805878,4.84923,0
2,1,3,6.253,2.80173,3,-0.805878,2.80173,0
3,3,42,-0.11945,0.391079,-0.0637023,-0.353411,-0.11945,1
3,17,55,-0.251844,0.60943,-3.26052,-0.458097,0.60943,1
3,19,99,-2.96775,-3.09744,-3.41916,-3.35117,-3.09744,0
3,16,99,-2.88665,-2.68438,-3.41916,-3.35117,-2.68438,1
3,15,99,-2.75415,-3.42688,-3.41916,-3.35117,-3.42688,0
3,11,99,-2.95915,-2.13413,-3.41916,-3.35117,-2.13413,1
3,10,99,-3.01505,-1.35869,-3.41916,-3.35117,-1.35869,1
3,9,99,-2.96645,-2.30435,-3.41916,-3.35117,-2.30435,1
3,8,99,-2.43612,-2.42247,-3.41916,-3.35117,-2.42247,1
2,19,35,2.06082,1.45852,1.44812,-0.805878,1.45852,0
3,14,84,-1.59271,-1.40002,-5.35927,-2.00544,-1.40002,1
3,6,99,-1.78307,-0.847053,-3.41916,-3.35117,-0.847053,1
3,5,99,-2.37049,-1.89441,-3.41916,-3.35117,-1.89441,1
2,9,79,-0.491006,0.898,-4.30456,-1.7295,0.898,1
1,4,31,3.86362,3.97471,1.72456,-0.805878,3.97471,1
3,4,99,-1.88058,-0.813932,-3.41916,-3.35117,-0.813932,1
3,2,99,-0.893038,-1.42921,-3.41916,-3.35117,-1.42921,0
3,1,99,0.215105,-1.35711,-3.41916,-3.35117,-1.35711,0
1,10,98,-0.260483,0.154627,-3.41916,-3.12829,0.154627,1
2,1,89,0.147162,0.568757,-5.75042,-2.39784,0.147162,1
1,14,68,-0.365117,0.130274,-4.27007,-1.01066,0.130274,1
2,8,78,-0.558716,-0.571655,-4.65291,-1.66623,-0.571655,0
2,6,94,-0.48107,-0.0397818,-3.41916,-2.55553,-0.0397818,1
2,7,95,-0.144715,-0.650164,-3.41916,-2.85377,-0.650164,0
4,2,6,5.34577,-0.0435823,2.97518,-0.805878,-0.678829,0
4,11,15,-0.479294,-0.479294,2.8676,-0.805878,2.8676,2
1,16,27,2.96055,3.16359,1.79261,-0.805878,3.16359,1
2,4,97,-0.42929,0.255273,-3.41916,-2.81209,0.255273,1
1,4,61,2.1097,2.93372,-3.77303,-0.607646,2.93372,1
2,9,97,-1.10907,-0.907515,-3.41916,-2.81209,-0.907515,1
2,15,41,1.77397,2.66814,0.201755,-0.28101,2.66814,1
2,10,98,-1.35015,-1.01809,-3.41916,-3.12829,-1.01809,1
3,3,43,-0.131782,1.68847,-0.351569,-0.382527,1.68847,1
3,17,52,-0.724502,1.15629,-3.16282,-0.404636,1.15629,1
3,19,98,-2.7167,-2.98155,-3.41916,-3.12829,-2.98155,0
3,16,98,-2.63122,-2.86988,-3.41916,-3.12829,-2.86988,0
3,15,98,-2.86288,-4.00271,-3.41916,-3.12829,-4.00271,0
3,11,98,-2.80955,-1.89238,-3.41916,-3.12829,-1.89238,1
3,10,98,-2.81906,-1.22789,-3.41916,-3.12829,-1.22789,1
3,9,98,-2.76272,-2.16547,-3.41916,-3.12829,-2.16547,1
3,8,98,-2.32622,-2.27686,-3.41916,-3.12829,-2.27686,1
2,19,34,1.77459,2.1878,1.42834,-0.805878,2.1878,1
3,14,85,-1.30148,-1.17356,-5.14185,-2.10808,-1.17356,1
3,6,98,-1.67106,-0.837675,-3.41916,-3.12829,-0.837675,1
3,5,98,-2.23141,-1.84097,-3.41916,-3.12829,-1.84097,1
2,9,78,-0.374856,1.0134,-4.65291,-1.66623,1.0134,1
1,4,30,3.62808,3.94423,1.53923,-0.805878,3.94423,1
3,4,98,-1.82731,-0.759481,-3.41916,-3.12829,-0.759481,1
4,19,83,-4.75214,-4.75214,-5.22327,-1.89942,-1.89942,3
3,19,43,-0.324594,-0.235422,-0.351569,-0.382527,-0.235422,1
3,3,98,-1.25372,-1.31114,-3.41916,-3.12829,-1.31114,0
1,11,48,2.44606,2.15923,-2.02538,-0.386848,2.15923,0
1,8,20,4.40212,4.6017,2.55099,-0.805878,4.6017,1
3,2,98,-0.740966,-1.24863,-3.41916,-3.12829,-1.24863,0
3,1,98,0.221387,-1.33471,-3.41916,-3.12829,-1.33471,0
1,1,97,0.420449,0.286223,-3.41916,-2.81209,0.286223,0
1,10,97,0.0218471,0.323791,-3.41916,-2.81209,0.0218471,1
2,1,88,0.30616,0.729107,-5.55605,-2.24038,0.729107,1
1,14,71,0.803532,0.805315,-4.4203,-1.13959,0.805315,1
2,8,75,-0.0163145,-0.535562,-4.90201,-1.41384,-0.535562,0
2,6,93,-0.253315,0.126015,-3.41916,-2.51688,0.126015,1
2,7,94,-0.0916138,-0.292732,-3.41916,-2.55553,-0.292732,0
2,4,82,-0.320776,0.538171,-5.04662,-1.89873,0.538171,1
1,14,83,0.0795949,0.0319818,-5.22327,-1.89942,0.0319818,0
2,8,95,-0.821266,-1.21443,-3.41916,-2.85377,-1.21443,0
1,4,60,2.15114,2.90085,-3.62281,-0.563066,2.90085,1
2,9,96,-0.996545,-0.753631,-3.41916,-2.99602,-0.753631,1
2,15,42,1.9609,2.67198,-0.0637023,-0.353411,2.67198,1
2,10,97,-1.34789,-0.887364,-3.41916,-2.81209,-0.887364,1
2,2,98,-0.251797,0.017343,-3.41916,-3.12829,0.017343,1
3,3,44,0.114634,0.0633064,-0.646582,-0.45329,0.0633064,0
3,17,41,0.305527,1.15608,0.201755,-0.28101,1.15608,1
3,19,97,-2.53972,-3.09944,-3.41916,-2.81209,-3.09944,0
2,1,93,0.00735357,0.591764,-3.41916,-2.51688,0.591764,1
3,16,97,-2.47517,-2.56919,-3.41916,-2.81209,-2.56919,0
3,15,97,-2.55324,-3.15628,-3.41916,-2.81209,-3.15628,0
3,11,97,-2.68946,-1.7841,-3.41916,-2.81209,-1.7841,1
3,10,97,-2.79987,-1.00241,-3.41916,-2.81209,-1.00241,1
3,9,97,-2.88749,-1.93613,-3.41916,-2.81209,-1.93613,1
3,8,97,-2.20147,-2.09568,-3.41916,-2.81209,-2.09568,1
2,19,33,1.68879,2.11336,1.60775,-0.805878,2.11336,1
3,14,86,-1.94327,-1.28892,-5.61978,-2.01828,-1.28892,1
3,6,97,-1.61805,-0.682009,-3.41916,-2.81209,-0.682009,1
3,5,97,-2.14216,-1.7428,-3.41916,-2.81209,-1.7428,1
2,9,65,0.423267,-0.0202599,-4.11009,-0.783219,-0.0202599,0
1,4,29,3.78359,3.96862,1.67657,-0.805878,3.96862,1
3,4,97,-1.79291,-0.618056,-3.41916,-2.81209,-0.618056,1
1,11,63,0.272604,0.811603,-4.03562,-0.692524,0.272604,1
1,8,27,4.29252,4.7271,1.79261,-0.805878,4.7271,1
3,2,97,-0.7292,-1.09435,-3.41916,-2.81209,-1.09435,0
1,1,96,0.391895,0.400011,-3.41916,-2.99602,0.400011,1
1,10,96,0.0376619,0.447368,-3.41916,-2.99602,0.447368,1
1,14,70,0.0629422,0.39897,-4.23657,-1.06699,0.39897,1
2,8,76,0.239622,-0.131452,-4.75214,-1.45125,-0.131452,0
2,6,92,-0.163094,0.228961,-6.43894,-2.39982,0.228961,1
2,7,93,0.0638255,-0.289298,-3.41916,-2.51688,-0.289298,0
3,13,99,-2.63592,-3.08733,-3.41916,-3.35117,-3.08733,0
1,6,97,0.0138361,0.318125,-3.41916,-2.81209,0.318125,1
1,5,97,0.32283,0.383585,-3.41916,-2.81209,0.383585,1
4,2,52,0.0527342,0.671181,-3.16282,-0.404636,-0.189318,1
1,16,53,1.19426,1.92497,-3.24637,-0.595251,1.92497,1
2,4,83,0.279055,0.675113,-5.22327,-1.89942,0.675113,1
1,14,84,-0.241787,-0.0146105,-5.35927,-2.00544,-0.0146105,1
2,6,78,0.554762,1.01053,-4.65291,-1.66623,1.01053,1
2,8,94,-0.644583,-1.0508,-3.41916,-2.55553,-1.0508,0
2,15,43,1.84888,2.95028,-0.351569,-0.382527,2.95028,1
2,10,96,-1.19689,-0.800627,-3.41916,-2.99602,-0.800627,1
2,2,99,-0.461481,-0.0143031,-3.41916,-3.35117,-0.0143031,1
3,3,45,0.833617,0.201357,-0.989663,-0.351506,0.201357,0
3,17,54,-0.124774,0.708469,-3.28628,-0.56961,0.708469,1
3,19,96,-2.39538,-2.84508,-3.41916,-2.99602,-2.84508,0
2,1,92,0.0744384,0.557161,-6.43894,-2.39982,0.557161,1
3,16,96,-2.54616,-2.48575,-3.41916,-2.99602,-2.48575,1
4,7,13,-0.496319,-0.247152,2.91513,-0.805878,2.91513,2
3,15,96,-2.33779,-3.17913,-3.41916,-2.99602,-3.17913,0
3,11,96,-2.52705,-1.70442,-3.41916,-2.99602,-1.70442,1
3,10,96,-2.6293,-1.12576,-3.41916,-2.99602,-1.12576,1
3,9,96,-2.55746,-2.11109,-3.41916,-2.99602,-2.11109,1
3,8,96,-2.07135,-2.45698,-3.41916,-2.99602,-2.45698,0
2,19,32,2.98765,3.04022,1.7249,-0.805878,3.04022,1
3,14,87,-2.46301,-1.57083,-5.60239,-2.09737,-1.57083,1
3,6,96,-1.54553,-0.614158,-3.41916,-2.99602,-0.614158,1
3,5,96,-2.00017,-1.60125,-3.41916,-2.99602,-1.60125,1
2,9,64,0.220261,-0.280724,-3.84075,-0.813937,-0.280724,0
1,4,28,4.04071,4.18331,1.70711,-0.805878,4.18331,1
3,4,96,-1.74244,-0.648109,-3.41916,-2.99602,-0.648109,1
1,11,62,0.593001,1.21394,-3.86868,-0.735614,0.593001,1
1,8,26,4.46502,4.72494,2.08517,-0.805878,4.72494,1
3,2,96,-0.670416,-1.16831,-3.41916,-2.99602,-1.16831,0
2,2,87,0.582544,0.758287,-5.60239,-2.09737,0.758287,1
1,14,73,0.599176,0.363961,-4.58061,-1.30758,0.363961,0
2,8,73,-0.107866,-0.352371,-4.58061,-1.30758,-0.352371,0
2,6,91,-0.0876775,0.217895,-6.29331,-2.45927,0.217895,1
2,7,92,0.105646,-0.122629,-6.43894,-2.39982,-0.122629,0
2,16,98,-2.08539,-1.7281,-3.41916,-3.12829,-2.08539,1
3,13,98,-2.48925,-2.90884,-3.41916,-3.12829,-2.48925,0
2,9,32,2.57541,2.65206,1.7249,-0.805878,2.65206,1
2,3,26,4.42797,3.91419,2.08517,-0.805878,3.91419,0
4,6,17,-0.64769,5.1834,2.67763,-0.805878,2.67763,1
3,12,97,-2.52455,-2.11968,-3.41916,-2.81209,-2.11968,1
3,3,22,3.54631,3.91792,2.39276,-0.805878,3.91792,1
3,17,51,-0.252764,1.18863,-3.03783,-0.448822,1.18863,1
3,19,95,-2.32299,-2.72128,-3.41916,-2.85377,-2.72128,0
3,18,95,-2.18027,-2.69317,-3.41916,-2.85377,-2.18027,0
3,16,95,-2.32737,-2.38883,-3.41916,-2.85377,-2.38883,0
4,7,60,0.303373,0.285871,-3.62281,-0.563066,-0.563066,0
3,15,95,-2.15028,-3.09442,-3.41916,-2.85377,-3.09442,0
3,6,95,-1.5007,-0.624718,-3.41916,-2.85377,-0.624718,1
1,9,92,0.0396699,0.883158,-6.43894,-2.39982,0.883158,1
1,18,76,0.201852,-0.193232,-4.75214,-1.45125,-0.193232,0
2,18,52,0.273722,0.666418,-3.16282,-0.404636,0.666418,1
3,5,95,-1.99523,-1.43488,-3.41916,-2.85377,-1.43488,1
2,9,19,4.31243,4.63981,2.73033,-0.805878,4.31243,1
1,4,43,2.3649,3.1483,-0.351569,-0.382527,3.1483,1
3,4,95,-1.59797,-0.572354,-3.41916,-2.85377,-0.572354,1
2,2,86,1.09254,0.718476,-5.61978,-2.01828,0.718476,0
1,14,72,1.01291,0.837528,-4.69937,-1.21867,0.837528,0
2,8,74,-0.0721474,-0.883983,-4.86797,-1.45906,-0.883983,0
2,6,90,0.104805,0.465796,-6.05291,-2.36134,0.465796,1
2,7,91,0.320449,0.00705009,-6.29331,-2.45927,0.00705009,0
2,16,99,-2.33154,-1.83291,-3.41916,-3.35117,-1.83291,1
3,13,97,-2.38911,-2.81128,-3.41916,-2.81209,-2.81128,0
3,16,94,-2.2492,-3.07424,-3.41916,-2.55553,-2.2492,0
4,7,63,-0.118996,-0.024879,-4.03562,-0.692524,-0.692524,1
3,15,94,-2.04542,-2.98518,-3.41916,-2.55553,-2.98518,0
1,19,33,3.20367,3.04863,1.60775,-0.805878,3.04863,0
3,10,94,-2.47806,-0.813483,-3.41916,-2.55553,-0.813483,1
3,6,94,-1.90607,-0.365811,-3.41916,-2.55553,-0.365811,1
1,9,93,0.226522,1.09925,-3.41916,-2.51688,1.09925,1
1,18,79,-0.139573,-0.19107,-4.30456,-1.7295,-0.19107,0
2,18,53,0.400421,0.514916,-3.24637,-0.595251,0.514916,1
3,5,94,-1.93449,-1.41829,-3.41916,-2.55553,-1.41829,1
2,9,18,3.53508,4.58665,2.65786,-0.805878,4.58665,1
1,4,42,2.58204,3.30743,-0.0637023,-0.353411,3.30743,1
3,4,94,-1.46305,-0.445783,-3.41916,-2.55553,-0.445783,1
2,2,85,0.847773,0.750183,-5.14185,-2.10808,0.847773,0
1,14,75,0.58475,0.690506,-4.90201,-1.41384,0.690506,1
2,8,55,0.306761,2.18049,-3.26052,-0.458097,2.18049,1
2,6,89,-0.0907149,-0.00349175,-5.75042,-2.39784,-0.00349175,1
2,7,90,0.117184,0.00529918,-6.05291,-2.36134,0.00529918,0
2,16,96,-1.96719,-1.4426,-3.41916,-2.99602,-1.4426,1
3,13,96,-2.28507,-2.89287,-3.41916,-2.99602,-2.89287,0
1,16,66,0.123925,0.787398,-4.06104,-0.806488,0.787398,1
1,5,42,2.78799,3.23562,-0.0637023,-0.353411,3.23562,1
1,6,40,3.50425,3.79988,0.424054,-0.32524,3.79988,1
4,12,38,-1.89425,-1.84089,0.671689,-0.230343,0.671689,2
2,3,88,0.338969,0.41568,-5.55605,-2.24038,0.41568,1
4,14,76,-4.38821,-2.33586,-4.75214,-1.45125,-1.45125,3
4,6,83,-4.75214,-4.65247,-5.22327,-1.89942,-1.89942,3
3,12,95,-2.32965,-2.00551,-3.41916,-2.85377,-2.00551,1
4,7,62,-0.00370174,0.201247,-3.86868,-0.735614,-3.86868,1
3,15,93,-2.49342,-2.90018,-3.41916,-2.51688,-2.90018,0
3,6,93,-1.34962,-0.447898,-3.41916,-2.51688,-0.447898,1
3,5,93,-3.25341,-1.5151,-3.41916,-2.51688,-1.5151,1
2,9,21,3.71337,3.16459,2.59473,-0.805878,3.16459,0
1,4,41,2.5965,3.32635,0.201755,-0.28101,3.32635,1
3,4,93,-1.44367,-0.453023,-3.41916,-2.51688,-0.453023,1
1,14,74,0.703337,0.728527,-4.86797,-1.45906,0.728527,1
2,8,72,-0.388286,-0.34809,-4.69937,-1.21867,-0.34809,1
2,6,88,0.0500153,0.480184,-5.55605,-2.24038,0.480184,1
2,7,89,0.201045,0.036197,-5.75042,-2.39784,0.036197,0
2,16,97,-1.95578,-1.46244,-3.41916,-2.81209,-1.46244,1
3,13,95,-2.24321,-2.78147,-3.41916,-2.85377,-2.78147,0
1,16,77,-0.10723,0.328779,-4.67517,-1.58996,0.328779,1
1,5,41,3.68012,3.29174,0.201755,-0.28101,3.29174,0
1,6,41,3.39303,3.88276,0.201755,-0.28101,3.88276,1
4,12,41,-2.08792,-0.165997,0.201755,-0.28101,0.201755,2
2,3,91,-0.0295168,0.179769,-6.29331,-2.45927,0.179769,1
4,14,77,-4.23657,-2.20448,-4.67517,-1.58996,-1.58996,3
4,6,82,-4.90201,-4.5176,-5.04662,-1.89873,-1.89873,3
3,12,94,-2.29119,-1.83022,-3.41916,-2.55553,-1.83022,1
4,7,57,0.584831,0.0809298,-3.55909,-0.534181,-0.0215887,0
3,15,92,-2.43099,-2.81639,-6.43894,-2.39982,-2.81639,3
3,6,92,-1.20848,-0.257726,-6.43894,-2.39982,-0.257726,1
3,5,92,-1.8338,-1.19052,-6.43894,-2.39982,-1.19052,1
2,9,20,4.6547,3.90019,2.55099,-0.805878,3.90019,0
1,4,40,2.97366,3.37327,0.424054,-0.32524,3.37327,1
3,4,92,-1.65851,-0.301606,-6.43894,-2.39982,-0.301606,1
3,7,96,-1.17877,-1.40498,-3.41916,-2.99602,-1.40498,0
3,1,92,0.413152,-0.767979,-6.43894,-2.39982,-0.767979,0
2,2,83,1.27256,1.0208,-5.22327,-1.89942,1.0208,0
1,14,77,0.328577,0.35707,-4.67517,-1.58996,0.35707,1
2,8,53,0.58291,2.33962,-3.24637,-0.595251,2.33962,1
2,6,87,0.285833,0.655298,-5.60239,-2.09737,0.655298,1
2,7,88,0.47789,0.200647,-5.55605,-2.24038,0.200647,0
3,13,94,-2.07626,-2.67533,-3.41916,-2.55553,-2.67533,0
1,5,84,0.759198,0.81644,-5.35927,-2.00544,0.759198,1
1,16,64,0.211004,1.01778,-3.84075,-0.813937,1.01778,1
1,6,42,3.01089,3.64141,-0.0637023,-0.353411,3.64141,1
4,12,36,-1.77946,-1.72768,1.45696,0.264588,1.45696,2
2,3,94,0.00448981,0.133786,-3.41916,-2.55553,0.133786,1
4,14,78,-4.4203,-2.36024,-4.65291,-1.66623,-1.66623,3
3,12,93,-1.9483,-1.74755,-3.41916,-2.51688,-1.74755,1
4,7,56,0.697074,0.0708248,-3.43957,-0.474568,-0.474568,0
3,15,91,-1.90536,-2.78442,-6.29331,-2.45927,-2.78442,0
4,18,97,-6.05291,-6.05291,-3.41916,-2.81209,-2.81209,3
3,13,91,-3.00056,-2.44177,-6.29331,-2.45927,-2.44177,1
3,6,7,4.29253,3.54337,2.92731,-0.805878,3.54337,0
2,19,31,3.18945,3.15959,1.72456,-0.805878,3.15959,0
3,11,91,-2.12341,-1.40679,-6.29331,-2.45927,-1.40679,1
3,6,91,-1.15079,-0.317592,-6.29331,-2.45927,-0.317592,1
1,9,88,0.415423,1.02091,-5.55605,-2.24038,1.02091,1
1,18,72,0.358319,-0.239254,-4.69937,-1.21867,-0.239254,0
2,18,56,0.0254197,0.0451555,-3.43957,-0.474568,0.0451555,1
3,5,91,-1.73363,-1.08048,-6.29331,-2.45927,-1.08048,1
2,9,23,2.99437,2.52437,2.09672,-0.805878,2.52437,0
1,4,39,3.3156,3.90266,0.982003,-0.317489,3.90266,1
3,4,91,-1.40476,-0.322574,-6.29331,-2.45927,-0.322574,1
3,2,91,-0.368886,-0.836199,-6.29331,-2.45927,-0.836199,0
3,1,91,0.604185,-0.759908,-6.29331,-2.45927,-0.759908,0
2,2,82,1.26281,1.15488,-5.04662,-1.89873,1.15488,0
1,14,76,0.328931,0.713987,-4.75214,-1.45125,0.713987,1
2,8,54,0.19046,2.27033,-3.28628,-0.56961,2.27033,1
2,6,86,0.320079,0.623183,-5.61978,-2.01828,0.623183,1
2,7,87,0.568003,0.271345,-5.60239,-2.09737,0.271345,0
3,13,93,-2.03364,-2.93,-3.41916,-2.51688,-2.93,0
1,16,67,-0.0565571,0.601486,-4.33476,-0.933887,0.601486,1
1,5,43,2.93162,3.01255,-0.351569,-0.382527,3.01255,1
1,6,43,2.47743,3.53685,-0.351569,-0.382527,3.53685,1
4,12,39,-1.93459,0.263355,0.982003,-0.317489,-0.317489,2
2,3,89,0.322595,0.508605,-5.75042,-2.39784,0.508605,1
4,14,79,-4.69937,-2.62113,-4.30456,-1.7295,-1.7295,3
3,12,92,-1.74453,-1.69891,-6.43894,-2.39982,-1.69891,1
4,18,96,-5.75042,-5.75042,-3.41916,-2.99602,-2.99602,3
3,13,90,-1.77256,-2.35147,-6.05291,-2.36134,-2.35147,0
2,19,28,4.20261,4.07436,1.70711,-0.805878,4.07436,0
3,11,90,-2.14536,-1.14755,-6.05291,-2.36134,-1.14755,1
1,19,45,0.220409,2.90686,-0.989663,-0.351506,2.90686,1
3,10,90,-2.16172,-0.642426,-6.05291,-2.36134,-0.642426,1
3,6,90,-1.11708,-0.254388,-6.05291,-2.36134,-0.254388,1
1,9,89,0.344619,0.912739,-5.75042,-2.39784,0.912739,1
1,18,75,0.0153756,-0.358128,-4.90201,-1.41384,-0.358128,0
2,18,57,-0.0293296,0.0178585,-3.55909,-0.534181,0.0178585,1
3,5,90,-1.62713,-0.991583,-6.05291,-2.36134,-0.991583,1
2,9,22,3.00765,3.10498,2.39276,-0.805878,3.10498,1
1,4,38,4.05153,4.17232,0.671689,-0.230343,4.17232,1
3,4,90,-1.35185,-0.15988,-6.05291,-2.36134,-0.15988,1
3,1,90,0.559114,-0.680129,-6.05291,-2.36134,-0.680129,0
1,14,79,0.204834,0.348445,-4.30456,-1.7295,0.204834,1
2,8,51,0.466456,1.53546,-3.03783,-0.448822,0.466456,1
2,6,85,0.0858037,0.653405,-5.14185,-2.10808,0.653405,1
2,7,86,0.764782,0.405077,-5.61978,-2.01828,0.405077,0
3,13,92,-1.99667,-2.59003,-6.43894,-2.39982,-2.59003,0
2,4,90,-0.0284996,0.724621,-6.05291,-2.36134,0.724621,1
2,8,87,-0.0190518,-0.399626,-5.60239,-2.09737,-0.399626,0
1,5,86,0.86343,0.82024,-5.61978,-2.01828,0.86343,0
1,16,70,-0.176159,0.417423,-4.23657,-1.06699,0.417423,1
1,6,52,3.34301,2.73489,-3.16282,-0.404636,2.73489,0
4,12,34,-1.65275,-1.60173,1.42834,-0.805878,-0.805878,2
2,3,92,0.0734044,0.156325,-6.43894,-2.39982,0.156325,1
4,14,72,-4.11009,-2.00226,-4.69937,-1.21867,-1.21867,3
3,12,91,-1.64143,-1.70872,-6.29331,-2.45927,-1.70872,0
4,18,99,-6.43894,-6.43894,-3.41916,-3.35117,-3.35117,3
3,13,89,-1.81054,-2.24921,-5.75042,-2.39784,-2.24921,0
1,5,80,0.94469,1.02539,-4.82344,-1.66435,0.94469,1
1,16,68,-0.397434,0.38677,-4.27007,-1.01066,0.38677,1
1,6,54,3.33951,2.69029,-3.28628,-0.56961,2.69029,0
3,6,49,0.882584,1.12161,-2.3856,-0.416188,1.12161,1
3,14,38,1.66419,1.28082,0.671689,-0.230343,1.28082,0
2,19,81,-1.58843,-2.87635,-4.70389,-1.77463,-2.87635,0
4,12,32,-1.51638,-1.51638,1.7249,-0.805878,1.7249,2
2,3,82,0.998853,0.110094,-5.04662,-1.89873,0.110094,0
4,14,74,-4.33476,-2.24371,-4.86797,-1.45906,-1.45906,3
3,12,89,-2.48157,-1.48907,-5.75042,-2.39784,-1.48907,1
3,11,89,-2.3458,-1.61211,-5.75042,-2.39784,-1.61211,1
1,19,46,0.642133,3.01813,-1.27338,-0.395639,3.01813,1
3,10,89,-2.15824,-0.644216,-5.75042,-2.39784,-0.644216,1
3,6,89,-0.608594,-0.929275,-5.75042,-2.39784,-0.929275,0
1,9,94,0.0659748,0.848637,-3.41916,-2.55553,0.848637,1
1,18,74,0.303597,-0.114735,-4.86797,-1.45906,-0.114735,0
2,18,58,-0.127771,0.0705378,-3.5329,-0.497556,0.0705378,1
3,5,89,-1.60045,-0.996209,-5.75042,-2.39784,-0.996209,1
1,4,37,3.88432,4.39995,0.962271,-0.077702,4.39995,1
3,4,89,-1.21933,-0.10608,-5.75042,-2.39784,-0.10608,1
1,14,78,0.388071,0.457895,-4.65291,-1.66623,0.457895,1
2,8,52,0.615159,2.65404,-3.16282,-0.404636,2.65404,1
2,6,84,-0.403368,0.469816,-5.35927,-2.00544,0.469816,1
2,7,85,0.52074,-0.408126,-5.14185,-2.10808,-0.408126,0
2,4,91,-0.0435523,0.648159,-6.29331,-2.45927,0.648159,1
2,8,86,-0.352163,-0.648453,-5.61978,-2.01828,-0.648453,0
1,5,85,0.821772,0.718598,-5.14185,-2.10808,0.718598,0
1,16,65,-0.0464888,0.589298,-4.11009,-0.783219,-0.0464888,1
1,6,53,3.43242,2.83963,-3.24637,-0.595251,2.83963,0
4,12,37,-1.84662,-1.79157,0.962271,-0.077702,-0.077702,2
2,3,95,-0.0474275,0.0616292,-3.41916,-2.85377,0.0616292,1
4,14,73,-4.06104,-1.98862,-4.58061,-1.30758,-1.30758,3
3,12,90,-2.59258,-2.05704,-6.05291,-2.36134,-2.05704,1
1,5,87,0.926814,1.02077,-5.60239,-2.09737,0.926814,1
1,16,71,0.184223,0.66014,-4.4203,-1.13959,0.66014,1
1,6,55,3.01743,2.48003,-3.26052,-0.458097,3.01743,0
4,12,35,-1.73068,-1.67875,1.44812,-0.805878,1.44812,2
2,3,93,0.0609451,0.194321,-3.41916,-2.51688,0.194321,1
4,14,75,-4.27007,-2.15535,-4.90201,-1.41384,-1.41384,3
3,12,88,-1.45472,-1.38983,-5.55605,-2.24038,-1.38983,1
3,6,88,-1.07433,-0.130874,-5.55605,-2.24038,-0.130874,1
1,4,36,4.17003,4.21341,1.45696,0.264588,4.21341,1
3,4,88,-1.0805,-0.0612411,-5.55605,-2.24038,-0.0612411,1
2,2,79,1.19467,1.19972,-4.30456,-1.7295,1.19972,1
2,8,49,1.3169,3.04908,-2.3856,-0.416188,3.04908,1
1,14,49,2.69613,2.18504,-2.3856,-0.416188,2.18504,0
2,6,83,0.061073,0.716181,-5.22327,-1.89942,0.716181,1
2,7,84,0.850165,-0.330737,-5.35927,-2.00544,-0.330737,0
2,4,84,0.296082,0.73087,-5.35927,-2.00544,0.73087,1
2,8,85,-0.334815,-0.717,-5.14185,-2.10808,-0.717,0
3,16,93,-2.17895,-2.70207,-3.41916,-2.51688,-2.70207,0
3,6,6,3.63688,5.60183,2.97518,-0.805878,5.60183,1
2,19,30,2.91553,3.52933,1.53923,-0.805878,3.52933,1
3,11,88,-1.98719,-1.35224,-5.55605,-2.24038,-1.35224,1
1,19,40,2.34194,2.20657,0.424054,-0.32524,2.20657,0
3,10,87,-1.92239,-0.456854,-5.60239,-2.09737,-0.456854,1
3,14,64,-0.133932,-0.880433,-3.84075,-0.813937,-0.880433,0
3,6,87,-0.533134,-0.0723415,-5.60239,-2.09737,-0.0723415,1
3,4,87,-1.39616,-0.0685924,-5.60239,-2.09737,-0.0685924,1
2,2,78,1.55921,1.2989,-4.65291,-1.66623,1.2989,0
1,14,48,2.88975,2.29551,-2.02538,-0.386848,2.29551,0
2,8,50,1.36952,3.00224,-2.70986,-0.510597,3.00224,1
2,6,82,0.303645,0.688103,-5.04662,-1.89873,0.303645,1
2,7,83,0.817163,-0.71924,-5.22327,-1.89942,-0.71924,0
2,4,85,0.243167,0.639624,-5.14185,-2.10808,0.639624,1
2,8,84,0.1178,-0.369682,-5.35927,-2.00544,-0.369682,0
3,16,92,-2.52021,-2.82134,-6.43894,-2.39982,-2.82134,3
3,14,65,-0.121191,-0.792653,-4.11009,-0.783219,-0.792653,0
3,6,86,-0.584105,-0.0628399,-5.61978,-2.01828,-0.0628399,1
3,4,86,-0.998558,0.0424772,-5.61978,-2.01828,0.0424772,1
2,2,77,1.51191,1.30542,-4.67517,-1.58996,1.30542,0
4,18,98,-6.29331,-6.29331,-3.41916,-3.12829,-3.12829,3
3,13,88,-1.77322,-2.184,-5.55605,-2.24038,-2.184,0
3,18,98,-2.76048,-2.44022,-3.41916,-3.12829,-2.76048,1
2,11,16,4.45769,4.3344,2.59926,-0.805878,4.3344,0
3,3,51,1.45947,-0.214568,-3.03783,-0.448822,-0.214568,0
4,19,98,-6.29331,-6.29331,-3.41916,-3.12829,-3.12829,3
3,17,92,-2.14911,-1.93648,-6.43894,-2.39982,-1.93648,1
3,3,23,3.45751,3.73815,2.09672,-0.805878,3.73815,1
3,17,48,-0.391244,-0.504091,-2.02538,-0.386848,-0.504091,3
3,19,94,-2.29646,-2.65595,-3.41916,-2.55553,-2.29646,0
4,2,40,0.0203415,1.857,0.424054,-0.32524,0.424054,1
1,16,49,2.26319,2.3917,-2.3856,-0.416188,2.3917,1
1,14,88,-0.867807,0.0783185,-5.55605,-2.24038,0.0783185,1
2,6,74,0.337794,1.06763,-4.86797,-1.45906,1.06763,1
2,8,90,-0.430343,-0.800275,-6.05291,-2.36134,-0.800275,0
2,4,79,0.41295,0.970502,-4.30456,-1.7295,0.970502,1
4,20,51,-2.78547,-2.49882,-3.03783,-0.448822,-0.448822,3
2,5,80,0.40628,0.358155,-4.82344,-1.66435,0.358155,0
1,14,51,1.6444,1.4194,-3.03783,-0.448822,1.4194,0
2,8,63,0.00224985,1.45233,-4.03562,-0.692524,1.45233,1
2,6,81,0.236265,0.849926,-4.70389,-1.77463,0.849926,1
2,7,82,0.93393,-0.227063,-5.04662,-1.89873,-0.227063,0
2,4,86,0.193198,0.870384,-5.61978,-2.01828,0.870384,1
2,8,83,-0.0974005,-0.387671,-5.22327,-1.89942,-0.387671,0
3,16,91,-2.11134,-2.37705,-6.29331,-2.45927,-2.11134,0
1,16,90,-0.343034,-0.773817,-6.05291,-2.36134,-0.343034,0
1,5,82,0.843352,0.936999,-5.04662,-1.89873,0.936999,1
1,6,48,2.07843,2.6945,-2.02538,-0.386848,2.6945,1
3,6,51,0.276917,-0.310447,-3.03783,-0.448822,-0.310447,0
3,14,36,1.54873,1.70322,1.45696,0.264588,1.70322,1
2,19,83,-1.13935,-2.60398,-5.22327,-1.89942,-2.60398,0
2,3,80,1.04699,0.22789,-4.82344,-1.66435,0.22789,0
4,14,68,-3.77303,-3.7828,-4.27007,-1.01066,-1.01066,3
3,12,87,-1.86177,-1.3567,-5.60239,-2.09737,-1.3567,1
4,7,59,0.360133,0.330904,-3.59803,-0.651593,-3.59803,0
3,15,90,-2.06049,-2.68018,-6.05291,-2.36134,-2.68018,0
1,19,42,2.27102,1.97644,-0.0637023,-0.353411,1.97644,0
3,10,85,-1.27836,-1.18316,-5.14185,-2.10808,-1.18316,1
3,9,85,-0.289323,-1.52186,-5.14185,-2.10808,-1.52186,0
3,14,66,-0.551152,-0.845325,-4.06104,-0.806488,-0.845325,0
3,6,85,-0.98516,0.386997,-5.14185,-2.10808,0.386997,1
3,4,85,-1.25109,0.578493,-5.14185,-2.10808,0.578493,1
3,14,67,0.141352,-0.947563,-4.33476,-0.933887,-0.947563,0
3,6,84,-1.67298,0.275554,-5.35927,-2.00544,0.275554,1
3,4,84,-1.721,0.746961,-5.35927,-2.00544,0.746961,1
2,19,51,0.592424,1.56985,-3.03783,-0.448822,1.56985,1
3,14,68,-0.297446,-1.13611,-4.27007,-1.01066,-1.13611,0
3,6,83,-1.31907,0.428187,-5.22327,-1.89942,0.428187,1
3,5,83,-1.71252,-0.301136,-5.22327,-1.89942,-0.301136,1
2,9,31,2.74068,2.90802,1.72456,-0.805878,2.90802,1
1,4,47,3.02328,3.08232,-1.66582,-0.377744,3.08232,1
3,4,83,-1.22585,0.422105,-5.22327,-1.89942,0.422105,1
2,19,50,0.00658392,1.66217,-2.70986,-0.510597,1.66217,1
3,14,69,-0.672981,-1.16664,-4.38821,-0.937499,-1.16664,0
3,6,82,-1.08505,0.519759,-5.04662,-1.89873,0.519759,1
3,5,82,-1.38508,-0.505123,-5.04662,-1.89873,-0.505123,1
2,9,30,2.57234,2.82934,1.53923,-0.805878,2.82934,1
1,4,46,2.81541,2.79326,-1.27338,-0.395639,2.79326,0
3,4,82,-1.09484,0.454178,-5.04662,-1.89873,0.454178,1
2,19,49,0.0876213,1.81746,-2.3856,-0.416188,1.81746,1
3,14,70,-0.421857,-1.09693,-4.23657,-1.06699,-1.09693,0
3,6,81,-0.991031,0.587545,-4.70389,-1.77463,0.587545,1
3,5,81,-1.99471,0.447446,-4.70389,-1.77463,0.447446,1
2,9,17,4.2216,4.8883,2.67763,-0.805878,4.8883,1
1,4,45,2.84059,3.17289,-0.989663,-0.351506,3.17289,1
3,4,81,-1.05899,0.949131,-4.70389,-1.77463,0.949131,1
3,5,80,-1.26036,0.110571,-4.82344,-1.66435,0.110571,1
2,9,16,4.21594,4.39813,2.59926,-0.805878,4.39813,1
1,4,44,2.71752,3.46633,-0.646582,-0.45329,3.46633,1
3,4,80,-1.45561,0.927403,-4.82344,-1.66435,0.927403,1
3,4,79,-0.972883,0.970348,-4.30456,-1.7295,0.970348,1
3,17,72,-1.48984,-1.40249,-4.69937,-1.21867,-1.40249,3
3,3,79,-0.185866,-1.08828,-4.30456,-1.7295,-1.08828,0
3,17,75,-1.70463,-1.33054,-4.90201,-1.41384,-1.33054,1
3,3,78,-0.312803,-0.89237,-4.65291,-1.66623,-0.89237,0
2,4,30,2.6816,3.20659,1.53923,-0.805878,3.20659,1
3,16,56,-0.446761,0.695106,-3.43957,-0.474568,0.695106,1
2,4,16,4.91753,4.7063,2.59926,-0.805878,4.7063,0
3,16,54,-0.528911,0.697648,-3.28628,-0.56961,0.697648,1
2,4,19,4.95307,4.47352,2.73033,-0.805878,4.47352,0
3,16,53,-0.832923,0.91319,-3.24637,-0.595251,0.91319,1
2,4,18,3.65908,5.04767,2.65786,-0.805878,3.65908,1
3,16,52,-0.172766,0.837206,-3.16282,-0.404636,0.837206,1
3,3,41,1.08489,0.540189,0.201755,-0.28101,0.540189,0
3,19,92,-2.21003,-2.5199,-6.43894,-2.39982,-2.5199,0
3,17,50,-0.448722,-0.706462,-2.70986,-0.510597,-0.706462,0
3,3,20,4.02503,4.36212,2.55099,-0.805878,4.36212,1
3,19,89,-2.21596,-2.59978,-5.75042,-2.39784,-2.59978,0
3,17,49,-0.396966,-0.561024,-2.3856,-0.416188,-0.561024,0
2,11,83,-0.251771,0.193612,-5.22327,-1.89942,0.193612,1
3,18,47,0.240323,1.28763,-1.66582,-0.377744,1.28763,1
3,3,34,3.77508,3.31964,1.42834,-0.805878,3.31964,0
3,17,47,-0.364625,-0.335702,-1.66582,-0.377744,-0.335702,1
4,7,76,-4.38821,-4.06888,-4.75214,-1.45125,-1.45125,3
3,15,47,-0.013386,0.265112,-1.66582,-0.377744,0.265112,1
3,3,37,3.59981,2.70869,0.962271,-0.077702,2.70869,0
3,17,46,-0.424465,-0.327313,-1.27338,-0.395639,-0.327313,1
4,7,79,-4.69937,-4.48669,-4.30456,-1.7295,-1.7295,3
3,15,46,-0.328624,0.333361,-1.27338,-0.395639,0.333361,1
2,19,89,-2.07455,-2.16074,-5.75042,-2.39784,-2.16074,0
3,14,46,0.304667,1.54707,-1.27338,-0.395639,1.54707,1
2,1,97,-0.130587,0.286223,-3.41916,-2.81209,0.286223,1
2,4,11,5.19938,5.75323,2.80572,-0.805878,5.19938,1
3,16,45,0.315248,-0.0514238,-0.989663,-0.351506,-0.0514238,0
4,7,78,-4.4203,-4.21074,-4.65291,-1.66623,-1.66623,3
3,15,45,0.733507,0.607751,-0.989663,-0.351506,0.607751,0
2,19,90,-1.63413,-2.04708,-6.05291,-2.36134,-2.04708,0
3,14,45,0.324468,1.74043,-0.989663,-0.351506,1.74043,1
3,3,35,3.65359,3.08828,1.44812,-0.805878,3.08828,0
3,17,44,0.0504976,0.500921,-0.646582,-0.45329,0.500921,1
2,1,96,-0.0776187,0.400011,-3.41916,-2.99602,0.400011,1
2,4,10,4.09085,5.43335,2.9161,-0.805878,5.43335,1
3,16,44,2.60067,0.112878,-0.646582,-0.45329,0.112878,0
4,7,73,-4.06104,-3.89304,-4.58061,-1.30758,-1.30758,3
3,15,44,0.102602,0.738477,-0.646582,-0.45329,0.738477,1
2,19,91,-1.55379,-1.914,-6.29331,-2.45927,-1.914,0
3,14,44,0.921032,1.56421,-0.646582,-0.45329,1.56421,1
2,4,13,4.25664,5.22296,2.91513,-0.805878,5.22296,1
3,16,43,2.34257,-0.00562416,-0.351569,-0.382527,-0.00562416,0
2,19,84,-1.25966,-2.65041,-5.35927,-2.00544,-2.65041,0
3,14,43,1.19351,1.58831,-0.351569,-0.382527,1.58831,1
2,19,85,-1.59504,-2.90784,-5.14185,-2.10808,-2.90784,0
3,14,42,1.27628,1.73683,-0.0637023,-0.353411,1.73683,1
2,2,42,2.69945,2.65829,-0.0637023,-0.353411,2.65829,0
4,19,81,-4.86797,-4.86797,-4.70389,-1.77463,-1.77463,3
3,17,97,-2.49463,-2.3152,-3.41916,-2.81209,-2.49463,1
3,19,41,-0.130999,-0.132073,0.201755,-0.28101,-0.132073,2
2,19,86,-1.17605,-1.55507,-5.61978,-2.01828,-1.55507,0
3,14,41,0.891357,1.74381,0.201755,-0.28101,1.74381,1
2,11,86,-0.254805,-0.750107,-5.61978,-2.01828,-0.750107,0
4,2,88,-4.70389,-4.70389,-5.55605,-2.24038,-2.24038,3
3,18,40,0.254514,1.14224,0.424054,-0.32524,1.14224,1
2,19,87,-1.14096,-1.5829,-5.60239,-2.09737,-1.5829,0
3,14,40,1.3763,1.41171,0.424054,-0.32524,1.41171,1
2,2,32,4.00872,4.17355,1.7249,-0.805878,4.17355,1
4,19,87,-4.82344,-4.82344,-5.60239,-2.09737,-2.09737,3
3,19,39,1.45622,-0.11605,0.982003,-0.317489,-0.11605,0
2,11,25,3.13821,3.94617,2.04479,-0.805878,3.94617,1
3,3,58,-0.560519,-0.874903,-3.5329,-0.497556,-0.874903,3
3,17,39,0.953125,1.19028,0.982003,-0.317489,1.19028,1
3,6,48,1.01403,1.04612,-2.02538,-0.386848,1.04612,1
2,19,80,-1.126,-2.73807,-4.82344,-1.66435,-2.73807,0
3,14,39,1.18496,1.75244,0.982003,-0.317489,1.75244,1
2,2,33,3.7795,3.73093,1.60775,-0.805878,3.73093,0
4,19,86,-4.30456,-4.30456,-5.61978,-2.01828,-2.01828,3
3,19,38,1.63179,0.611205,0.671689,-0.230343,0.611205,0
2,11,26,3.53581,3.81366,2.08517,-0.805878,3.81366,1
3,3,61,0.292769,-0.559603,-3.77303,-0.607646,-0.559603,0
3,17,38,1.53927,2.00657,0.671689,-0.230343,1.53927,1
1,10,30,4.00953,4.72755,1.53923,-0.805878,4.72755,1
3,20,37,1.49357,1.04935,0.962271,-0.077702,1.04935,0
3,6,50,0.91336,1.34681,-2.70986,-0.510597,1.34681,1
2,19,82,-1.43166,-2.70602,-5.04662,-1.89873,-2.70602,0
3,14,37,1.7657,1.43133,0.962271,-0.077702,1.43133,0
2,2,36,4.05971,3.86202,1.45696,0.264588,3.86202,0
4,19,91,-5.35927,-5.35927,-6.29331,-2.45927,-2.45927,3
3,19,35,1.60553,0.411346,1.44812,-0.805878,0.411346,0
2,2,37,3.96991,3.73295,0.962271,-0.077702,3.73295,0
4,19,90,-5.22327,-5.22327,-6.05291,-2.36134,-2.36134,3
3,19,34,1.68956,1.64083,1.42834,-0.805878,1.64083,0
2,2,34,4.42287,3.91053,1.42834,-0.805878,3.91053,0
4,19,89,-5.04662,-5.04662,-5.75042,-2.39784,-2.39784,3
3,19,33,1.78183,1.80239,1.60775,-0.805878,1.80239,1
3,3,36,3.66943,2.87257,1.45696,0.264588,3.66943,0
3,17,33,1.78031,2.33903,1.60775,-0.805878,2.33903,1
1,10,21,3.91958,4.81061,2.59473,-0.805878,4.81061,1
3,20,32,1.61646,1.94631,1.7249,-0.805878,1.94631,1
2,2,35,4.31083,3.72986,1.44812,-0.805878,3.72986,0
4,19,88,-4.70389,-4.70389,-5.55605,-2.24038,-2.24038,3
3,19,32,1.72456,1.61543,1.7249,-0.805878,1.61543,2
3,3,39,1.14745,1.19752,0.982003,-0.317489,1.19752,1
3,17,32,1.74989,1.16271,1.7249,-0.805878,1.16271,0
4,7,77,-4.23657,-4.16279,-4.67517,-1.58996,-1.58996,3
3,15,32,1.84475,2.42446,1.7249,-0.805878,2.42446,1
2,2,88,0.481627,0.555208,-5.55605,-2.24038,0.555208,1
3,3,86,0.486176,-1.70999,-5.61978,-2.01828,-1.70999,0
4,19,95,-5.55605,-5.55605,-3.41916,-2.85377,-2.85377,3
3,19,31,1.53923,1.69359,1.72456,-0.805878,1.69359,2
3,9,95,-2.54635,-1.91893,-3.41916,-2.85377,-1.91893,1
3,17,31,1.89657,1.21301,1.72456,-0.805878,1.21301,0
2,1,87,0.476322,0.959881,-5.60239,-2.09737,0.959881,1
2,4,57,1.38079,2.69287,-3.55909,-0.534181,2.69287,1
3,16,31,2.02341,2.20811,1.72456,-0.805878,2.20811,1
2,2,89,0.408586,0.628792,-5.75042,-2.39784,0.628792,1
3,3,87,-0.51999,-0.448709,-5.60239,-2.09737,-0.448709,1
4,19,94,-5.60239,-5.60239,-3.41916,-2.55553,-2.55553,3
3,19,30,1.67657,1.74137,1.53923,-0.805878,1.74137,1
2,1,86,0.367353,0.889002,-5.61978,-2.01828,0.889002,1
2,4,56,1.02721,2.58262,-3.43957,-0.474568,2.58262,1
3,16,30,2.12785,2.0567,1.53923,-0.805878,2.0567,0
2,2,38,3.49304,3.29338,0.671689,-0.230343,3.29338,0
4,19,93,-5.61978,-5.61978,-3.41916,-2.51688,-2.51688,3
3,19,29,1.70711,1.78658,1.67657,-0.805878,1.78658,1
2,2,39,3.22085,2.50793,0.982003,-0.317489,2.50793,0
4,19,92,-5.14185,-5.14185,-6.43894,-2.39982,-2.39982,3
3,19,28,1.79261,1.82429,1.70711,-0.805878,1.82429,1
3,15,28,1.99264,1.6165,1.70711,-0.805878,1.6165,0
2,2,92,0.15735,0.245778,-6.43894,-2.39982,0.245778,1
3,3,82,-0.537195,-1.13125,-5.04662,-1.89873,-1.13125,0
4,19,67,-3.62281,-3.66078,-4.33476,-0.933887,-0.933887,3
3,19,27,2.12545,2.01474,1.79261,-0.805878,2.01474,0
3,9,88,-1.8414,-1.39067,-5.55605,-2.24038,-1.39067,1
3,17,26,2.31293,3.44085,2.08517,-0.805878,3.44085,1
3,11,26,2.5613,2.31321,2.08517,-0.805878,2.31321,0
2,2,90,-0.217239,0.31596,-6.05291,-2.36134,0.31596,1
3,3,84,-0.458148,-1.22526,-5.35927,-2.00544,-1.22526,0
4,19,65,-3.5329,-3.54356,-4.11009,-0.783219,-0.783219,3
3,19,25,2.208,3.07986,2.04479,-0.805878,3.07986,1
3,11,25,2.16421,2.19154,2.04479,-0.805878,2.19154,1
2,2,80,1.28607,0.936543,-4.82344,-1.66435,1.28607,0
4,19,71,-3.84075,-3.84075,-4.4203,-1.13959,-1.13959,3
3,3,94,-0.962502,-1.02731,-3.41916,-2.55553,-1.02731,0
3,19,23,4.35699,3.23684,2.09672,-0.805878,4.35699,0
3,9,87,-2.53178,-3.7211,-5.60239,-2.09737,-3.7211,3
3,3,10,3.33582,5.54219,2.9161,-0.805878,5.54219,1
3,19,67,-0.80784,-0.552484,-4.33476,-0.933887,-0.552484,1
3,17,23,3.91308,2.92334,2.09672,-0.805878,2.92334,0
3,15,23,2.49374,2.65336,2.09672,-0.805878,2.65336,1
2,2,81,1.37369,1.16606,-4.70389,-1.77463,1.16606,0
3,3,95,-1.0673,-1.19208,-3.41916,-2.85377,-1.19208,0
4,19,70,-4.03562,-3.96056,-4.23657,-1.06699,-1.06699,3
3,19,22,4.39291,3.34849,2.39276,-0.805878,3.34849,0
2,2,94,0.148143,0.269751,-3.41916,-2.55553,0.269751,1
3,3,80,-0.177679,-0.935378,-4.82344,-1.66435,-0.935378,0
4,19,69,-3.86868,-3.91458,-4.38821,-0.937499,-0.937499,3
3,19,21,4.44175,3.42598,2.59473,-0.805878,3.42598,0
3,15,21,2.64066,2.75036,2.59473,-0.805878,2.75036,1
2,2,95,0.0763434,0.24461,-3.41916,-2.85377,0.24461,1
4,19,68,-3.77303,-3.88716,-4.27007,-1.01066,-1.01066,3
3,3,81,-0.534354,-1.0397,-4.70389,-1.77463,-1.0397,0
3,19,20,2.66994,2.73005,2.55099,-0.805878,2.73005,1
2,1,83,0.771098,1.16893,-5.22327,-1.89942,1.16893,1
2,4,53,1.49957,2.6299,-3.24637,-0.595251,2.6299,1
3,16,19,2.83558,2.81737,2.73033,-0.805878,2.81737,0
3,15,19,4.49905,2.42254,2.73033,-0.805878,2.42254,0
2,1,82,0.858024,1.31983,-5.04662,-1.89873,0.858024,1
2,4,52,1.76487,2.85307,-3.16282,-0.404636,2.85307,1
3,16,18,2.65786,3.50448,2.65786,-0.805878,3.50448,1
3,15,18,2.65786,2.71186,2.65786,-0.805878,2.71186,1
3,6,37,1.17984,3.09235,0.962271,-0.077702,3.09235,1
3,14,18,2.65786,2.71777,2.65786,-0.805878,2.71777,1
2,1,77,1.03431,1.54134,-4.67517,-1.58996,1.54134,1
2,4,55,1.34987,2.54822,-3.26052,-0.458097,2.54822,1
3,16,17,2.95764,2.41064,2.67763,-0.805878,2.41064,0
3,15,17,2.84847,1.48308,2.67763,-0.805878,1.48308,0
3,17,95,-2.8725,-2.50921,-3.41916,-2.85377,-2.50921,1
3,3,50,2.07947,-0.0944903,-2.70986,-0.510597,-0.0944903,0
4,19,99,-6.43894,-6.43894,-3.41916,-3.35117,-3.35117,3
3,3,57,0.503296,-0.901479,-3.55909,-0.534181,-0.901479,0
3,17,34,1.72411,2.37203,1.42834,-0.805878,2.37203,1
4,17,99,-6.43894,-6.43894,-3.41916,-3.35117,-3.35117,3
1,20,43,2.31373,2.84911,-0.351569,-0.382527,2.84911,1
4,16,99,-6.43894,-6.43894,-3.41916,-3.35117,-3.35117,3
4,12,99,-6.43894,-6.43894,-3.41916,-3.35117,-3.35117,3
4,9,99,-6.43894,-6.43894,-3.41916,-3.35117,-3.35117,3
4,7,99,-6.43894,-6.43894,-3.41916,-3.35117,-3.35117,3
3,12,79,-0.967453,-1.11309,-4.30456,-1.7295,-1.11309,0
4,14,92,-5.14185,-5.14185,-6.43894,-2.39982,-2.39982,3
4,6,99,-6.43894,-6.43894,-3.41916,-3.35117,-3.35117,3
4,5,99,-6.43894,-6.43894,-3.41916,-3.35117,-3.35117,3
4,3,99,-6.43894,-6.43894,-3.41916,-3.35117,-3.35117,3
4,1,99,-6.43894,-6.43894,-3.41916,-3.35117,-3.35117,3
3,3,38,3.32876,2.65148,0.671689,-0.230343,2.65148,0
3,17,35,1.01058,2.08148,1.44812,-0.805878,2.08148,1
4,17,98,-6.29331,-6.29331,-3.41916,-3.12829,-3.12829,3
1,20,40,2.1299,3.02864,0.424054,-0.32524,3.02864,1
4,16,98,-6.29331,-6.29331,-3.41916,-3.12829,-3.12829,3
4,9,98,-6.29331,-6.29331,-3.41916,-3.12829,-3.12829,3
4,8,98,-6.29331,-6.29331,-3.41916,-3.12829,-3.12829,3
4,7,98,-6.29331,-6.29331,-3.41916,-3.12829,-3.12829,3
3,12,78,-1.0478,-1.50958,-4.65291,-1.66623,-1.50958,0
4,14,93,-5.61978,-5.61978,-3.41916,-2.51688,-2.51688,3
4,6,98,-6.29331,-6.29331,-3.41916,-3.12829,-3.12829,3
4,5,98,-6.29331,-6.29331,-3.41916,-3.12829,-3.12829,3
4,3,98,-6.29331,-6.29331,-3.41916,-3.12829,-3.12829,3
4,1,98,-6.29331,-6.29331,-3.41916,-3.12829,-3.12829,3
3,17,81,-1.49422,-1.7141,-4.70389,-1.77463,-1.7141,0
3,3,52,0.841515,0.265907,-3.16282,-0.404636,0.265907,0
4,19,97,-6.05291,-6.05291,-3.41916,-2.81209,-2.81209,3
1,20,41,2.4823,2.9032,0.201755,-0.28101,2.9032,1
4,16,97,-6.05291,-6.05291,-3.41916,-2.81209,-2.81209,3
4,12,97,-6.05291,-6.05291,-3.41916,-2.81209,-2.81209,3
4,9,97,-6.05291,-6.05291,-3.41916,-2.81209,-2.81209,3
4,7,97,-6.05291,-6.05291,-3.41916,-2.81209,-2.81209,3
4,14,66,-3.59803,-3.60982,-4.06104,-0.806488,-0.806488,3
3,12,81,-0.968823,-1.23055,-4.70389,-1.77463,-1.23055,0
4,6,97,-6.05291,-6.05291,-3.41916,-2.81209,-2.81209,3
4,5,97,-6.05291,-6.05291,-3.41916,-2.81209,-2.81209,3
2,16,86,-1.80283,-1.47762,-5.61978,-2.01828,-1.47762,1
4,3,97,-6.05291,-6.05291,-3.41916,-2.81209,-2.81209,3
4,1,97,-6.05291,-6.05291,-3.41916,-2.81209,-2.81209,3
3,17,94,-2.27915,-2.18176,-3.41916,-2.55553,-2.18176,1
3,3,53,0.775378,0.026954,-3.24637,-0.595251,0.026954,0
4,19,96,-5.75042,-5.75042,-3.41916,-2.99602,-2.99602,3
3,3,56,1.37941,0.27001,-3.43957,-0.474568,0.27001,0
3,17,37,1.5325,1.90607,0.962271,-0.077702,1.90607,1
4,17,96,-5.75042,-5.75042,-3.41916,-2.99602,-2.99602,3
1,20,46,1.82065,2.27091,-1.27338,-0.395639,2.27091,1
4,16,96,-5.75042,-5.75042,-3.41916,-2.99602,-2.99602,3
4,12,96,-5.75042,-5.75042,-3.41916,-2.99602,-2.99602,3
4,9,96,-5.75042,-5.75042,-3.41916,-2.99602,-2.99602,3
4,7,96,-5.75042,-5.75042,-3.41916,-2.99602,-2.99602,3
1,4,58,2.24544,2.79019,-3.5329,-0.497556,2.79019,1
2,9,98,-1.12975,-0.850336,-3.41916,-3.12829,-0.850336,1
4,14,67,-3.62281,-3.64744,-4.33476,-0.933887,-0.933887,3
3,12,80,-0.892221,-1.02615,-4.82344,-1.66435,-1.02615,0
4,6,96,-5.75042,-5.75042,-3.41916,-2.99602,-2.99602,3
4,5,96,-5.75042,-5.75042,-3.41916,-2.99602,-2.99602,3
2,16,87,-1.75485,-1.26949,-5.60239,-2.09737,-1.26949,1
4,3,96,-5.75042,-5.75042,-3.41916,-2.99602,-2.99602,3
4,1,96,-5.75042,-5.75042,-3.41916,-2.99602,-2.99602,3
4,3,44,-0.0295083,1.84134,-0.646582,-0.45329,-0.646582,1
2,16,27,3.2356,3.29316,1.79261,-0.805878,3.29316,1
1,20,39,2.20344,3.18741,0.982003,-0.317489,2.20344,1
4,16,95,-5.55605,-5.55605,-3.41916,-2.85377,-2.85377,3
3,12,76,-0.675521,-0.853617,-4.75214,-1.45125,-0.853617,0
4,14,95,-5.55605,-5.55605,-3.41916,-2.85377,-2.85377,3
4,12,95,-5.55605,-5.55605,-3.41916,-2.85377,-2.85377,3
4,9,95,-5.55605,-5.55605,-3.41916,-2.85377,-2.85377,3
2,10,94,-1.02828,-0.64781,-3.41916,-2.55553,-1.02828,1
3,2,30,3.06649,2.44115,1.53923,-0.805878,2.44115,0
4,8,95,-5.55605,-5.55605,-3.41916,-2.85377,-2.85377,3
2,20,74,-0.85563,-1.00378,-4.86797,-1.45906,-1.00378,0
3,15,62,0.0944737,-0.993905,-3.86868,-0.735614,-0.993905,0
4,7,95,-5.55605,-5.55605,-3.41916,-2.85377,-2.85377,3
4,5,95,-5.55605,-5.55605,-3.41916,-2.85377,-2.85377,3
2,6,11,3.73942,4.65154,2.80572,-0.805878,4.65154,1
2,8,25,3.70749,4.52384,2.04479,-0.805878,4.52384,1
1,14,25,4.00835,3.69783,2.04479,-0.805878,3.69783,0
3,9,75,-0.24352,-0.923942,-4.90201,-1.41384,-0.923942,0
4,4,95,-5.55605,-5.55605,-3.41916,-2.85377,-2.85377,3
4,3,95,-5.55605,-5.55605,-3.41916,-2.85377,-2.85377,3
4,1,95,-5.55605,-5.55605,-3.41916,-2.85377,-2.85377,3
4,3,83,-4.86797,1.21393,-5.22327,-1.89942,-1.89942,1
2,16,24,3.08921,3.59519,2.20454,-0.805878,3.59519,1
1,20,36,3.65729,3.70589,1.45696,0.264588,3.70589,1
4,16,94,-5.60239,-5.60239,-3.41916,-2.55553,-2.55553,3
3,12,77,-1.4782,-1.06344,-4.67517,-1.58996,-1.06344,1
4,14,94,-5.60239,-5.60239,-3.41916,-2.55553,-2.55553,3
4,12,94,-5.60239,-5.60239,-3.41916,-2.55553,-2.55553,3
4,9,94,-5.60239,-5.60239,-3.41916,-2.55553,-2.55553,3
2,10,93,-0.988231,-0.698799,-3.41916,-2.51688,-0.698799,1
3,2,31,3.38757,2.57672,1.72456,-0.805878,2.57672,0
4,8,94,-5.60239,-5.60239,-3.41916,-2.55553,-2.55553,3
2,20,77,-1.00118,-1.13628,-4.67517,-1.58996,-1.13628,0
3,15,61,0.284208,-0.422059,-3.77303,-0.607646,-0.422059,0
4,7,94,-5.60239,-5.60239,-3.41916,-2.55553,-2.55553,3
4,5,94,-5.60239,-5.60239,-3.41916,-2.55553,-2.55553,3
2,6,8,3.88257,4.27028,2.93668,-0.805878,4.27028,1
2,8,24,3.63082,4.5762,2.20454,-0.805878,4.5762,1
1,14,26,3.71321,3.45003,2.08517,-0.805878,3.45003,0
3,9,72,-0.614978,-0.75725,-4.69937,-1.21867,-0.75725,0
4,4,94,-5.60239,-5.60239,-3.41916,-2.55553,-2.55553,3
4,3,94,-5.60239,-5.60239,-3.41916,-2.55553,-2.55553,3
4,1,94,-5.60239,-5.60239,-3.41916,-2.55553,-2.55553,3
1,20,37,3.98021,3.78558,0.962271,-0.077702,3.78558,0
4,16,93,-5.61978,-5.61978,-3.41916,-2.51688,-2.51688,3
4,12,93,-5.61978,-5.61978,-3.41916,-2.51688,-2.51688,3
4,9,93,-5.61978,-5.61978,-3.41916,-2.51688,-2.51688,3
2,10,88,-1.94699,-0.407514,-5.55605,-2.24038,-0.407514,1
3,2,28,2.4126,2.158,1.70711,-0.805878,2.158,0
4,8,93,-5.61978,-5.61978,-3.41916,-2.51688,-2.51688,3
2,20,72,-0.958063,-0.818962,-4.69937,-1.21867,-0.818962,1
3,15,48,-0.140083,0.215698,-2.02538,-0.386848,0.215698,1
4,7,93,-5.61978,-5.61978,-3.41916,-2.51688,-2.51688,3
4,5,93,-5.61978,-5.61978,-3.41916,-2.51688,-2.51688,3
1,3,63,1.91796,1.57876,-4.03562,-0.692524,1.57876,0
2,6,13,3.59213,5.32724,2.91513,-0.805878,5.32724,1
2,8,27,3.36373,4.4819,1.79261,-0.805878,4.4819,1
1,14,23,4.07436,3.29393,2.09672,-0.805878,3.29393,0
3,9,53,-0.51177,1.27645,-3.24637,-0.595251,1.27645,1
4,4,93,-5.61978,-5.61978,-3.41916,-2.51688,-2.51688,3
4,3,93,-5.61978,-5.61978,-3.41916,-2.51688,-2.51688,3
4,1,93,-5.61978,-5.61978,-3.41916,-2.51688,-2.51688,3
4,16,92,-5.14185,-5.14185,-6.43894,-2.39982,-2.39982,3
4,12,92,-5.14185,-5.14185,-6.43894,-2.39982,-2.39982,3
4,9,92,-5.14185,-5.14185,-6.43894,-2.39982,-2.39982,3
2,10,95,-1.08079,-0.727318,-3.41916,-2.85377,-0.727318,1
3,2,29,3.01652,2.25347,1.67657,-0.805878,2.25347,0
4,8,92,-5.14185,-5.14185,-6.43894,-2.39982,-2.39982,3
2,20,75,-0.962783,-1.19866,-4.90201,-1.41384,-1.19866,0
3,15,63,-0.16979,-1.07715,-4.03562,-0.692524,-1.07715,0
4,7,92,-5.14185,-5.14185,-6.43894,-2.39982,-2.39982,3
4,5,92,-5.14185,-5.14185,-6.43894,-2.39982,-2.39982,3
1,3,62,2.05011,1.66395,-3.86868,-0.735614,1.66395,0
2,6,10,4.90979,5.79513,2.9161,-0.805878,5.79513,1
2,8,26,3.39861,4.30672,2.08517,-0.805878,4.30672,1
1,14,24,4.07291,3.78897,2.20454,-0.805878,3.78897,0
3,9,74,-0.491618,-2.39602,-4.86797,-1.45906,-2.39602,0
4,4,92,-5.14185,-5.14185,-6.43894,-2.39982,-2.39982,3
4,3,92,-5.14185,-5.14185,-6.43894,-2.39982,-2.39982,3
4,1,92,-5.14185,-5.14185,-6.43894,-2.39982,-2.39982,3
1,20,35,3.23671,3.19831,1.44812,-0.805878,3.19831,0
4,16,91,-5.35927,-5.35927,-6.29331,-2.45927,-2.45927,3
3,12,72,-0.632298,-0.537207,-4.69937,-1.21867,-0.537207,1
4,14,91,-5.35927,-5.35927,-6.29331,-2.45927,-2.45927,3
4,12,91,-5.35927,-5.35927,-6.29331,-2.45927,-2.45927,3
4,9,91,-5.35927,-5.35927,-6.29331,-2.45927,-2.45927,3
2,20,78,-1.03039,-1.24542,-4.65291,-1.66623,-1.24542,0
3,15,58,0.0145104,-0.8119,-3.5329,-0.497556,-0.8119,0
4,7,91,-5.35927,-5.35927,-6.29331,-2.45927,-2.45927,3
4,5,91,-5.35927,-5.35927,-6.29331,-2.45927,-2.45927,3
2,6,7,4.89709,4.62626,2.92731,-0.805878,4.62626,0
1,3,5,5.69844,5.97008,2.97834,-0.805878,5.97008,1
1,14,29,3.48864,2.97524,1.67657,-0.805878,2.97524,0
3,9,79,-1.31278,-2.432,-4.30456,-1.7295,-2.432,0
4,4,91,-5.35927,-5.35927,-6.29331,-2.45927,-2.45927,3
4,3,91,-5.35927,-5.35927,-6.29331,-2.45927,-2.45927,3
2,11,85,-0.557787,-0.186127,-5.14185,-2.10808,-0.186127,1
3,18,41,0.0816197,1.18815,0.201755,-0.28101,1.18815,1
4,2,91,-5.35927,-5.35927,-6.29331,-2.45927,-2.45927,3
4,1,91,-5.35927,-5.35927,-6.29331,-2.45927,-2.45927,3
3,12,73,-1.01334,-0.698798,-4.58061,-1.30758,-0.698798,1
4,14,90,-5.22327,-5.22327,-6.05291,-2.36134,-2.36134,3
4,12,90,-5.22327,-5.22327,-6.05291,-2.36134,-2.36134,3
4,9,90,-5.22327,-5.22327,-6.05291,-2.36134,-2.36134,3
2,20,65,-0.536337,0.176994,-4.11009,-0.783219,0.176994,1
3,15,57,-0.0147654,-0.733089,-3.55909,-0.534181,-0.733089,0
4,7,90,-5.22327,-5.22327,-6.05291,-2.36134,-2.36134,3
4,5,90,-5.22327,-5.22327,-6.05291,-2.36134,-2.36134,3
1,3,4,5.19911,6.49862,2.97261,-0.805878,6.49862,1
1,14,30,3.89103,3.23328,1.53923,-0.805878,3.23328,0
3,9,76,-0.10395,-0.844018,-4.75214,-1.45125,-0.844018,0
4,4,90,-5.22327,-5.22327,-6.05291,-2.36134,-2.36134,3
4,3,90,-5.22327,-5.22327,-6.05291,-2.36134,-2.36134,3
2,6,20,4.0054,3.59546,2.55099,-0.805878,3.59546,0
1,3,20,4.90621,4.9935,2.55099,-0.805878,4.9935,1
1,14,14,4.44341,5.56241,2.79075,-0.805878,4.44341,1
3,18,46,0.204472,1.32714,-1.27338,-0.395639,1.32714,1
2,11,84,-0.759965,-0.236455,-5.35927,-2.00544,-0.236455,1
4,2,90,-5.22327,-5.22327,-6.05291,-2.36134,-2.36134,3
4,1,90,-5.22327,-5.22327,-6.05291,-2.36134,-2.36134,3
3,12,74,-1.0394,-1.11675,-4.86797,-1.45906,-1.11675,0
4,14,89,-5.04662,-5.04662,-5.75042,-2.39784,-2.39784,3
4,12,89,-5.04662,-5.04662,-5.75042,-2.39784,-2.39784,3
4,9,89,-5.04662,-5.04662,-5.75042,-2.39784,-2.39784,3
2,10,92,-0.962359,-0.578495,-6.43894,-2.39982,-0.578495,1
3,2,24,4.17653,4.08728,2.20454,-0.805878,4.08728,0
4,8,89,-5.04662,-5.04662,-5.75042,-2.39784,-2.39784,3
2,20,76,-0.979418,-1.08995,-4.75214,-1.45125,-1.08995,0
3,15,60,0.13948,-0.901213,-3.62281,-0.563066,-0.901213,0
4,7,89,-5.04662,-5.04662,-5.75042,-2.39784,-2.39784,3
4,5,89,-5.04662,-5.04662,-5.75042,-2.39784,-2.39784,3
2,6,9,3.1135,3.96825,2.89122,-0.805878,3.96825,1
1,3,3,6.08101,6.28521,3,-0.805878,6.08101,1
1,14,27,3.52376,3.20617,1.79261,-0.805878,3.20617,0
3,9,73,0.178699,-0.618238,-4.58061,-1.30758,-0.618238,0
4,4,89,-5.04662,-5.04662,-5.75042,-2.39784,-2.39784,3
4,3,89,-5.04662,-5.04662,-5.75042,-2.39784,-2.39784,3
2,11,87,-0.360695,-0.865668,-5.60239,-2.09737,-0.865668,0
3,18,43,-0.323984,1.05729,-0.351569,-0.382527,1.05729,1
4,2,89,-5.04662,-5.04662,-5.75042,-2.39784,-2.39784,3
4,1,89,-5.04662,-5.04662,-5.75042,-2.39784,-5.04662,3
4,12,88,-4.70389,-4.70389,-5.55605,-2.24038,-2.24038,3
4,9,88,-4.70389,-4.70389,-5.55605,-2.24038,-2.24038,3
2,20,79,-1.10803,-1.29757,-4.30456,-1.7295,-1.29757,0
3,15,59,0.547028,-0.349303,-3.59803,-0.651593,-0.349303,0
4,7,88,-4.70389,-4.70389,-5.55605,-2.24038,-2.24038,3
4,5,88,-4.70389,-4.70389,-5.55605,-2.24038,-2.24038,3
2,6,6,4.85982,6.10383,2.97518,-0.805878,6.10383,1
1,14,28,3.11574,2.70532,1.70711,-0.805878,2.70532,0
3,9,78,-0.39233,-1.20397,-4.65291,-1.66623,-1.20397,0
4,4,88,-4.70389,-4.70389,-5.55605,-2.24038,-2.24038,3
4,3,88,-4.70389,-4.70389,-5.55605,-2.24038,-2.24038,3
4,1,88,-4.70389,-4.70389,-5.55605,-2.24038,-2.24038,3
4,12,87,-4.82344,-4.82344,-5.60239,-2.09737,-2.09737,3
4,9,87,-4.82344,-4.82344,-5.60239,-2.09737,-5.60239,3
4,5,87,-4.82344,-4.82344,-5.60239,-2.09737,-2.09737,3
2,8,17,3.87281,4.46273,2.67763,-0.805878,4.46273,1
1,3,57,2.50896,1.73866,-3.55909,-0.534181,1.73866,0
2,6,51,1.67774,1.32678,-3.03783,-0.448822,1.32678,0
1,14,17,4.12095,4.06174,2.67763,-0.805878,4.06174,0
3,9,51,-0.276534,1.22594,-3.03783,-0.448822,1.22594,1
4,4,87,-4.82344,-4.82344,-5.60239,-2.09737,-2.09737,3
4,3,87,-4.82344,-4.82344,-5.60239,-2.09737,-2.09737,3
4,1,87,-4.82344,-4.82344,-5.60239,-2.09737,-2.09737,3
4,9,86,-4.30456,-4.30456,-5.61978,-2.01828,-2.01828,3
4,5,86,-4.30456,-4.30456,-5.61978,-2.01828,-2.01828,3
2,8,16,4.86257,3.87563,2.59926,-0.805878,3.87563,0
1,3,56,2.49043,2.12257,-3.43957,-0.474568,2.12257,0
2,6,48,1.53756,1.66104,-2.02538,-0.386848,1.66104,1
1,14,18,3.83068,3.28448,2.65786,-0.805878,3.28448,0
3,9,48,0.669285,0.580524,-2.02538,-0.386848,0.580524,0
4,4,86,-4.30456,-4.30456,-5.61978,-2.01828,-2.01828,3
4,3,86,-4.30456,-4.30456,-5.61978,-2.01828,-5.61978,3
4,1,86,-4.30456,-4.30456,-5.61978,-2.01828,-2.01828,3
4,9,85,-4.65291,-4.65419,-5.14185,-2.10808,-2.10808,3
2,20,80,-0.92806,-1.08587,-4.82344,-1.66435,-1.08587,0
3,15,40,0.973466,0.944002,0.424054,-0.32524,0.944002,0
4,7,85,-4.65291,-4.61074,-5.14185,-2.10808,-2.10808,3
4,5,85,-4.72459,-0.963828,-5.14185,-2.10808,-5.14185,1
1,3,55,2.48893,2.01832,-3.26052,-0.458097,2.01832,0
2,8,19,4.50066,3.6981,2.73033,-0.805878,3.6981,0
2,6,53,1.21,1.3555,-3.24637,-0.595251,1.3555,1
1,14,47,2.84706,2.45108,-1.66582,-0.377744,2.45108,0
3,9,61,-1.44998,-0.504993,-3.77303,-0.607646,-0.504993,1
4,4,85,-4.75214,-1.93029,-5.14185,-2.10808,-2.10808,1
4,3,85,-4.75214,0.913192,-5.14185,-2.10808,-2.10808,1
4,1,85,0.838533,0.946819,-5.14185,-2.10808,-2.10808,1
2,2,76,1.56153,1.2232,-4.75214,-1.45125,1.2232,0
3,18,92,-2.02363,-2.14962,-6.43894,-2.39982,-2.14962,0
3,3,40,0.980377,1.75777,0.424054,-0.32524,1.75777,1
3,17,53,-0.136589,1.02861,-3.24637,-0.595251,1.02861,1
3,19,93,-2.26003,-2.58147,-3.41916,-2.51688,-2.58147,0
2,1,75,1.05403,1.53738,-4.90201,-1.41384,1.53738,1
4,2,43,0.31165,1.88497,-0.351569,-0.382527,0.751223,1
1,16,54,1.0035,1.80204,-3.28628,-0.56961,1.80204,1
1,14,87,-0.939834,-0.455387,-5.60239,-2.09737,-0.455387,1
2,6,77,-0.126107,0.854988,-4.67517,-1.58996,0.854988,1
2,8,91,-0.491575,-0.832857,-6.29331,-2.45927,-0.832857,0
2,4,78,0.550747,0.987988,-4.65291,-1.66623,0.987988,1
4,20,52,-2.89315,-2.57236,-3.16282,-0.404636,-0.404636,3
2,5,79,0.28958,0.292474,-4.30456,-1.7295,0.292474,1
2,8,48,1.55701,3.09226,-2.02538,-0.386848,1.55701,1
1,14,50,2.40507,1.95012,-2.70986,-0.510597,1.95012,0
2,6,80,0.297614,0.571501,-4.82344,-1.66435,0.571501,1
2,7,81,0.719336,-0.195938,-4.70389,-1.77463,-0.195938,0
2,4,87,0.0879973,0.897845,-5.60239,-2.09737,0.897845,1
1,14,80,0.344869,0.0120224,-4.82344,-1.66435,0.0120224,0
2,8,82,-0.169696,-0.377969,-5.04662,-1.89873,-0.377969,0
3,17,19,6.22057,2.75637,2.73033,-0.805878,2.75637,0
3,9,83,-0.446112,-1.43724,-5.22327,-1.89942,-1.43724,0
1,17,21,2.95384,2.54904,2.59473,-0.805878,2.54904,0
3,17,86,-1.76523,-1.84771,-5.61978,-2.01828,-1.84771,0
3,3,77,-0.408005,-0.841317,-4.67517,-1.58996,-0.841317,0
4,3,46,0.302771,0.724067,-1.27338,-0.395639,-1.27338,1
2,16,29,2.43785,2.74621,1.67657,-0.805878,2.74621,1
3,13,87,-1.66424,-1.99233,-5.60239,-2.09737,-1.99233,0
3,16,90,-2.02563,-2.27832,-6.05291,-2.36134,-2.27832,0
3,5,79,-1.4776,0.154966,-4.30456,-1.7295,0.154966,1
1,20,32,3.40239,3.2359,1.7249,-0.805878,3.2359,0
4,16,90,-5.22327,-5.22327,-6.05291,-2.36134,-2.36134,3
3,4,78,-1.55086,0.93354,-4.65291,-1.66623,0.93354,1
2,19,48,0.246972,1.92765,-2.02538,-0.386848,1.92765,1
3,14,71,-0.476505,-0.154013,-4.4203,-1.13959,-0.154013,1
3,6,80,-0.923917,-0.0257263,-4.82344,-1.66435,-0.0257263,1
1,19,43,2.24735,2.02619,-0.351569,-0.382527,2.02619,0
3,10,84,-1.21035,-1.11624,-5.35927,-2.00544,-1.11624,1
1,5,81,0.958306,1.0127,-4.70389,-1.77463,0.958306,1
1,16,69,0.0410236,0.566902,-4.38821,-0.937499,0.566902,1
1,6,49,2.24251,2.59802,-2.3856,-0.416188,2.59802,1
4,12,33,-1.57416,-1.52505,1.60775,-0.805878,1.60775,2
2,3,83,0.940786,0.128532,-5.22327,-1.89942,0.128532,0
4,14,69,-3.86868,-3.80897,-4.38821,-0.937499,-0.937499,3
3,12,86,-2.24952,-1.27858,-5.61978,-2.01828,-1.27858,1
4,7,58,0.327302,0.243817,-3.5329,-0.497556,0.243817,0
3,15,89,-2.43848,-3.31804,-5.75042,-2.39784,-3.31804,3
4,12,86,-4.30456,-4.30456,-5.61978,-2.01828,-2.01828,3
3,12,75,-1.48311,-1.18589,-4.90201,-1.41384,-1.18589,1
4,14,88,-4.70389,-4.70389,-5.55605,-2.24038,-2.24038,3
4,9,84,-4.67517,-4.57502,-5.35927,-2.00544,-2.00544,3
4,5,84,-4.64365,-1.02804,-5.35927,-2.00544,-2.00544,1
1,3,54,2.65626,2.10076,-3.28628,-0.56961,2.10076,0
2,6,50,1.64743,2.06938,-2.70986,-0.510597,2.06938,1
2,8,18,4.25318,3.52478,2.65786,-0.805878,3.52478,0
1,14,16,4.04029,5.21239,2.59926,-0.805878,5.21239,1
3,9,50,0.292153,0.752372,-2.70986,-0.510597,0.752372,1
4,4,84,-4.90201,-2.03414,-5.35927,-2.00544,-2.00544,3
4,3,84,-4.90201,0.842768,-5.35927,-2.00544,-2.00544,1
4,1,84,1.1512,1.02091,-5.35927,-2.00544,1.02091,0
2,2,75,1.54767,1.31232,-4.90201,-1.41384,1.31232,0
1,9,63,1.2035,1.769,-4.03562,-0.692524,1.769,1
2,18,91,-1.54467,-1.35796,-6.29331,-2.45927,-1.35796,1
2,1,74,1.12623,1.63084,-4.86797,-1.45906,1.63084,1
4,2,42,0.174949,1.82772,-0.0637023,-0.353411,0.269726,1
1,16,55,0.940347,1.70502,-3.26052,-0.458097,1.70502,1
1,14,86,-0.510157,0.09644,-5.61978,-2.01828,0.09644,1
2,6,76,-0.296566,0.667416,-4.75214,-1.45125,0.667416,1
2,8,92,-0.450967,-0.844132,-6.43894,-2.39982,-0.844132,0
2,4,77,0.585914,0.887687,-4.67517,-1.58996,0.887687,1
4,20,53,-2.88215,-2.64537,-3.24637,-0.595251,-0.595251,3
2,5,78,0.246091,0.470999,-4.65291,-1.66623,0.470999,1
1,14,85,-0.142414,-0.0134794,-5.14185,-2.10808,-0.142414,1
2,8,93,-0.61013,-0.956668,-3.41916,-2.51688,-0.956668,0
2,6,79,0.177717,0.549377,-4.30456,-1.7295,0.549377,1
2,7,80,0.874167,-0.518228,-4.82344,-1.66435,-0.518228,0
2,4,80,0.633283,1.03546,-4.82344,-1.66435,1.03546,1
1,14,81,0.246278,0.317652,-4.70389,-1.77463,0.317652,1
2,8,81,-0.348506,-0.609149,-4.70389,-1.77463,-0.609149,0
3,2,25,4.00884,3.64283,2.04479,-0.805878,3.64283,0
4,8,88,-4.70389,-4.70389,-5.55605,-2.24038,-2.24038,3
2,10,83,0.671933,-0.892093,-5.22327,-1.89942,-0.892093,0
3,9,82,-0.933049,-1.65707,-5.04662,-1.89873,-1.65707,0
1,17,20,3.46835,3.45918,2.55099,-0.805878,3.45918,0
3,17,73,-1.5834,-1.21882,-4.58061,-1.30758,-1.5834,1
3,3,76,-0.457773,-2.89051,-4.75214,-1.45125,-2.89051,0
4,3,45,0.157052,0.81517,-0.989663,-0.351506,-0.221809,1
2,16,26,3.68473,3.48065,2.08517,-0.805878,3.48065,0
3,13,86,-1.66739,-2.06624,-5.61978,-2.01828,-2.06624,0
3,16,89,-2.12078,-2.05307,-5.75042,-2.39784,-2.05307,1
2,14,87,-1.36021,-0.631439,-5.60239,-2.09737,-0.631439,1
3,5,78,-1.59578,0.432437,-4.65291,-1.66623,0.432437,1
1,20,33,3.65015,3.21676,1.60775,-0.805878,3.21676,0
4,16,89,-5.04662,-5.04662,-5.75042,-2.39784,-2.39784,3
1,4,57,2.42275,2.72709,-3.55909,-0.534181,2.72709,1
3,4,77,-2.01578,0.679651,-4.67517,-1.58996,0.679651,1
3,6,79,-0.927669,-0.199852,-4.30456,-1.7295,-0.199852,1
1,5,92,0.66773,0.598134,-6.43894,-2.39982,0.598134,0
1,16,88,-0.0117507,-0.693268,-5.55605,-2.24038,-0.693268,0
1,6,50,2.48031,2.7979,-2.70986,-0.510597,2.7979,1
2,3,86,0.387211,0.282084,-5.61978,-2.01828,0.282084,0
4,14,70,-4.03562,-3.91432,-4.23657,-1.06699,-1.06699,3
3,12,85,-1.46846,-1.20601,-5.14185,-2.10808,-1.20601,1
3,15,88,-2.15141,-3.22499,-5.55605,-2.24038,-3.22499,0
4,12,85,-4.65291,-1.60633,-5.14185,-2.10808,-2.10808,1
3,12,68,-0.842733,-0.675004,-4.27007,-1.01066,-0.675004,1
4,14,87,-4.82344,-4.82344,-5.60239,-2.09737,-2.09737,3
4,9,83,-4.75214,-4.45434,-5.22327,-1.89942,-1.89942,3
2,10,90,-0.859836,-0.428704,-6.05291,-2.36134,-0.428704,1
3,2,18,3.0784,4.25504,2.65786,-0.805878,4.25504,1
4,8,83,-4.75214,-4.55858,-5.22327,-1.89942,-1.89942,3
4,5,83,-4.73455,-0.804983,-5.22327,-1.89942,-1.89942,1
2,8,29,3.00554,3.23143,1.67657,-0.805878,3.23143,1
2,6,15,4.77936,5.08169,2.8676,-0.805878,5.08169,1
1,3,61,2.1718,1.65004,-3.77303,-0.607646,1.65004,0
1,14,21,2.54886,3.25769,2.59473,-0.805878,3.25769,1
3,9,55,-0.743723,0.941586,-3.26052,-0.458097,0.941586,1
4,4,83,-4.86797,-1.81237,-5.22327,-1.89942,-1.89942,1
4,2,93,-5.61978,-5.61978,-3.41916,-2.51688,-2.51688,3
4,11,96,-5.75042,-5.75042,-3.41916,-2.99602,-2.99602,3
4,1,83,0.94227,1.02933,-5.22327,-1.89942,-1.89942,1
2,2,74,1.83002,1.39582,-4.86797,-1.45906,1.39582,0
1,9,62,1.48689,1.79538,-3.86868,-0.735614,1.79538,1
2,18,90,-1.13909,-1.25214,-6.05291,-2.36134,-1.25214,0
2,11,27,4.2616,4.31902,1.79261,-0.805878,4.31902,1
3,3,60,-0.437258,-0.483133,-3.62281,-0.563066,-0.483133,0
3,17,89,-1.94217,-1.73875,-5.75042,-2.39784,-1.73875,1
3,3,18,3.14725,2.49139,2.65786,-0.805878,2.49139,0
3,17,63,-0.635404,1.00097,-4.03562,-0.692524,1.00097,1
3,19,91,-2.17071,-2.43957,-6.29331,-2.45927,-2.43957,0
1,5,96,0.417335,0.484476,-3.41916,-2.99602,0.484476,1
4,2,53,0.0955737,0.599915,-3.24637,-0.595251,-0.197022,1
1,16,52,1.35862,2.05031,-3.16282,-0.404636,2.05031,1
2,4,76,0.703356,1.10048,-4.75214,-1.45125,1.10048,1
4,20,54,-2.99027,-2.73955,-3.28628,-0.56961,-0.56961,3
2,5,77,0.50984,0.502916,-4.67517,-1.58996,0.502916,0
1,12,71,1.01157,0.53804,-4.4203,-1.13959,0.53804,0
4,15,89,-5.04662,-5.04662,-5.75042,-2.39784,-2.39784,3
2,7,79,0.892854,-0.0431951,-4.30456,-1.7295,-0.0431951,0
2,4,81,0.37982,0.858962,-4.70389,-1.77463,0.858962,1
1,14,82,0.362282,0.397377,-5.04662,-1.89873,0.362282,1
2,8,80,0.358455,-0.00811769,-4.82344,-1.66435,-0.00811769,0
3,2,26,3.76609,3.98619,2.08517,-0.805878,3.98619,1
4,8,91,-5.35927,-5.35927,-6.29331,-2.45927,-2.45927,3
2,10,82,0.914646,0.206074,-5.04662,-1.89873,0.206074,0
3,3,8,4.48849,4.26282,2.93668,-0.805878,4.26282,0
3,17,21,3.66615,3.14889,2.59473,-0.805878,3.14889,0
3,9,81,-0.21606,-1.17772,-4.70389,-1.77463,-1.17772,0
1,17,23,3.29166,3.24126,2.09672,-0.805878,3.24126,0
3,17,84,-1.66276,-1.90655,-5.35927,-2.00544,-1.90655,0
3,3,75,-0.0447279,-0.685011,-4.90201,-1.41384,-0.685011,0
3,6,15,3.9468,3.57529,2.8676,-0.805878,3.57529,0
2,19,23,2.73579,3.5193,2.09672,-0.805878,2.73579,1
3,12,19,2.73033,2.80557,2.73033,-0.805878,2.80557,1
3,11,83,-0.222801,-0.0810052,-5.22327,-1.89942,-0.0810052,1
3,13,85,-1.26745,-1.37037,-5.14185,-2.10808,-1.37037,0
3,16,88,-1.87429,-1.96015,-5.55605,-2.24038,-1.96015,0
3,5,77,-1.15436,0.657156,-4.67517,-1.58996,0.657156,1
3,1,59,0.321207,0.867951,-3.59803,-0.651593,0.867951,1
3,7,79,-0.912504,-0.884025,-4.30456,-1.7295,-0.884025,1
1,20,38,4.21636,3.73283,0.671689,-0.230343,3.73283,0
4,16,88,-4.70389,-4.70389,-5.55605,-2.24038,-2.24038,3
1,4,56,2.2686,2.74653,-3.43957,-0.474568,2.74653,1
3,4,76,-0.873358,1.09607,-4.75214,-1.45125,1.09607,1
3,6,78,-0.665187,0.801294,-4.65291,-1.66623,0.801294,1
1,16,91,-0.467618,-0.785877,-6.29331,-2.45927,-0.785877,0
1,5,83,0.676766,0.845853,-5.22327,-1.89942,0.845853,1
1,6,51,3.58005,3.08729,-3.03783,-0.448822,3.08729,0
2,3,81,0.843662,0.177804,-4.70389,-1.77463,0.177804,0
4,14,71,-3.84075,-1.73519,-4.4203,-1.13959,-1.13959,3
3,12,84,-1.09551,-1.1273,-5.35927,-2.00544,-1.1273,0
4,7,52,0.49816,0.598293,-3.16282,-0.404636,-3.16282,1
3,15,87,-1.6359,-2.41274,-5.60239,-2.09737,-2.41274,0
4,12,84,-4.67517,-1.64786,-5.35927,-2.00544,-2.00544,1
3,12,69,-0.934487,-0.724683,-4.38821,-0.937499,-0.724683,1
4,14,86,-4.30456,-4.30456,-5.61978,-2.01828,-2.01828,3
4,9,82,-4.90201,-4.52155,-5.04662,-1.89873,-1.89873,3
2,10,89,-0.60712,-0.212525,-5.75042,-2.39784,-0.212525,1
3,2,19,4.37641,3.46251,2.73033,-0.805878,3.46251,0
4,8,82,-4.90201,-4.51386,-5.04662,-1.89873,-1.89873,3
2,20,73,-0.885337,-0.598084,-4.58061,-1.30758,-0.598084,1
3,15,49,-0.240489,-0.0444829,-2.3856,-0.416188,-0.0444829,1
4,7,82,-4.90201,-4.51386,-5.04662,-1.89873,-1.89873,3
4,5,82,-4.74146,-0.833337,-5.04662,-1.89873,-1.89873,1
2,6,12,4.1979,4.31384,2.93608,-0.805878,4.31384,1
2,8,28,3.65565,3.54125,1.70711,-0.805878,3.54125,0
1,3,60,2.12541,1.71691,-3.62281,-0.563066,1.71691,0
1,14,22,3.03092,3.14139,2.39276,-0.805878,3.03092,1
3,9,52,-0.695104,1.19035,-3.16282,-0.404636,1.19035,1
4,4,82,-4.58061,-1.69847,-5.04662,-1.89873,-5.04662,1
4,2,92,-5.14185,-5.14185,-6.43894,-2.39982,-2.39982,3
4,11,97,-6.05291,-6.05291,-3.41916,-2.81209,-2.81209,3
2,16,25,3.56701,4.04914,2.04479,-0.805878,4.04914,1
4,3,82,-4.58061,1.15453,-5.04662,-1.89873,-1.89873,1
4,1,82,0.891564,0.912693,-5.04662,-1.89873,-0.0244492,1
2,2,73,1.25172,1.11184,-4.58061,-1.30758,1.11184,0
2,11,28,4.17093,3.57579,1.70711,-0.805878,3.57579,0
3,3,63,-0.467917,-0.580557,-4.03562,-0.692524,-0.580557,0
3,17,88,-1.90812,-1.9135,-5.55605,-2.24038,-1.9135,0
3,3,19,2.68433,4.18164,2.73033,-0.805878,4.18164,1
3,17,60,-0.706116,0.505019,-3.62281,-0.563066,0.505019,1
3,19,90,-2.02976,-2.36718,-6.05291,-2.36134,-2.36718,0
4,20,55,-3.02202,-2.80427,-3.26052,-0.458097,-0.458097,3
2,5,76,0.314655,0.241497,-4.75214,-1.45125,0.241497,0
2,7,78,0.867019,-0.190124,-4.65291,-1.66623,-0.190124,0
1,4,55,2.44775,2.76812,-3.26052,-0.458097,2.76812,1
3,4,75,-0.727697,0.855741,-4.90201,-1.41384,0.855741,1
3,2,27,3.66232,3.86215,1.79261,-0.805878,3.86215,1
4,8,90,-5.22327,-5.22327,-6.05291,-2.36134,-2.36134,3
2,10,81,0.0596127,0.0729633,-4.70389,-1.77463,0.0729633,1
4,7,55,0.644894,0.115994,-3.26052,-0.458097,-3.26052,0
3,15,86,-2.09868,-2.40689,-5.61978,-2.01828,-2.40689,3
3,5,76,-1.06351,-0.210312,-4.75214,-1.45125,-0.210312,1
1,17,22,2.97642,3.44214,2.39276,-0.805878,3.44214,1
3,17,87,-2.06661,-2.37539,-5.60239,-2.09737,-2.37539,0
3,3,74,-0.941353,-0.716112,-4.86797,-1.45906,-0.716112,1
1,6,82,0.713,0.700433,-5.04662,-1.89873,0.700433,0
4,11,44,-2.26409,-1.14226,-0.646582,-0.45329,-0.646582,3
4,2,97,-6.05291,-6.05291,-3.41916,-2.81209,-2.81209,3
3,1,58,0.522657,1.07053,-3.5329,-0.497556,1.07053,1
3,7,78,-2.30017,-1.00949,-4.65291,-1.66623,-1.00949,1
3,6,77,-1.02165,0.90363,-4.67517,-1.58996,0.90363,1
3,3,9,4.0462,3.2289,2.89122,-0.805878,3.2289,0
3,17,18,2.65786,2.8801,2.65786,-0.805878,2.8801,1
3,9,80,-0.826934,-1.02972,-4.82344,-1.66435,-1.02972,0
1,5,50,3.24938,2.56453,-2.70986,-0.510597,2.56453,0
2,19,43,1.68914,1.2014,-0.351569,-0.382527,1.2014,0
3,14,92,-2.31467,-1.90455,-6.43894,-2.39982,-1.90455,1
1,1,45,3.96435,4.31689,-0.989663,-0.351506,3.96435,1
1,10,85,0.379342,0.927988,-5.14185,-2.10808,0.379342,1
3,8,79,-1.57821,-2.63245,-4.30456,-1.7295,-2.63245,0
4,3,47,0.113228,0.868433,-1.66582,-0.377744,-1.66582,1
2,16,28,3.45727,2.98683,1.70711,-0.805878,2.98683,0
1,16,94,-0.977148,-1.20416,-3.41916,-2.55553,-0.977148,0
1,5,94,0.500646,0.533879,-3.41916,-2.55553,0.533879,1
1,6,60,2.58997,2.34734,-3.62281,-0.563066,2.34734,0
2,3,84,0.910184,0.0685651,-5.35927,-2.00544,0.0685651,0
4,14,64,-3.55909,-3.50574,-3.84075,-0.813937,-0.813937,3
3,12,83,-1.389,-1.60358,-5.22327,-1.89942,-1.60358,0
2,16,84,-0.868603,-0.236907,-5.35927,-2.00544,-0.236907,1
3,13,84,-1.16497,-1.35902,-5.35927,-2.00544,-1.35902,0
3,16,87,-2.0289,-2.36222,-5.60239,-2.09737,-2.36222,0
4,12,83,-4.75214,-1.56514,-5.22327,-1.89942,-1.89942,1
3,12,70,-1.09668,-0.777671,-4.23657,-1.06699,-0.777671,1
4,14,85,-4.65291,-2.62206,-5.14185,-2.10808,-2.10808,3
4,16,87,-4.82344,-4.82344,-5.60239,-2.09737,-2.09737,3
4,9,81,-4.86797,-4.49889,-4.70389,-1.77463,-1.77463,3
4,5,81,-4.65752,-0.810594,-4.70389,-1.77463,-1.77463,1
3,9,49,0.406308,0.295925,-2.3856,-0.416188,0.295925,0
4,4,81,-4.69937,-1.81262,-4.70389,-1.77463,-1.77463,3
4,3,81,-4.69937,1.08822,-4.70389,-1.77463,-1.77463,1
4,1,81,0.833726,0.857827,-4.70389,-1.77463,0.732404,1
2,2,72,1.64972,1.18684,-4.69937,-1.21867,1.18684,0
2,1,71,1.00541,1.77651,-4.4203,-1.13959,1.00541,1
4,20,56,-3.03023,-2.87971,-3.43957,-0.474568,-0.474568,3
2,5,75,0.189929,0.181462,-4.90201,-1.41384,0.181462,0
4,13,85,-4.65291,-1.71296,-5.14185,-2.10808,-2.10808,1
1,12,73,0.912735,0.765141,-4.58061,-1.30758,0.765141,0
4,15,87,-4.82344,-4.82344,-5.60239,-2.09737,-2.09737,3
2,11,48,1.58148,1.70395,-2.02538,-0.386848,1.70395,1
1,3,91,0.487525,0.535116,-6.29331,-2.45927,0.535116,1
4,17,89,-5.04662,-5.04662,-5.75042,-2.39784,-2.39784,3
2,7,77,0.829932,-0.340057,-4.67517,-1.58996,0.829932,0
1,4,54,2.48026,2.92549,-3.28628,-0.56961,2.92549,1
3,4,74,-2.0803,0.638922,-4.86797,-1.45906,0.638922,1
4,7,54,0.957831,0.40359,-3.28628,-0.56961,-3.28628,0
3,15,85,-1.78769,-2.45575,-5.14185,-2.10808,-2.45575,0
1,1,12,5.36488,4.71192,2.93608,-0.805878,4.71192,0
3,5,75,-1.40721,-0.738317,-4.90201,-1.41384,-0.738317,1
1,17,17,3.37875,4.50335,2.67763,-0.805878,4.50335,1
3,17,82,-2.16279,-1.78671,-5.04662,-1.89873,-1.78671,1
3,3,73,-1.56983,-0.613553,-4.58061,-1.30758,-0.613553,1
1,6,93,0.549994,0.545226,-3.41916,-2.51688,0.545226,0
4,11,45,-2.28561,-2.28561,-0.989663,-0.351506,-0.989663,3
4,2,96,-5.75042,-5.75042,-3.41916,-2.99602,-2.99602,3
3,1,57,0.547559,1.08441,-3.55909,-0.534181,1.08441,1
3,7,77,-2.75241,-1.13976,-4.67517,-1.58996,-1.13976,1
3,6,76,-1.18262,0.196326,-4.75214,-1.45125,0.196326,1
1,5,49,3.5022,2.52064,-2.3856,-0.416188,2.52064,0
2,19,40,1.86721,1.36044,0.424054,-0.32524,1.36044,0
3,14,95,-2.52142,-1.84805,-3.41916,-2.85377,-1.84805,1
1,1,46,3.92976,4.35079,-1.27338,-0.395639,4.35079,1
1,10,82,0.609292,1.1512,-5.04662,-1.89873,1.1512,1
3,8,78,-2.10405,-2.47258,-4.65291,-1.66623,-2.47258,3
2,3,87,0.577662,0.772225,-5.60239,-2.09737,0.577662,1
4,14,65,-3.5329,-3.47618,-4.11009,-0.783219,-0.783219,3
3,12,82,-2.22088,-1.43259,-5.04662,-1.89873,-1.43259,1
2,16,85,-1.08599,-0.36721,-5.14185,-2.10808,-0.36721,1
3,13,83,-1.41204,-1.77793,-5.22327,-1.89942,-1.77793,0
3,16,86,-2.14793,-2.4376,-5.61978,-2.01828,-2.4376,3
4,12,82,-4.90201,-1.64979,-5.04662,-1.89873,-1.89873,1
3,12,71,-0.681965,-0.575141,-4.4203,-1.13959,-0.575141,1
4,14,84,-4.67517,-2.65717,-5.35927,-2.00544,-2.00544,3
4,16,86,-4.30456,-4.30456,-5.61978,-2.01828,-2.01828,3
4,9,80,-4.58061,-4.40053,-4.82344,-1.66435,-1.66435,3
2,10,91,-0.871627,-0.502443,-6.29331,-2.45927,-0.502443,1
3,2,17,3.08783,3.14026,2.67763,-0.805878,3.14026,1
4,8,80,-4.58061,-4.39947,-4.82344,-1.66435,-1.66435,3
3,12,32,1.66924,2.3581,1.7249,-0.805878,2.3581,1
4,6,80,-4.58061,-4.39778,-4.82344,-1.66435,-4.39778,3
4,5,80,-4.51648,-0.613407,-4.82344,-1.66435,-1.66435,1
2,8,30,3.33911,3.4711,1.53923,-0.805878,3.4711,1
2,6,14,4.49065,5.10801,2.79075,-0.805878,5.10801,1
1,3,58,2.39207,1.4315,-3.5329,-0.497556,1.4315,0
1,14,20,3.89649,4.15929,2.55099,-0.805878,4.15929,1
3,9,54,-0.367006,1.46181,-3.28628,-0.56961,1.46181,1
4,4,80,-4.4203,-1.49552,-4.82344,-1.66435,-1.66435,1
4,3,80,-4.4203,1.40881,-4.82344,-1.66435,-1.66435,1
4,1,80,1.24322,1.07259,-4.82344,-1.66435,1.07259,0
2,2,71,1.37784,1.34761,-4.4203,-1.13959,1.34761,0
2,18,87,-1.16315,-1.26507,-5.60239,-2.09737,-1.26507,0
3,3,21,3.51115,3.76642,2.59473,-0.805878,3.76642,1
3,17,62,-0.736667,1.41745,-3.86868,-0.735614,1.41745,1
3,19,88,-1.94354,-2.27047,-5.55605,-2.24038,-2.27047,0
2,1,70,1.59187,1.65401,-4.23657,-1.06699,1.65401,1
1,6,27,4.27745,4.16344,1.79261,-0.805878,4.16344,0
4,2,46,1.19303,0.0727051,-1.27338,-0.395639,-0.385458,0
1,16,51,1.59603,2.20052,-3.03783,-0.448822,2.20052,1
1,14,90,-1.15935,-0.0352909,-6.05291,-2.36134,-0.0352909,1
2,6,72,-0.0154523,1.07131,-4.69937,-1.21867,1.07131,1
2,8,88,-0.317474,-0.50885,-5.55605,-2.24038,-0.50885,0
2,4,73,0.462143,0.681827,-4.58061,-1.30758,0.462143,1
4,20,57,-2.97891,-2.93881,-3.55909,-0.534181,-0.534181,3
2,5,74,0.312154,0.304512,-4.86797,-1.45906,0.304512,0
1,14,89,-0.928589,0.000524033,-5.75042,-2.39784,0.000524033,1
2,8,89,-0.379888,-0.649733,-5.75042,-2.39784,-0.649733,0
2,6,75,-0.0262753,1.0007,-4.90201,-1.41384,1.0007,1
4,13,84,-4.67517,-1.61746,-5.35927,-2.00544,-2.00544,1
1,12,74,0.882667,0.405193,-4.86797,-1.45906,0.405193,0
4,15,86,-4.30456,-4.30456,-5.61978,-2.01828,-2.01828,3
2,7,76,0.823299,-0.173092,-4.75214,-1.45125,-0.173092,0
1,4,53,2.41353,3.28247,-3.24637,-0.595251,3.28247,1
3,4,73,-1.17808,0.956949,-4.58061,-1.30758,0.956949,1
2,15,20,3.54665,2.44684,2.55099,-0.805878,2.44684,0
2,10,79,0.411203,-0.750255,-4.30456,-1.7295,-0.750255,0
4,7,49,-2.88215,-1.48963,-2.3856,-0.416188,-2.3856,3
3,15,84,-2.01313,-1.80184,-5.35927,-2.00544,-1.80184,1
1,1,13,4.85115,5.11225,2.91513,-0.805878,5.11225,1
3,5,74,-1.25496,0.211373,-4.86797,-1.45906,0.211373,1
3,17,85,-1.71186,-1.98965,-5.14185,-2.10808,-1.98965,0
3,3,72,-0.0272864,-2.80666,-4.69937,-1.21867,-2.80666,0
1,6,92,0.676372,0.654936,-6.43894,-2.39982,0.654936,0
4,11,50,-2.7155,-2.7155,-2.70986,-0.510597,-0.510597,3
4,2,99,-6.43894,-6.43894,-3.41916,-3.35117,-3.35117,3
3,1,56,-0.263844,1.09428,-3.43957,-0.474568,1.09428,1
3,7,76,-1.18209,-0.674921,-4.75214,-1.45125,-0.674921,1
2,14,83,-1.04469,-0.642948,-5.22327,-1.89942,-0.642948,1
3,6,75,-1.05718,0.89609,-4.90201,-1.41384,0.89609,1
2,20,57,-0.135184,0.470766,-3.55909,-0.534181,0.470766,1
1,5,48,3.0059,2.31464,-2.02538,-0.386848,2.31464,0
2,19,41,1.77841,1.3356,0.201755,-0.28101,1.3356,0
3,14,94,-2.3801,-1.68226,-3.41916,-2.55553,-2.3801,1
1,1,47,3.33153,4.07205,-1.66582,-0.377744,4.07205,1
1,10,83,0.282609,0.838533,-5.22327,-1.89942,0.838533,1
3,8,77,-2.01788,-1.26018,-4.67517,-1.58996,-1.26018,1
3,12,64,-1.01293,-1.23212,-3.84075,-0.813937,-1.23212,3
4,14,83,-4.75214,-2.62769,-5.22327,-1.89942,-1.89942,3
2,16,82,-0.993419,-0.395316,-5.04662,-1.89873,-0.395316,1
3,13,82,-1.64537,-1.49833,-5.04662,-1.89873,-1.49833,1
3,16,85,-1.72643,-1.19318,-5.14185,-2.10808,-1.19318,1
4,16,85,-4.65291,-4.65291,-5.14185,-2.10808,-2.10808,3
4,12,81,-4.86797,-1.65842,-4.70389,-1.77463,-1.77463,1
1,11,84,0.46472,0.686666,-5.35927,-2.00544,0.686666,1
1,8,48,1.9003,2.76171,-2.02538,-0.386848,2.76171,1
4,16,50,-2.7155,-2.7155,-2.70986,-0.510597,-0.510597,3
4,10,79,-4.69937,-1.3148,-4.30456,-1.7295,-1.7295,1
4,9,79,-4.69937,-4.34223,-4.30456,-1.7295,-4.34223,3
2,20,90,-1.94267,-1.63247,-6.05291,-2.36134,-1.63247,1
2,3,35,4.40483,4.01124,1.44812,-0.805878,4.01124,0
2,9,11,2.88587,4.39041,2.80572,-0.805878,4.39041,1
3,12,59,0.0623939,-1.00215,-3.59803,-0.651593,-1.00215,0
4,6,79,-4.69937,-4.39319,-4.30456,-1.7295,-4.30456,3
4,5,79,-4.55628,-0.534775,-4.30456,-1.7295,-1.7295,1
3,9,59,0.0345608,1.31569,-3.59803,-0.651593,1.31569,1
4,4,79,-4.23657,-1.41444,-4.30456,-1.7295,-1.7295,1
4,3,79,-4.23657,1.37991,-4.30456,-1.7295,-1.7295,1
4,1,79,1.18368,1.20849,-4.30456,-1.7295,-1.7295,1
2,2,70,1.0358,1.48154,-4.23657,-1.06699,1.48154,1
2,18,86,-0.838368,-1.1009,-5.61978,-2.01828,-1.1009,0
3,17,59,-0.751517,0.461692,-3.59803,-0.651593,0.461692,1
3,3,30,1.87846,2.48287,1.53923,-0.805878,2.48287,1
3,19,87,-1.90575,-2.17518,-5.60239,-2.09737,-2.17518,0
2,1,69,1.63829,1.71088,-4.38821,-0.937499,1.71088,1
1,6,26,4.44474,3.97347,2.08517,-0.805878,3.97347,0
4,2,41,0.100219,1.82266,0.201755,-0.28101,0.366289,1
1,16,48,2.51438,2.63709,-2.02538,-0.386848,2.63709,1
2,4,72,0.498225,1.067,-4.69937,-1.21867,1.067,1
4,20,58,-3.03783,-2.96952,-3.5329,-0.497556,-0.497556,3
2,5,73,0.596583,0.52653,-4.58061,-1.30758,0.52653,0
4,13,83,-4.75214,-1.68635,-5.22327,-1.89942,-1.89942,1
2,6,23,4.73285,4.3085,2.09672,-0.805878,4.73285,0
1,3,21,4.85156,4.90392,2.59473,-0.805878,4.90392,1
2,11,50,0.904753,1.60332,-2.70986,-0.510597,1.60332,1
1,3,93,0.453484,0.490031,-3.41916,-2.51688,0.490031,1
4,17,87,-4.82344,-4.82344,-5.60239,-2.09737,-2.09737,3
2,7,75,1.09963,0.125694,-4.90201,-1.41384,0.125694,0
1,4,52,2.60992,3.29546,-3.16282,-0.404636,3.29546,1
3,4,72,-0.560911,1.24957,-4.69937,-1.21867,1.24957,1
2,15,21,2.90973,3.2877,2.59473,-0.805878,3.2877,1
2,10,78,0.491274,0.372469,-4.65291,-1.66623,0.491274,0
4,7,48,-2.89315,-1.43093,-2.02538,-0.386848,-1.43093,3
3,15,83,-1.70663,-1.42607,-5.22327,-1.89942,-1.42607,1
1,1,14,4.74333,5.71816,2.79075,-0.805878,5.71816,1
3,5,73,-0.868627,0.419872,-4.58061,-1.30758,0.419872,1
1,6,95,0.319937,0.393397,-3.41916,-2.85377,0.393397,1
4,11,51,-2.78547,-2.64321,-3.03783,-0.448822,-0.448822,3
4,2,98,-6.29331,-6.29331,-3.41916,-3.12829,-3.12829,3
3,1,39,3.19797,2.12544,0.982003,-0.317489,3.19797,0
3,7,75,-0.856706,-0.605609,-4.90201,-1.41384,-0.605609,1
2,14,82,-0.848647,-0.418502,-5.04662,-1.89873,-0.418502,1
3,6,74,-0.622429,1.08621,-4.86797,-1.45906,1.08621,1
3,9,77,0.0403183,-0.87562,-4.67517,-1.58996,-0.87562,0
2,20,56,-0.0515527,0.69914,-3.43957,-0.474568,0.69914,1
1,5,55,2.49883,2.82253,-3.26052,-0.458097,2.82253,1
2,19,38,1.89511,1.55835,0.671689,-0.230343,1.55835,0
3,14,89,-2.1121,-1.51952,-5.75042,-2.39784,-1.51952,1
1,1,16,3.944,3.80393,2.59926,-0.805878,3.80393,0
1,10,80,0.353457,0.891564,-4.82344,-1.66435,0.891564,1
3,8,76,-1.01773,-0.869429,-4.75214,-1.45125,-0.869429,1
2,3,85,0.685841,-0.0632701,-5.14185,-2.10808,-0.0632701,0
3,12,65,-0.114602,-1.00795,-4.11009,-0.783219,-1.00795,0
4,14,82,-4.90201,-2.73408,-5.04662,-1.89873,-1.89873,3
2,16,83,-0.988023,-0.226238,-5.22327,-1.89942,-0.226238,1
3,13,81,-0.977047,-1.16537,-4.70389,-1.77463,-1.16537,0
3,16,84,-1.59906,-1.09077,-5.35927,-2.00544,-1.09077,1
4,16,84,-4.67517,-4.67517,-5.35927,-2.00544,-2.00544,3
4,12,80,-4.58061,-1.40527,-4.82344,-1.66435,-1.66435,1
1,11,85,0.728432,0.872426,-5.14185,-2.10808,0.872426,1
4,16,49,-2.61941,-2.61941,-2.3856,-0.416188,-0.416188,3
1,8,49,2.03377,2.88892,-2.3856,-0.416188,2.88892,1
4,10,78,-4.4203,-1.28104,-4.65291,-1.66623,-1.66623,1
4,9,78,-4.4203,-4.20122,-4.65291,-1.66623,-1.66623,3
2,20,93,-2.17406,-1.88224,-3.41916,-2.51688,-1.88224,1
2,3,34,3.67895,3.97468,1.42834,-0.805878,3.97468,1
3,12,58,0.0718871,-0.803472,-3.5329,-0.497556,-0.803472,0
4,6,78,-4.4203,-4.2599,-4.65291,-1.66623,-1.66623,3
4,5,78,-4.39179,-0.398199,-4.65291,-1.66623,-1.66623,1
3,9,56,-1.10765,0.845557,-3.43957,-0.474568,0.845557,1
4,4,78,-4.38821,-1.43376,-4.65291,-1.66623,-1.66623,1
4,3,78,-4.38821,1.51308,-4.65291,-1.66623,-1.66623,1
4,1,78,1.07413,1.11978,-4.65291,-1.66623,-4.65291,1
2,2,69,0.738041,1.60189,-4.38821,-0.937499,0.738041,1
1,9,61,1.06355,1.68561,-3.77303,-0.607646,1.68561,1
2,18,85,-1.37824,-0.6951,-5.14185,-2.10808,-0.6951,1
3,15,51,0.164439,-0.306605,-3.03783,-0.448822,-0.306605,0
4,7,80,-4.58061,-4.39947,-4.82344,-1.66435,-1.66435,3
2,20,87,-1.40055,-1.12843,-5.60239,-2.09737,-1.12843,1
2,11,40,3.07756,2.4141,0.424054,-0.32524,2.4141,0
3,3,31,1.98852,2.68807,1.72456,-0.805878,2.68807,1
3,17,56,-0.678419,0.395504,-3.43957,-0.474568,0.395504,1
3,19,86,-1.80688,-2.09332,-5.61978,-2.01828,-2.09332,0
2,1,68,1.80519,1.84017,-4.27007,-1.01066,1.84017,1
4,20,59,-3.16282,-3.00203,-3.59803,-0.651593,-0.651593,3
2,5,72,0.533136,0.497492,-4.69937,-1.21867,0.497492,0
1,14,91,-1.16529,-0.112188,-6.29331,-2.45927,-0.112188,1
2,8,71,-0.622304,-0.352927,-4.4203,-1.13959,-0.352927,1
2,6,73,0.176362,0.965517,-4.58061,-1.30758,0.965517,1
4,13,82,-4.90201,-1.64008,-5.04662,-1.89873,-1.89873,1
2,6,22,4.70151,4.12199,2.39276,-0.805878,4.12199,0
1,3,18,5.27761,3.42661,2.65786,-0.805878,3.42661,0
2,5,34,3.91234,3.88369,1.42834,-0.805878,3.88369,0
4,20,97,-6.05291,-6.05291,-3.41916,-2.81209,-2.81209,3
2,11,49,1.06862,1.35274,-2.3856,-0.416188,1.35274,1
1,3,90,0.600749,0.720642,-6.05291,-2.36134,0.720642,1
4,17,86,-4.30456,-4.30456,-5.61978,-2.01828,-2.01828,3
2,7,74,1.01667,0.0576632,-4.86797,-1.45906,0.0576632,0
1,4,35,4.21173,4.03057,1.44812,-0.805878,4.03057,0
3,4,71,-0.83512,0.979003,-4.4203,-1.13959,0.979003,1
2,15,22,2.49514,2.87506,2.39276,-0.805878,2.87506,1
2,10,77,0.493957,0.2897,-4.67517,-1.58996,0.2897,0
4,7,51,0.750797,0.901424,-3.03783,-0.448822,-0.448822,1
3,15,82,-1.6406,-1.79299,-5.04662,-1.89873,-1.79299,0
1,1,15,5.21574,4.69525,2.8676,-0.805878,4.69525,0
3,5,72,-1.23464,0.292222,-4.69937,-1.21867,0.292222,1
3,1,38,2.23638,3.14308,0.671689,-0.230343,3.14308,1
3,7,74,-1.31347,-0.634111,-4.86797,-1.45906,-0.634111,1
2,14,81,-0.920719,-0.472798,-4.70389,-1.77463,-0.472798,1
3,6,73,-0.890747,0.717004,-4.58061,-1.30758,0.717004,1
1,5,90,0.822537,0.759648,-6.05291,-2.36134,0.822537,0
1,16,82,-0.268922,-0.396791,-5.04662,-1.89873,-0.396791,0
1,6,56,2.98878,2.30732,-3.43957,-0.474568,2.30732,0
3,12,66,-1.07839,-1.29407,-4.06104,-0.806488,-1.29407,3
4,14,81,-4.86797,-2.72848,-4.70389,-1.77463,-1.77463,3
2,16,80,-0.804924,-0.0299148,-4.82344,-1.66435,-0.0299148,1
3,13,80,-0.968021,-1.42197,-4.82344,-1.66435,-1.42197,0
3,16,83,-1.61826,-1.04458,-5.22327,-1.89942,-1.04458,1
4,16,83,-4.75214,-4.75214,-5.22327,-1.89942,-1.89942,3
4,12,79,-4.69937,-1.58169,-4.30456,-1.7295,-1.7295,1
1,11,82,0.583452,0.754231,-5.04662,-1.89873,0.754231,1
1,8,54,2.70625,3.27797,-3.28628,-0.56961,3.27797,1
4,16,60,-3.24637,-1.24129,-3.62281,-0.563066,-0.563066,3
4,10,77,-4.23657,-1.19813,-4.67517,-1.58996,-1.58996,1
4,9,77,-4.23657,-4.04001,-4.67517,-1.58996,-1.58996,3
2,20,88,-1.28993,-1.09055,-5.55605,-2.24038,-1.09055,1
4,5,77,-4.17807,-0.916506,-4.67517,-1.58996,-1.58996,1
3,9,37,2.38629,3.03393,0.962271,-0.077702,3.03393,1
4,4,77,-4.27007,-1.72549,-4.67517,-1.58996,-1.72549,3
4,3,77,-4.27007,0.868116,-4.67517,-1.58996,-1.58996,1
4,1,77,1.42927,1.28128,-4.67517,-1.58996,1.28128,0
2,2,68,0.909778,1.63009,-4.27007,-1.01066,1.63009,1
3,15,50,-0.509321,-0.0813333,-2.70986,-0.510597,-0.0813333,1
4,7,83,-4.75214,-4.55858,-5.22327,-1.89942,-4.55858,3
2,20,86,-1.61826,-1.41349,-5.61978,-2.01828,-1.41349,1
2,11,21,4.17106,4.67036,2.59473,-0.805878,4.67036,1
3,3,54,0.622063,-0.190347,-3.28628,-0.56961,-0.190347,0
3,17,83,-2.19727,-2.10041,-5.22327,-1.89942,-2.10041,3
3,3,16,3.34554,4.13832,2.59926,-0.805878,4.13832,1
3,17,61,-0.439819,1.27965,-3.77303,-0.607646,1.27965,1
3,19,85,-1.49443,-2.10426,-5.14185,-2.10808,-2.10426,0
2,1,67,1.758,1.87475,-4.33476,-0.933887,1.758,1
4,20,60,-3.24637,-3.02084,-3.62281,-0.563066,-0.563066,3
2,5,71,0.45456,0.549822,-4.4203,-1.13959,0.549822,1
4,13,81,-4.86797,-1.63277,-4.70389,-1.77463,-1.77463,1
2,7,73,1.0715,0.0831036,-4.58061,-1.30758,1.0715,0
1,4,34,4.45709,3.96734,1.42834,-0.805878,3.96734,0
3,4,70,-0.0256309,-0.0301558,-4.23657,-1.06699,-0.0301558,0
2,15,23,2.77466,2.7535,2.09672,-0.805878,2.7535,0
2,10,76,0.576469,-0.485382,-4.75214,-1.45125,-0.485382,0
4,7,50,-2.99027,-1.54126,-2.70986,-0.510597,-2.70986,3
3,15,81,-1.81556,-1.71014,-4.70389,-1.77463,-1.71014,1
1,10,72,0.819085,1.44408,-4.69937,-1.21867,0.819085,1
1,1,8,6.26579,5.19938,2.93668,-0.805878,5.19938,0
3,5,71,-1.22505,0.469404,-4.4203,-1.13959,0.469404,1
3,1,37,2.46027,3.36441,0.962271,-0.077702,3.36441,1
3,7,73,-0.971859,-0.518285,-4.58061,-1.30758,-0.518285,1
2,14,80,-1.07139,-0.543844,-4.82344,-1.66435,-0.543844,1
3,6,72,-1.27025,1.06444,-4.69937,-1.21867,1.06444,1
3,8,91,-2.71925,-1.56318,-6.29331,-2.45927,-1.56318,1
1,1,25,4.15446,4.35386,2.04479,-0.805878,4.35386,1
1,10,89,0.477823,0.580841,-5.75042,-2.39784,0.580841,1
2,19,63,-0.000470324,0.352815,-4.03562,-0.692524,0.352815,1
3,14,80,-1.22809,-0.823151,-4.82344,-1.66435,-0.823151,1
1,16,93,-0.715387,-0.979425,-3.41916,-2.51688,-0.979425,0
1,5,89,0.840912,0.959099,-5.75042,-2.39784,0.959099,1
1,6,57,2.91274,2.18635,-3.55909,-0.534181,2.18635,0
3,14,47,0.0121844,1.21207,-1.66582,-0.377744,1.21207,1
2,19,88,-1.36386,-1.74144,-5.55605,-2.24038,-1.74144,0
3,12,67,-1.33398,-1.1138,-4.33476,-0.933887,-1.1138,3
4,14,80,-4.58061,-2.46393,-4.82344,-1.66435,-1.66435,3
2,16,81,-1.32962,-0.385004,-4.70389,-1.77463,-0.385004,1
3,13,79,-1.42759,-1.31246,-4.30456,-1.7295,-1.31246,1
3,16,82,-2.02201,-1.1978,-5.04662,-1.89873,-1.1978,1
4,16,82,-4.90201,-4.90201,-5.04662,-1.89873,-1.89873,3
4,12,78,-4.4203,-1.3299,-4.65291,-1.66623,-1.66623,1
1,11,83,0.850213,0.924077,-5.22327,-1.89942,0.924077,1
1,8,55,2.69748,3.07872,-3.26052,-0.458097,3.07872,1
4,16,51,-2.78547,-0.655803,-3.03783,-0.448822,-0.448822,3
4,10,76,-4.38821,-1.16661,-4.75214,-1.45125,-1.45125,1
4,9,76,-4.38821,-4.10442,-4.75214,-1.45125,-1.45125,3
2,20,91,-1.93642,-1.38364,-6.29331,-2.45927,-1.38364,1
4,5,76,-4.29551,-0.360532,-4.75214,-1.45125,-1.45125,1
3,9,58,-0.740911,-0.283218,-3.5329,-0.497556,-0.283218,1
4,4,76,-4.33476,-1.37041,-4.75214,-1.45125,-1.45125,1
4,3,76,-4.33476,1.58784,-4.75214,-1.45125,-4.75214,1
4,1,76,1.4077,1.41668,-4.75214,-1.45125,-1.45125,1
2,2,67,1.12029,1.70841,-4.33476,-0.933887,1.70841,1
2,18,83,-1.72534,-0.772057,-5.22327,-1.89942,-0.772057,1
3,15,53,-0.177886,-0.585047,-3.24637,-0.595251,-0.585047,0
4,7,86,-4.30456,-4.30456,-5.61978,-2.01828,-2.01828,3
2,20,85,-1.64866,-1.56805,-5.14185,-2.10808,-1.56805,1
3,3,17,2.29717,0.803275,2.67763,-0.805878,0.803275,2
3,17,58,-0.594334,0.524848,-3.5329,-0.497556,0.524848,1
3,19,84,-1.44119,-1.83789,-5.35927,-2.00544,-1.83789,0
2,1,66,1.79796,1.85523,-4.06104,-0.806488,1.85523,1
4,20,61,-3.28628,-3.05181,-3.77303,-0.607646,-0.607646,3
2,5,70,0.633672,0.838831,-4.23657,-1.06699,0.838831,1
1,14,93,-0.993392,-0.089808,-3.41916,-2.51688,-0.089808,1
2,8,69,0.0666676,1.02771,-4.38821,-0.937499,1.02771,1
2,6,71,0.121038,0.939576,-4.4203,-1.13959,0.939576,1
3,20,87,-2.09782,-2.19311,-5.60239,-2.09737,-2.19311,3
2,11,29,3.95013,3.49373,1.67657,-0.805878,3.49373,0
3,18,97,-2.34141,-2.26902,-3.41916,-2.81209,-2.34141,1
4,13,80,-4.58061,-1.51474,-4.82344,-1.66435,-1.66435,1
2,11,51,0.805537,0.430451,-3.03783,-0.448822,0.430451,0
1,3,92,0.421474,0.552379,-6.43894,-2.39982,0.552379,1
4,17,84,-4.67517,-4.67517,-5.35927,-2.00544,-2.00544,3
2,7,72,1.09751,-0.177831,-4.69937,-1.21867,-0.177831,0
1,4,33,4.2045,3.95525,1.60775,-0.805878,3.95525,0
3,4,69,0.424601,0.12291,-4.38821,-0.937499,0.12291,0
2,15,16,2.98322,4.07247,2.59926,-0.805878,4.07247,1
2,10,75,0.495467,0.531825,-4.90201,-1.41384,0.531825,1
4,7,61,0.0284357,0.259007,-3.77303,-0.607646,-0.607646,1
3,15,80,-1.66064,-1.38609,-4.82344,-1.66435,-1.38609,1
1,10,73,0.636336,1.5207,-4.58061,-1.30758,1.5207,1
1,1,9,5.92824,0.521912,2.89122,-0.805878,0.521912,0
3,5,70,0.103007,-0.561076,-4.23657,-1.06699,-0.561076,0
3,1,36,2.89242,3.82974,1.45696,0.264588,3.82974,1
3,7,72,-1.36024,-1.48839,-4.69937,-1.21867,-1.48839,3
2,14,79,-1.02801,-0.943236,-4.30456,-1.7295,-0.943236,1
3,6,71,-0.840815,0.389337,-4.4203,-1.13959,0.389337,1
1,16,80,0.0143557,0.110251,-4.82344,-1.66435,0.110251,1
1,5,68,1.58978,1.87617,-4.27007,-1.01066,1.87617,1
1,6,58,2.61872,2.02911,-3.5329,-0.497556,2.02911,0
3,14,50,-0.370595,1.03694,-2.70986,-0.510597,1.03694,1
2,19,93,-1.92905,-2.16304,-3.41916,-2.51688,-2.16304,0
2,16,94,-1.89233,-1.36494,-3.41916,-2.55553,-1.89233,1
3,13,78,-0.828963,-1.5516,-4.65291,-1.66623,-1.5516,0
3,16,81,-1.46128,-1.76972,-4.70389,-1.77463,-1.76972,0
4,9,75,-4.27007,-4.0442,-4.90201,-1.41384,-1.41384,3
2,20,94,-2.12047,-1.6001,-3.41916,-2.55553,-1.6001,1
3,15,42,0.661316,0.866399,-0.0637023,-0.353411,0.866399,1
4,7,75,-4.27007,-4.13332,-4.90201,-1.41384,-1.41384,3
4,5,75,-4.12698,-0.580776,-4.90201,-1.41384,-4.90201,1
1,3,53,2.6438,2.3161,-3.24637,-0.595251,2.3161,0
2,8,21,3.96404,3.55758,2.59473,-0.805878,3.55758,0
2,6,55,0.820214,1.09589,-3.26052,-0.458097,1.09589,1
1,14,45,3.11665,2.40791,-0.989663,-0.351506,2.40791,0
3,9,63,-1.19492,0.765519,-4.03562,-0.692524,0.765519,1
4,4,75,-4.06104,-1.38255,-4.90201,-1.41384,-1.41384,1
4,3,75,-4.06104,1.25621,-4.90201,-1.41384,-1.41384,1
4,1,75,1.5207,1.47361,-4.90201,-1.41384,-1.41384,0
2,2,66,1.15448,1.66038,-4.06104,-0.806488,1.66038,1
2,18,82,-1.20483,-0.46796,-5.04662,-1.89873,-0.46796,1
3,15,52,-0.103448,-0.464969,-3.16282,-0.404636,-0.464969,0
4,7,81,-4.86797,-4.58813,-4.70389,-1.77463,-1.77463,3
2,20,84,-1.14278,-1.21161,-5.35927,-2.00544,-1.21161,0
3,3,26,3.00735,3.42731,2.08517,-0.805878,3.42731,1
3,19,83,-1.41273,-1.70591,-5.22327,-1.89942,-1.70591,0
2,11,30,3.71567,3.32639,1.53923,-0.805878,3.32639,0
3,18,96,-3.07849,-2.56913,-3.41916,-2.99602,-3.07849,1
4,13,79,-4.69937,-1.46465,-4.30456,-1.7295,-1.7295,1
2,1,65,1.8985,1.86481,-4.11009,-0.783219,1.86481,0
4,20,62,-3.26052,-3.09116,-3.86868,-0.735614,-0.735614,3
2,5,69,0.560078,0.877512,-4.38821,-0.937499,0.877512,1
1,14,92,-1.38084,-0.173352,-6.43894,-2.39982,-0.173352,1
2,8,70,0.0718599,0.929404,-4.23657,-1.06699,0.929404,1
2,6,70,0.348311,0.454086,-4.23657,-1.06699,0.454086,1
2,7,71,1.09942,0.0387627,-4.4203,-1.13959,0.0387627,0
1,4,32,4.03733,4.23858,1.7249,-0.805878,4.23858,1
3,4,68,0.435749,0.0604986,-4.27007,-1.01066,0.0604986,0
2,15,17,2.71766,2.45665,2.67763,-0.805878,2.45665,0
2,10,74,0.5432,0.390816,-4.86797,-1.45906,0.390816,0
4,7,44,-2.26409,-0.396367,-0.646582,-0.45329,-0.45329,1
3,15,79,-1.45856,-1.31487,-4.30456,-1.7295,-1.31487,1
1,1,10,5.86231,5.3246,2.9161,-0.805878,5.3246,0
3,5,69,0.0566656,-0.522645,-4.38821,-0.937499,-0.522645,0
3,17,76,-1.60441,-1.37992,-4.75214,-1.45125,-1.37992,1
3,3,67,0.123952,-0.871713,-4.33476,-0.933887,-0.871713,0
2,14,78,-0.557243,-0.373331,-4.65291,-1.66623,-0.373331,1
3,6,70,-0.0779578,-0.738021,-4.23657,-1.06699,-0.738021,0
1,5,91,0.661674,0.735128,-6.29331,-2.45927,0.735128,1
1,16,83,-0.0914426,-0.0173908,-5.22327,-1.89942,-0.0173908,1
1,6,59,2.84809,2.48149,-3.59803,-0.651593,2.48149,0
2,16,95,-1.74931,-1.19569,-3.41916,-2.85377,-1.19569,1
3,13,77,-0.820467,-0.899308,-4.67517,-1.58996,-0.899308,0
3,16,80,-1.43366,-0.860085,-4.82344,-1.66435,-0.860085,1
4,9,74,-4.33476,-3.98417,-4.86797,-1.45906,-4.86797,3
4,5,74,-4.23506,-0.535512,-4.86797,-1.45906,-1.45906,1
1,3,52,2.53673,2.17247,-3.16282,-0.404636,2.17247,0
2,6,52,1.51015,1.065,-3.16282,-0.404636,1.065,0
2,8,20,3.98094,3.43775,2.55099,-0.805878,3.43775,0
1,14,46,3.11106,2.56522,-1.27338,-0.395639,2.56522,0
3,9,60,-0.712679,0.593382,-3.62281,-0.563066,0.593382,1
4,4,74,-4.11009,-1.44155,-4.86797,-1.45906,-1.45906,1
4,3,74,-4.11009,1.25756,-4.86797,-1.45906,-1.45906,1
4,1,74,0.819085,1.11145,-4.86797,-1.45906,1.11145,1
2,2,65,1.54217,1.82141,-4.11009,-0.783219,1.82141,1
2,18,81,-1.28773,-0.451519,-4.70389,-1.77463,-0.451519,1
3,15,55,0.129907,-0.322857,-3.26052,-0.458097,-0.322857,0
4,7,84,-4.67517,-4.68929,-5.35927,-2.00544,-2.00544,3
2,20,83,-1.29682,-1.36248,-5.22327,-1.89942,-1.36248,0
3,3,27,2.86112,3.33059,1.79261,-0.805878,3.33059,1
3,19,82,-1.38261,-1.9512,-5.04662,-1.89873,-1.9512,0
3,20,85,-1.93568,-1.79723,-5.14185,-2.10808,-1.79723,1
1,11,80,0.663225,0.871898,-4.82344,-1.66435,0.871898,1
4,16,62,-3.26052,-1.34637,-3.86868,-0.735614,-0.735614,3
1,8,52,3.13088,3.31515,-3.16282,-0.404636,3.31515,1
4,10,75,-4.27007,-1.05966,-4.90201,-1.41384,-1.41384,1
2,6,25,3.50378,3.81075,2.04479,-0.805878,3.50378,1
1,3,19,5.14512,5.9577,2.73033,-0.805878,5.9577,1
2,5,35,3.89886,3.94858,1.44812,-0.805878,3.94858,1
4,20,96,-5.75042,-5.75042,-3.41916,-2.99602,-2.99602,3
4,12,77,-4.23657,-1.18812,-4.67517,-1.58996,-1.58996,1
2,11,31,4.30478,3.25807,1.72456,-0.805878,3.25807,0
3,18,99,-2.47909,-2.64391,-3.41916,-3.35117,-2.64391,0
4,13,78,-4.4203,-1.44216,-4.65291,-1.66623,-1.66623,1
4,16,81,-4.86797,-4.86797,-4.70389,-1.77463,-1.77463,3
2,1,64,1.87115,1.82512,-3.84075,-0.813937,1.82512,0
2,4,67,1.15299,1.95759,-4.33476,-0.933887,1.95759,1
4,20,63,-3.43957,-3.16595,-4.03562,-0.692524,-0.692524,3
2,5,68,0.92416,1.00382,-4.27007,-1.01066,1.00382,1
1,14,95,-1.17946,-0.231763,-3.41916,-2.85377,-1.17946,1
2,8,67,-0.354409,1.00203,-4.33476,-0.933887,1.00203,1
2,6,69,0.715045,0.348108,-4.38821,-0.937499,0.348108,0
2,7,70,0.279247,0.702723,-4.23657,-1.06699,0.702723,1
4,2,47,0.951888,0.0181269,-1.66582,-0.377744,-0.289745,0
1,6,24,4.41735,4.00525,2.20454,-0.805878,4.00525,0
1,16,50,2.05354,2.26488,-2.70986,-0.510597,2.26488,1
2,4,74,-0.219202,0.739165,-4.86797,-1.45906,-0.219202,1
3,4,67,-0.221116,0.264143,-4.33476,-0.933887,0.264143,1
2,15,18,3.43791,2.83581,2.65786,-0.805878,2.83581,0
2,10,73,0.888154,0.564878,-4.58061,-1.30758,0.888154,0
4,7,47,-2.78547,-1.23151,-1.66582,-0.377744,-0.377744,3
3,15,78,-1.38019,-1.89814,-4.65291,-1.66623,-1.89814,0
1,1,11,5.24756,4.08587,2.80572,-0.805878,4.08587,0
3,5,68,0.39622,-0.547116,-4.27007,-1.01066,-0.547116,0
2,14,77,-0.799779,-0.671231,-4.67517,-1.58996,-0.671231,1
3,6,69,-1.25121,-1.8712,-4.38821,-0.937499,-1.8712,3
1,16,98,-0.979608,-1.26445,-3.41916,-3.12829,-1.26445,0
2,20,63,-0.303772,0.136359,-4.03562,-0.692524,0.136359,1
1,5,10,5.44017,6.17934,2.9161,-0.805878,6.17934,1
1,1,21,4.55484,5.80024,2.59473,-0.805878,5.80024,1
1,10,93,0.0588698,0.376249,-3.41916,-2.51688,0.376249,1
3,8,71,-1.29548,-2.00467,-4.4203,-1.13959,-2.00467,3
3,14,48,-0.056771,1.2484,-2.02538,-0.386848,1.2484,1
2,19,95,-2.03063,-2.20098,-3.41916,-2.85377,-2.20098,0
2,16,92,-1.66006,-1.46517,-6.43894,-2.39982,-1.46517,1
3,13,76,-0.711217,-1.13651,-4.75214,-1.45125,-1.13651,0
3,16,79,-2.1994,-1.02943,-4.30456,-1.7295,-1.02943,1
4,9,73,-4.06104,-3.80643,-4.58061,-1.30758,-1.30758,3
2,20,92,-1.77074,-1.23594,-6.43894,-2.39982,-1.23594,1
4,5,73,-3.99693,-0.409673,-4.58061,-1.30758,-1.30758,1
1,3,51,2.8444,2.30061,-3.03783,-0.448822,2.30061,0
2,8,23,3.92385,3.61686,2.09672,-0.805878,3.92385,0
2,6,57,0.791136,1.23772,-3.55909,-0.534181,1.23772,1
1,14,43,3.06535,2.52314,-0.351569,-0.382527,3.06535,0
3,9,57,-0.932782,1.24073,-3.55909,-0.534181,1.24073,1
4,4,73,-3.84075,-1.20025,-4.58061,-1.30758,-1.30758,1
4,3,73,-3.84075,1.42824,-4.58061,-1.30758,-1.30758,1
4,1,73,1.59394,1.27106,-4.58061,-1.30758,1.27106,0
2,2,64,1.08295,1.77963,-3.84075,-0.813937,1.77963,1
2,18,80,-1.54694,-0.669202,-4.82344,-1.66435,-0.669202,1
3,15,54,-0.239628,-0.510975,-3.28628,-0.56961,-0.510975,0
4,7,87,-4.82344,-4.82344,-5.60239,-2.09737,-2.09737,3
2,20,82,-1.44379,-1.53953,-5.04662,-1.89873,-1.53953,0
3,3,28,1.86938,2.50396,1.70711,-0.805878,2.50396,1
3,17,57,-0.388594,0.492997,-3.55909,-0.534181,0.492997,1
3,19,81,-1.27076,-1.69467,-4.70389,-1.77463,-1.69467,0
3,20,84,-1.57778,-1.71786,-5.35927,-2.00544,-1.71786,0
1,11,81,0.650425,0.800393,-4.70389,-1.77463,0.800393,1
4,16,61,-3.28628,-1.54832,-3.77303,-0.607646,-0.607646,3
1,8,53,2.89333,3.39005,-3.24637,-0.595251,3.39005,1
4,10,74,-4.33476,-1.00776,-4.86797,-1.45906,-1.45906,1
2,6,24,3.70733,4.0733,2.20454,-0.805878,4.0733,1
2,8,8,4.37656,5.2917,2.93668,-0.805878,5.2917,1
1,3,16,4.85298,5.53861,2.59926,-0.805878,5.53861,1
2,5,36,3.66176,3.84003,1.45696,0.264588,3.84003,1
4,20,95,-5.55605,-5.55605,-3.41916,-2.85377,-2.85377,3
4,12,76,-4.38821,-1.30937,-4.75214,-1.45125,-1.45125,1
4,13,77,-4.23657,-1.23804,-4.67517,-1.58996,-1.58996,1
4,16,80,-4.58061,-4.58061,-4.82344,-1.66435,-1.66435,3
2,1,63,1.87169,1.89333,-4.03562,-0.692524,1.89333,1
1,14,67,-0.189307,0.338076,-4.33476,-0.933887,-0.189307,1
2,6,65,0.410994,0.672801,-4.11009,-0.783219,0.672801,1
2,8,79,-0.271976,-0.924614,-4.30456,-1.7295,-0.924614,0
2,4,66,0.901425,1.89325,-4.06104,-0.806488,1.89325,1
2,5,67,0.362582,0.945225,-4.33476,-0.933887,0.945225,1
1,14,94,-1.48822,-0.274164,-3.41916,-2.55553,-0.274164,1
2,8,68,0.303613,0.860327,-4.27007,-1.01066,0.860327,1
2,6,68,0.098234,-0.00356972,-4.27007,-1.01066,-0.00356972,0
2,7,69,-0.391657,0.285033,-4.38821,-0.937499,0.285033,1
2,4,75,0.0639047,0.762668,-4.90201,-1.41384,0.0639047,1
3,4,66,-0.019589,-1.27268,-4.06104,-0.806488,-1.27268,0
2,15,19,3.01467,3.69441,2.73033,-0.805878,3.69441,1
2,10,72,0.640489,-0.153576,-4.69937,-1.21867,-0.153576,0
4,7,46,-2.7155,-1.09105,-1.27338,-0.395639,-0.395639,3
3,15,77,-1.85942,-1.76766,-4.67517,-1.58996,-1.76766,3
1,10,76,0.596189,1.07413,-4.75214,-1.45125,1.07413,1
1,1,4,5.94232,6.19488,2.97261,-0.805878,6.19488,1
3,5,67,-0.227833,-0.522159,-4.33476,-0.933887,-0.522159,0
3,17,74,-1.02197,-1.30391,-4.86797,-1.45906,-1.30391,0
3,3,65,-0.168301,-1.52752,-4.11009,-0.783219,-1.52752,0
2,14,76,-0.791459,-0.620286,-4.75214,-1.45125,-0.620286,1
3,6,68,-1.10061,-2.20758,-4.27007,-1.01066,-2.20758,3
3,8,95,-2.10605,-2.07636,-3.41916,-2.85377,-2.07636,1
1,1,29,3.27434,4.39289,1.67657,-0.805878,4.39289,1
1,10,69,0.692986,1.22699,-4.38821,-0.937499,1.22699,1
2,19,59,-0.145847,0.492571,-3.59803,-0.651593,0.492571,1
3,14,76,-1.60385,-1.18736,-4.75214,-1.45125,-1.18736,1
3,14,51,0.0183605,-0.133684,-3.03783,-0.448822,-0.133684,0
2,19,92,-1.9229,-2.0102,-6.43894,-2.39982,-2.0102,0
3,16,78,-1.27171,-1.25872,-4.65291,-1.66623,-1.25872,1
2,16,33,2.80086,3.31102,1.60775,-0.805878,3.31102,1
4,3,58,0.269587,-0.401592,-3.5329,-0.497556,-3.5329,0
4,2,68,-0.64534,-0.243568,-4.27007,-1.01066,-1.01066,1
4,11,73,-4.06104,-2.876,-4.58061,-1.30758,-1.30758,3
3,20,29,1.75698,2.11236,1.67657,-0.805878,2.11236,1
4,14,57,-2.97891,-3.0822,-3.55909,-0.534181,-0.534181,3
4,18,80,-4.58061,-4.58061,-4.82344,-1.66435,-1.66435,3
2,3,32,4.44279,3.64581,1.7249,-0.805878,3.64581,0
2,9,10,4.05231,4.86968,2.9161,-0.805878,4.86968,1
3,12,56,0.298595,-0.506411,-3.43957,-0.474568,-0.506411,0
4,6,72,-4.11009,-3.88222,-4.69937,-1.21867,-1.21867,3
1,3,50,2.95963,3.67601,-2.70986,-0.510597,3.67601,1
2,8,22,2.87316,3.34105,2.39276,-0.805878,2.87316,1
2,6,54,1.23879,1.54263,-3.28628,-0.56961,1.54263,1
1,14,44,3.04805,2.54387,-0.646582,-0.45329,2.54387,0
3,9,62,-0.615509,0.441072,-3.86868,-0.735614,0.441072,1
4,4,72,-4.03562,-1.32809,-4.69937,-1.21867,-1.32809,3
4,3,72,-4.03562,1.36674,-4.69937,-1.21867,-4.69937,1
4,19,36,-1.77946,-1.77946,1.45696,0.264588,1.45696,2
3,19,52,-0.435225,0.683899,-3.16282,-0.404636,0.683899,1
2,2,63,1.2135,1.84598,-4.03562,-0.692524,1.2135,1
1,16,74,0.248758,0.68093,-4.86797,-1.45906,0.68093,1
1,5,34,4.37022,3.97134,1.42834,-0.805878,3.97134,0
1,6,32,3.61123,4.08513,1.7249,-0.805878,4.08513,1
3,14,20,2.65804,2.60239,2.55099,-0.805878,2.60239,0
3,6,35,1.53648,3.4144,1.44812,-0.805878,3.4144,1
2,19,99,-2.34487,-2.49897,-3.41916,-3.35117,-2.49897,0
4,6,91,-5.35927,-5.35927,-6.29331,-2.45927,-2.45927,3
3,12,39,1.4798,1.88804,0.982003,-0.317489,1.88804,1
4,12,46,-2.41163,-2.41163,-1.27338,-0.395639,-0.395639,3
2,3,64,1.042,0.312294,-3.84075,-0.813937,0.312294,0
1,14,65,-0.306004,0.369349,-4.11009,-0.783219,0.369349,1
2,8,65,-0.126194,0.967317,-4.11009,-0.783219,0.967317,1
2,6,67,0.0455849,0.267327,-4.33476,-0.933887,0.267327,1
4,17,81,-4.86797,-4.86797,-4.70389,-1.77463,-1.77463,3
2,11,72,0.100346,-0.0206656,-4.69937,-1.21867,-0.0206656,0
1,10,77,0.549955,1.18368,-4.67517,-1.58996,1.18368,1
1,1,5,6.40976,4.80404,2.97834,-0.805878,4.80404,0
3,5,66,0.119693,-0.378572,-4.06104,-0.806488,-0.378572,0
4,8,38,-1.89425,-2.05733,0.671689,-0.230343,0.671689,2
3,7,66,-0.77801,-0.223665,-4.06104,-0.806488,-0.223665,1
3,1,62,0.219917,0.799586,-3.86868,-0.735614,0.799586,1
3,17,77,-1.24813,-1.47382,-4.67517,-1.58996,-1.47382,0
3,3,64,-0.77514,-0.796248,-3.84075,-0.813937,-0.796248,0
2,3,98,-0.260003,-0.098023,-3.41916,-3.12829,-0.098023,1
3,14,54,0.0657009,-0.325011,-3.28628,-0.56961,-0.325011,0
2,19,65,-0.23287,0.196181,-4.11009,-0.783219,0.196181,1
1,16,84,-0.0299764,0.161303,-5.35927,-2.00544,0.161303,1
1,5,64,1.76601,2.05503,-3.84075,-0.813937,2.05503,1
1,6,6,5.92134,5.73495,2.97518,-0.805878,5.73495,0
3,16,77,-1.50928,-0.596023,-4.67517,-1.58996,-0.596023,1
2,16,32,2.73547,3.02583,1.7249,-0.805878,3.02583,1
4,3,59,0.149303,-0.493773,-3.59803,-0.651593,-0.651593,0
4,2,69,-0.71151,-0.322294,-4.38821,-0.937499,-0.937499,1
4,11,72,-4.11009,-2.76422,-4.69937,-1.21867,-1.21867,3
3,20,96,-2.44352,-2.93492,-3.41916,-2.99602,-2.93492,0
4,18,79,-4.69937,-4.69937,-4.30456,-1.7295,-1.7295,3
4,1,72,1.29593,1.42011,-4.69937,-1.21867,-4.69937,1
2,10,86,-0.784435,-0.207452,-5.61978,-2.01828,-0.207452,1
4,8,71,-3.84075,-3.69917,-4.4203,-1.13959,-4.4203,3
2,20,98,-2.27626,-1.81152,-3.41916,-3.12829,-1.81152,1
3,15,38,0.738903,1.58234,0.671689,-0.230343,1.58234,1
4,7,71,-3.84075,-3.69917,-4.4203,-1.13959,-1.13959,3
2,3,59,1.71634,0.588512,-3.59803,-0.651593,0.588512,0
3,12,51,-1.44138,0.0139765,-3.03783,-0.448822,0.0139765,1
4,6,71,-3.84075,-3.74892,-4.4203,-1.13959,-4.4203,3
3,9,35,2.32915,3.06651,1.44812,-0.805878,3.06651,1
4,4,71,-3.86868,-1.12341,-4.4203,-1.13959,-4.4203,1
4,3,71,-3.86868,1.60673,-4.4203,-1.13959,-1.13959,1
4,10,10,-0.318694,-0.226178,2.9161,-0.805878,2.9161,2
1,11,17,4.50894,5.30166,2.67763,-0.805878,5.30166,1
2,10,35,2.55261,3.14831,1.44812,-0.805878,3.14831,1
4,8,72,-4.11009,-3.82586,-4.69937,-1.21867,-1.21867,3
1,6,30,3.65134,4.41046,1.53923,-0.805878,4.41046,1
4,2,45,1.26367,0.165125,-0.989663,-0.351506,-0.989663,0
1,16,60,0.932572,1.35188,-3.62281,-0.563066,1.35188,1
2,4,68,0.881765,1.88851,-4.27007,-1.01066,1.88851,1
4,1,71,1.22699,1.25572,-4.4203,-1.13959,-1.13959,1
2,1,61,1.96542,2.06658,-3.77303,-0.607646,1.96542,1
4,19,37,-1.84662,-1.84662,0.962271,-0.077702,-0.077702,2
3,19,53,-0.376705,0.458096,-3.24637,-0.595251,0.458096,1
2,2,62,1.05216,1.87324,-3.86868,-0.735614,1.87324,1
1,14,64,0.222129,0.531642,-3.84075,-0.813937,0.531642,1
2,8,66,0.20983,1.10495,-4.06104,-0.806488,1.10495,1
2,6,66,0.0171209,0.684258,-4.06104,-0.806488,0.684258,1
4,17,32,-1.51638,-1.51638,1.7249,-0.805878,1.7249,2
3,18,59,-0.42544,-0.31886,-3.59803,-0.651593,-0.31886,1
2,11,71,0.178666,0.273764,-4.4203,-1.13959,0.273764,1
4,8,33,-1.57416,-1.75199,1.60775,-0.805878,1.60775,2
3,7,65,-0.210129,-0.164558,-4.11009,-0.783219,-0.164558,1
3,1,61,0.424147,0.989382,-3.77303,-0.607646,0.424147,1
1,10,74,0.616142,1.4077,-4.86797,-1.45906,1.4077,1
1,1,6,5.87596,3.96174,2.97518,-0.805878,3.96174,0
1,9,70,0.932078,1.155,-4.23657,-1.06699,1.155,1
2,18,18,3.94726,4.37484,2.65786,-0.805878,4.37484,1
3,5,65,0.278423,-0.34254,-4.11009,-0.783219,-0.34254,0
1,11,92,-0.114251,1.01832,-6.43894,-2.39982,1.01832,1
4,16,58,-3.03783,-0.913699,-3.5329,-0.497556,-0.497556,3
1,8,56,2.24322,3.1513,-3.43957,-0.474568,2.24322,1
4,10,71,-3.84075,-0.835411,-4.4203,-1.13959,-1.13959,1
1,17,27,3.69053,3.83671,1.79261,-0.805878,3.83671,1
3,17,25,2.46692,3.55244,2.04479,-0.805878,3.55244,1
3,9,69,-0.379475,0.250457,-4.38821,-0.937499,0.250457,1
1,16,87,-0.267266,-0.927194,-5.60239,-2.09737,-0.927194,0
1,5,71,1.09444,1.62546,-4.4203,-1.13959,1.62546,1
1,6,7,5.38099,5.12861,2.92731,-0.805878,5.12861,0
3,14,49,-0.0536502,0.941587,-2.3856,-0.416188,0.941587,1
2,19,94,-1.82275,-1.92897,-3.41916,-2.55553,-1.92897,0
3,16,76,-1.44071,-0.524821,-4.75214,-1.45125,-0.524821,1
3,20,99,-2.42836,-3.17801,-3.41916,-3.35117,-3.17801,0
4,18,78,-4.4203,-4.4203,-4.65291,-1.66623,-1.66623,3
2,16,39,2.23631,2.62147,0.982003,-0.317489,2.62147,1
4,3,48,-0.0668538,0.915209,-2.02538,-0.386848,-2.02538,1
4,11,71,-3.84075,-2.8026,-4.4203,-1.13959,-1.13959,3
2,1,60,2.30359,2.21294,-3.62281,-0.563066,2.21294,0
4,20,22,-0.882782,-0.882782,2.39276,-0.805878,2.39276,2
3,16,25,2.3449,2.87808,2.04479,-0.805878,2.87808,1
2,4,63,1.01893,2.34356,-4.03562,-0.692524,2.34356,1
4,19,44,-2.26409,-2.15442,-0.646582,-0.45329,-0.45329,3
3,19,44,-0.284694,-0.302242,-0.646582,-0.45329,-0.302242,0
3,17,98,-2.64172,-2.30059,-3.41916,-3.12829,-2.30059,1
4,17,35,-1.73068,-1.50512,1.44812,-0.805878,1.44812,2
3,18,56,-0.64981,-0.263221,-3.43957,-0.474568,-0.263221,1
2,11,70,-0.561947,-1.04589,-4.23657,-1.06699,-1.04589,0
4,8,32,-1.51638,-1.59331,1.7249,-0.805878,1.7249,2
3,7,64,-0.388312,-0.0703308,-3.84075,-0.813937,-0.0703308,1
3,1,60,0.256267,0.839989,-3.62281,-0.563066,0.839989,1
1,10,75,0.617784,1.42927,-4.90201,-1.41384,1.42927,1
1,1,7,6.01886,4.14704,2.92731,-0.805878,4.14704,0
1,9,71,1.07545,1.47916,-4.4203,-1.13959,1.47916,1
2,18,19,2.81062,2.49163,2.73033,-0.805878,2.49163,0
3,5,64,-1.31369,-2.90553,-3.84075,-0.813937,-2.90553,3
4,16,76,-4.38821,-4.38821,-4.75214,-1.45125,-1.45125,3
1,17,26,4.04723,3.91019,2.08517,-0.805878,3.91019,0
3,17,91,-2.1179,-2.03509,-6.29331,-2.45927,-2.03509,1
3,3,62,0.207133,-0.65244,-3.86868,-0.735614,-0.65244,0
2,3,96,-0.168392,0.00151153,-3.41916,-2.99602,0.00151153,1
3,14,52,-0.431562,-0.193381,-3.16282,-0.404636,-0.193381,1
2,19,67,-0.250617,0.0473085,-4.33476,-0.933887,0.0473085,1
3,16,75,-1.07875,-1.11697,-4.90201,-1.41384,-1.11697,0
3,3,7,3.56251,1.94504,2.92731,-0.805878,1.94504,0
3,19,78,-1.85172,-1.40006,-4.65291,-1.66623,-1.40006,1
4,14,50,-2.7155,-2.7155,-2.70986,-0.510597,-0.510597,3
4,18,77,-4.23657,-4.23657,-4.67517,-1.58996,-1.58996,3
2,16,38,1.75266,2.64116,0.671689,-0.230343,2.64116,1
4,3,49,-0.148379,0.687644,-2.3856,-0.416188,-2.3856,1
4,11,70,-4.03562,-3.82302,-4.23657,-1.06699,-1.06699,3
2,10,85,0.543534,-0.1497,-5.14185,-2.10808,-0.1497,0
4,8,70,-3.73967,-2.96142,-4.23657,-1.06699,-1.06699,3
2,3,58,1.51407,0.169906,-3.5329,-0.497556,0.169906,0
3,12,50,-0.16278,0.0170749,-2.70986,-0.510597,0.0170749,1
4,6,70,-1.46548,-0.510584,-4.23657,-1.06699,-1.06699,1
3,9,32,1.94276,1.27043,1.7249,-0.805878,1.27043,0
4,4,70,-1.0602,-0.963874,-4.23657,-1.06699,-1.06699,1
4,3,70,-0.521649,-1.30899,-4.23657,-1.06699,-1.06699,0
2,4,69,1.02617,1.77506,-4.38821,-0.937499,1.77506,1
4,1,70,0.920165,-2.03434,-4.23657,-1.06699,-1.87304,0
2,1,59,2.31301,2.34892,-3.59803,-0.651593,2.34892,1
4,19,35,-1.73068,-1.73068,1.44812,-0.805878,-0.805878,2
3,19,59,-0.579797,0.390575,-3.59803,-0.651593,0.390575,1
2,2,60,1.39554,2.26127,-3.62281,-0.563066,2.26127,1
4,20,21,-0.867753,-0.867753,2.59473,-0.805878,2.59473,2
3,16,24,2.4458,2.97622,2.20454,-0.805878,2.97622,1
2,4,62,1.40771,2.37795,-3.86868,-0.735614,2.37795,1
1,14,66,-0.623905,0.00961205,-4.06104,-0.806488,0.00961205,1
2,8,64,0.226973,1.4151,-3.84075,-0.813937,1.4151,1
2,6,64,0.722324,0.8213,-3.84075,-0.813937,0.8213,1
3,19,47,-0.393956,1.54179,-1.66582,-0.377744,1.54179,1
4,19,47,-2.47724,-2.47724,-1.66582,-0.377744,-0.377744,3
3,17,99,-2.70554,-2.4733,-3.41916,-3.35117,-2.70554,1
4,17,34,-1.65275,-1.42454,1.42834,-0.805878,1.42834,2
3,18,57,-0.735797,-0.105333,-3.55909,-0.534181,-0.105333,1
2,11,69,-0.203082,-0.883418,-4.38821,-0.937499,-0.883418,0
4,8,35,-1.73068,-1.91067,1.44812,-0.805878,1.44812,2
2,18,20,2.64156,3.12466,2.55099,-0.805878,3.12466,1
3,5,63,0.313932,-0.231226,-4.03562,-0.692524,-0.231226,0
3,12,47,0.627172,0.308923,-1.66582,-0.377744,0.308923,0
4,6,67,-1.28636,-0.312926,-4.33476,-0.933887,-4.33476,1
2,3,63,0.956561,0.117583,-4.03562,-0.692524,0.117583,0
3,9,67,-0.392715,1.19217,-4.33476,-0.933887,1.19217,1
2,3,99,-0.313135,-0.112076,-3.41916,-3.35117,-0.112076,1
3,14,55,-0.0345591,-0.375377,-3.26052,-0.458097,-0.375377,0
2,19,64,-0.0508042,0.236904,-3.84075,-0.813937,0.236904,1
3,16,74,-0.957295,-1.0212,-4.86797,-1.45906,-1.0212,0
3,3,24,3.00106,3.59466,2.20454,-0.805878,3.00106,1
3,19,77,-1.01302,-1.29197,-4.67517,-1.58996,-1.29197,0
3,20,97,-2.2841,-2.85858,-3.41916,-2.81209,-2.85858,0
4,18,76,-4.38821,-4.38821,-4.75214,-1.45125,-1.45125,3
2,16,37,1.64415,2.58988,0.962271,-0.077702,2.58988,1
4,3,54,0.359704,-0.0125335,-3.28628,-0.56961,-0.476823,0
4,11,69,-3.86868,-3.71707,-4.38821,-0.937499,-0.937499,3
1,11,90,0.0344332,1.09521,-6.05291,-2.36134,1.09521,1
1,8,62,1.71607,2.50782,-3.86868,-0.735614,2.50782,1
4,10,69,-3.77303,-2.86488,-4.38821,-0.937499,-0.937499,3
2,10,80,-0.0675182,0.0546063,-4.82344,-1.66435,-0.0675182,1
4,8,69,-3.63408,-2.91297,-4.38821,-0.937499,-0.937499,3
2,3,37,3.92888,3.77041,0.962271,-0.077702,3.77041,0
3,12,53,-0.807414,-0.228457,-3.24637,-0.595251,-0.228457,1
4,6,69,-1.4768,-0.513551,-4.38821,-0.937499,-4.38821,1
3,9,45,1.1843,1.03973,-0.989663,-0.351506,1.03973,0
4,4,69,-0.976343,-0.851125,-4.38821,-0.937499,-0.89906,1
4,3,69,-0.520142,-1.23029,-4.38821,-0.937499,-4.38821,0
4,1,69,0.885809,-1.85004,-4.38821,-0.937499,-0.937499,0
2,1,58,2.29749,2.29964,-3.5329,-0.497556,2.29964,1
4,19,32,-1.51638,-1.51638,1.7249,-0.805878,1.7249,2
3,19,56,-0.665304,0.204362,-3.43957,-0.474568,0.204362,1
2,2,59,1.51249,2.17768,-3.59803,-0.651593,2.17768,1
4,20,20,-0.805878,-0.805878,2.55099,-0.805878,2.55099,2
3,16,27,2.19849,2.58447,1.79261,-0.805878,2.58447,1
2,4,61,1.13803,2.58773,-3.77303,-0.607646,2.58773,1
2,8,15,3.8003,4.23484,2.8676,-0.805878,4.23484,1
1,3,11,5.32173,5.3159,2.80572,-0.805878,5.3159,0
2,17,77,-0.729895,-0.667942,-4.67517,-1.58996,-0.667942,1
4,19,46,-2.41163,-2.41163,-1.27338,-0.395639,-0.395639,3
3,19,46,-0.352644,1.61201,-1.27338,-0.395639,1.61201,1
3,17,96,-2.43744,-2.09845,-3.41916,-2.99602,-2.09845,1
4,17,37,-1.84662,-1.63289,0.962271,-0.077702,-0.077702,2
3,18,62,-0.691748,-0.593733,-3.86868,-0.735614,-0.593733,1
2,11,68,-0.0973782,-0.588199,-4.27007,-1.01066,-0.588199,0
4,8,34,-1.65275,-1.83409,1.42834,-0.805878,1.42834,2
2,18,21,4.27058,3.57332,2.59473,-0.805878,3.57332,0
1,10,65,0.996929,1.60243,-4.11009,-0.783219,1.60243,1
1,1,1,6.82698,6.64995,3,-0.805878,6.82698,0
3,5,62,0.383834,-0.289752,-3.86868,-0.735614,-0.289752,0
2,14,71,-1.01767,0.230952,-4.4203,-1.13959,0.230952,1
3,12,44,1.50099,1.73644,-0.646582,-0.45329,1.73644,1
4,6,92,-5.14185,-5.14185,-6.43894,-2.39982,-2.39982,3
2,3,60,1.42769,0.421973,-3.62281,-0.563066,0.421973,0
3,9,66,-0.133384,0.554963,-4.06104,-0.806488,0.554963,1
3,14,58,0.687881,-0.336474,-3.5329,-0.497556,-0.336474,0
2,19,69,-0.362367,0.151169,-4.38821,-0.937499,0.151169,1
4,7,53,0.833744,0.477024,-3.24637,-0.595251,-0.595251,0
3,15,72,-1.00126,-1.43477,-4.69937,-1.21867,-1.43477,0
3,16,73,-1.52014,-0.583953,-4.58061,-1.30758,-0.583953,1
4,14,48,-2.52467,-2.52467,-2.02538,-0.386848,-0.386848,3
4,18,75,-4.27007,-4.27007,-4.90201,-1.41384,-1.41384,3
2,16,36,1.86211,2.91788,1.45696,0.264588,2.91788,1
4,3,55,0.460931,-0.156481,-3.26052,-0.458097,-0.458097,0
4,11,68,-3.77303,-3.65951,-4.27007,-1.01066,-1.01066,3
2,10,87,-0.646067,-0.242243,-5.60239,-2.09737,-0.242243,1
4,8,68,-3.47184,-2.76979,-4.27007,-1.01066,-1.01066,3
2,3,36,4.03226,3.97583,1.45696,0.264588,3.97583,0
2,9,14,4.1377,3.91324,2.79075,-0.805878,3.91324,0
3,12,52,-0.652595,0.171836,-3.16282,-0.404636,0.171836,1
4,6,68,-1.31777,-0.378899,-4.27007,-1.01066,-4.27007,1
3,9,34,2.10376,2.98653,1.42834,-0.805878,2.98653,1
4,4,68,-0.86627,-0.768137,-4.27007,-1.01066,-1.01066,1
4,3,68,-0.417905,-1.06792,-4.27007,-1.01066,-1.02016,0
4,1,68,1.06944,-1.7831,-4.27007,-1.01066,-1.7831,0
2,1,57,2.63974,2.33361,-3.55909,-0.534181,2.33361,0
4,4,99,-6.43894,-6.43894,-3.41916,-3.35117,-3.35117,3
3,9,71,-0.231213,-0.96767,-4.4203,-1.13959,-0.96767,0
3,16,26,2.21291,2.8096,2.08517,-0.805878,2.8096,1
2,4,60,1.41712,2.75791,-3.62281,-0.563066,2.75791,1
4,17,36,-1.77946,-1.56309,1.45696,0.264588,0.264588,2
3,18,63,-0.732761,-0.638494,-4.03562,-0.692524,-0.638494,1
2,11,67,0.0254253,-0.530394,-4.33476,-0.933887,-0.530394,0
1,10,78,0.691006,1.24322,-4.65291,-1.66623,1.24322,1
1,1,2,6.51409,6.30944,2.95846,-0.805878,6.30944,0
1,9,66,1.27,1.47831,-4.06104,-0.806488,1.47831,1
2,18,22,4.02083,3.28676,2.39276,-0.805878,3.28676,0
3,5,61,0.503135,-0.146806,-3.77303,-0.607646,-0.146806,0
2,14,70,-0.0398659,-0.428793,-4.23657,-1.06699,-0.428793,0
1,11,91,-0.0821984,0.969221,-6.29331,-2.45927,-0.0821984,1
1,8,63,1.6587,2.39395,-4.03562,-0.692524,2.39395,1
4,16,59,-3.16282,-0.96083,-3.59803,-0.651593,-0.651593,3
4,10,68,-3.62281,-2.75004,-4.27007,-1.01066,-1.01066,3
4,1,26,2.82604,2.01431,2.08517,-0.805878,1.61148,0
4,8,45,-2.61941,1.82255,-0.989663,-0.351506,-0.989663,1
3,17,36,1.54378,2.36905,1.45696,0.264588,2.36905,1
3,3,59,0.385785,-0.404297,-3.59803,-0.651593,-0.404297,0
3,1,43,3.0595,1.24853,-0.351569,-0.382527,1.24853,0
3,7,63,-0.0576517,-0.0474258,-4.03562,-0.692524,-0.0474258,1
2,3,97,-0.199307,-0.0999188,-3.41916,-2.81209,-0.0999188,1
3,14,53,-0.123911,-0.411742,-3.24637,-0.595251,-0.411742,0
2,19,66,-0.340505,0.129026,-4.06104,-0.806488,0.129026,1
4,7,36,-1.77946,-0.269743,1.45696,0.264588,1.45696,2
3,15,71,-0.929201,-0.841155,-4.4203,-1.13959,-0.841155,1
3,16,72,-0.934841,-0.919954,-4.69937,-1.21867,-0.919954,1
4,14,51,-2.78547,-2.62242,-3.03783,-0.448822,-0.448822,3
4,18,74,-4.33476,-4.33476,-4.86797,-1.45906,-1.45906,3
2,16,59,-0.357007,-0.169989,-3.59803,-0.651593,-0.169989,1
4,3,12,-0.344814,6.54169,2.93608,-0.805878,2.93608,1
4,11,67,-3.62281,-3.56107,-4.33476,-0.933887,-0.933887,3
1,11,26,3.9897,4.56124,2.08517,-0.805878,4.56124,1
2,10,42,2.92696,3.27388,-0.0637023,-0.353411,3.27388,1
4,8,67,-3.46812,-2.70683,-4.33476,-0.933887,-0.933887,3
3,9,39,1.96664,1.87903,0.982003,-0.317489,1.87903,0
4,4,67,-0.807209,-0.697149,-4.33476,-0.933887,-0.933887,1
4,3,67,-0.263553,-1.02781,-4.33476,-0.933887,-0.933887,0
2,4,64,0.919986,2.05061,-3.84075,-0.813937,2.05061,1
4,1,67,1.11907,-1.70703,-4.33476,-0.933887,-1.70703,0
4,19,62,-3.26052,-3.37597,-3.86868,-0.735614,-0.735614,3
3,19,62,-0.75512,0.0966931,-3.86868,-0.735614,0.0966931,1
2,2,57,1.60871,2.55946,-3.55909,-0.534181,2.55946,1
4,4,98,-6.29331,-6.29331,-3.41916,-3.12829,-3.12829,3
3,9,68,-1.23482,0.558825,-4.27007,-1.01066,0.558825,1
4,20,26,-1.12974,-1.12974,2.08517,-0.805878,2.08517,2
3,16,29,2.23292,2.24317,1.67657,-0.805878,2.24317,1
2,4,59,1.19666,2.82049,-3.59803,-0.651593,2.82049,1
1,5,66,1.51162,2.12783,-4.06104,-0.806488,2.12783,1
1,16,42,2.6693,2.32013,-0.0637023,-0.353411,2.32013,0
3,20,88,-1.75948,-2.29183,-5.55605,-2.24038,-2.29183,0
4,17,39,-1.93459,-1.84962,0.982003,-0.317489,-0.317489,2
3,18,60,-0.536504,-0.446471,-3.62281,-0.563066,-0.446471,1
2,11,66,-0.400558,-0.709043,-4.06104,-0.806488,-0.709043,0
1,10,79,0.363055,0.833726,-4.30456,-1.7295,0.833726,1
1,1,3,6.02486,5.54437,3,-0.805878,5.54437,0
1,9,67,1.34357,1.39499,-4.33476,-0.933887,1.39499,1
2,18,23,4.29468,3.26897,2.09672,-0.805878,3.26897,0
3,5,60,0.242627,-0.100122,-3.62281,-0.563066,-0.100122,0
3,20,77,-1.11741,-1.39507,-4.67517,-1.58996,-1.39507,0
4,7,40,-2.00091,-0.133107,0.424054,-0.32524,0.424054,2
3,15,75,-1.17473,-1.83878,-4.90201,-1.41384,-1.83878,0
1,11,88,-0.103546,0.95298,-5.55605,-2.24038,0.95298,1
1,8,60,1.59148,2.66552,-3.62281,-0.563066,2.66552,1
4,10,67,-3.59803,-2.66306,-4.33476,-0.933887,-0.933887,3
4,1,27,2.88779,1.80869,1.79261,-0.805878,-0.557345,0
4,8,44,-2.26409,-0.509623,-0.646582,-0.45329,-0.646582,3
3,1,42,2.83321,1.3462,-0.0637023,-0.353411,1.3462,0
3,7,62,-1.84254,-0.729166,-3.86868,-0.735614,-0.729166,1
3,12,46,0.774087,0.717151,-1.27338,-0.395639,0.717151,0
4,6,66,-1.2405,-0.226536,-4.06104,-0.806488,-0.806488,1
2,3,62,1.3623,0.229453,-3.86868,-0.735614,0.229453,0
3,9,64,-1.0445,0.694427,-3.84075,-0.813937,0.694427,1
1,5,78,0.938139,1.13109,-4.65291,-1.66623,0.938139,1
1,16,46,2.71635,2.69692,-1.27338,-0.395639,2.69692,0
1,6,12,5.30115,5.52965,2.93608,-0.805878,5.52965,1
3,14,56,-0.0542446,-0.57136,-3.43957,-0.474568,-0.57136,0
2,19,71,-1.00058,-2.54815,-4.4203,-1.13959,-2.54815,0
3,14,91,-2.31699,-1.82442,-6.29331,-2.45927,-1.82442,1
2,19,36,2.0928,2.15419,1.45696,0.264588,2.15419,1
3,11,66,-0.735006,-1.53504,-4.06104,-0.806488,-1.53504,0
2,16,68,-0.882808,-0.915438,-4.27007,-1.01066,-0.915438,0
3,13,68,-0.804261,-0.790371,-4.27007,-1.01066,-0.790371,1
4,7,39,-1.93459,-0.0439739,0.982003,-0.317489,0.982003,2
3,15,70,-0.590181,-1.49384,-4.23657,-1.06699,-1.49384,0
3,16,71,-1.12295,-0.876975,-4.4203,-1.13959,-0.876975,1
4,14,54,-2.99027,-2.87311,-3.28628,-0.56961,-0.56961,3
3,20,26,2.04479,2.22814,2.08517,-0.805878,2.22814,1
4,18,73,-4.06104,-4.06104,-4.58061,-1.30758,-1.30758,3
2,16,58,-0.198035,-0.228967,-3.5329,-0.497556,-0.228967,0
4,3,13,-0.496319,0.635641,2.91513,-0.805878,2.91513,2
4,11,66,-3.59803,-3.47404,-4.06104,-0.806488,-0.806488,3
1,11,27,4.01702,4.87418,1.79261,-0.805878,4.87418,1
2,10,41,2.76463,3.24066,0.201755,-0.28101,3.24066,1
4,8,66,-3.4135,-2.51453,-4.06104,-0.806488,-0.806488,3
3,9,36,2.22302,3.04778,1.45696,0.264588,3.04778,1
4,4,66,-0.799307,-0.535505,-4.06104,-0.806488,-4.06104,1
4,3,66,-0.249383,-1.00933,-4.06104,-0.806488,-0.806488,0
2,4,65,0.922055,2.10407,-4.11009,-0.783219,2.10407,1
4,1,66,1.14477,-1.65021,-4.06104,-0.806488,-0.806488,0
2,1,55,2.73225,2.46186,-3.26052,-0.458097,2.46186,0
4,19,63,-3.43957,-3.45325,-4.03562,-0.692524,-0.692524,3
3,19,63,-0.81182,-0.0981757,-4.03562,-0.692524,-0.0981757,1
2,2,56,1.67349,2.56373,-3.43957,-0.474568,2.56373,1
4,4,97,-6.05291,-6.05291,-3.41916,-2.81209,-2.81209,3
3,9,65,-0.120125,1.13279,-4.11009,-0.783219,1.13279,1
3,12,49,0.110875,0.153078,-2.3856,-0.416188,0.153078,1
4,6,65,-1.14561,-0.161826,-4.11009,-0.783219,-0.783219,1
2,3,57,1.77506,0.380043,-3.55909,-0.534181,0.380043,0
4,20,25,-1.10732,-1.10732,2.04479,-0.805878,2.04479,2
3,16,28,2.22233,2.38766,1.70711,-0.805878,2.38766,1
2,4,58,1.22196,2.67406,-3.5329,-0.497556,2.67406,1
3,20,89,-1.77526,-2.61584,-5.75042,-2.39784,-2.61584,0
1,14,52,1.49654,1.39761,-3.16282,-0.404636,1.49654,0
2,6,46,1.97265,1.95942,-1.27338,-0.395639,1.95942,0
2,8,62,-0.0940362,1.42329,-3.86868,-0.735614,1.42329,1
3,4,63,0.476763,-1.1657,-4.03562,-0.692524,-1.1657,0
2,3,23,4.82938,4.33134,2.09672,-0.805878,4.33134,0
2,9,63,0.478434,-0.755932,-4.03562,-0.692524,-0.755932,0
4,17,38,-1.89425,-1.68155,0.671689,-0.230343,0.671689,2
3,18,61,-0.697368,-0.578033,-3.77303,-0.607646,-0.578033,1
2,11,65,-0.330991,-0.649431,-4.11009,-0.783219,-0.649431,0
1,10,68,1.01635,1.44026,-4.27007,-1.01066,1.44026,1
1,1,28,2.97835,3.92951,1.70711,-0.805878,3.92951,1
2,18,24,2.95116,2.90779,2.20454,-0.805878,2.90779,0
3,5,59,-1.2717,-2.5854,-3.59803,-0.651593,-2.5854,3
4,8,63,-3.14317,-2.21612,-4.03562,-0.692524,-0.692524,3
3,7,91,-1.01878,-1.06932,-6.29331,-2.45927,-1.06932,0
3,1,55,-0.205484,1.10993,-3.26052,-0.458097,1.10993,1
1,3,82,1.22663,0.0722392,-5.04662,-1.89873,0.0722392,0
4,17,94,-5.60239,-5.60239,-3.41916,-2.55553,-2.55553,3
2,11,57,0.244998,-0.266093,-3.55909,-0.534181,-0.266093,0
3,19,19,4.80143,2.80665,2.73033,-0.805878,2.80665,0
3,3,90,-0.902595,-0.829258,-6.05291,-2.36134,-0.829258,1
4,19,75,-4.27007,-4.27007,-4.90201,-1.41384,-1.41384,3
3,17,71,-1.95653,-1.35868,-4.4203,-1.13959,-1.35868,3
3,1,41,2.81794,1.02324,0.201755,-0.28101,1.02324,0
3,7,61,-0.926778,-0.0249105,-3.77303,-0.607646,-0.0249105,1
1,5,77,1.04794,1.03973,-4.67517,-1.58996,1.03973,0
1,16,41,2.90892,2.67133,0.201755,-0.28101,2.67133,0
1,6,13,4.98239,5.34369,2.91513,-0.805878,5.34369,1
3,14,59,0.423473,-0.502618,-3.59803,-0.651593,-0.502618,0
2,19,68,-0.614935,-0.177165,-4.27007,-1.01066,-0.177165,1
3,14,88,-2.47795,-1.65496,-5.55605,-2.24038,-1.65496,1
2,19,39,2.24554,1.54915,0.982003,-0.317489,1.54915,0
3,11,67,-0.497514,-1.62309,-4.33476,-0.933887,-1.62309,0
2,16,69,-0.61448,-0.787671,-4.38821,-0.937499,-0.787671,0
3,13,67,-2.02462,-0.824803,-4.33476,-0.933887,-0.824803,1
4,7,38,-1.89425,-0.27729,0.671689,-0.230343,0.671689,2
3,15,69,-0.321967,-0.79736,-4.38821,-0.937499,-0.79736,0
3,16,70,-0.475311,-0.405143,-4.23657,-1.06699,-0.405143,1
3,3,4,2.60494,5.25831,2.97261,-0.805878,5.25831,1
3,19,73,-1.58072,-1.06641,-4.58061,-1.30758,-1.06641,1
4,14,49,-2.61941,-2.61941,-2.3856,-0.416188,-2.3856,3
4,18,72,-4.11009,-4.11009,-4.69937,-1.21867,-1.21867,3
2,16,57,-0.149615,-0.232601,-3.55909,-0.534181,-0.232601,0
4,3,50,-0.327584,0.699129,-2.70986,-0.510597,-0.510597,1
4,11,65,-3.5329,-3.40315,-4.11009,-0.783219,-0.783219,3
1,11,24,3.86797,4.70253,2.20454,-0.805878,4.70253,1
2,10,84,0.632209,-0.0629547,-5.35927,-2.00544,0.632209,0
4,8,65,-3.39396,-2.48715,-4.11009,-0.783219,-2.48715,3
3,9,33,2.50091,3.10359,1.60775,-0.805878,3.10359,1
4,4,65,-0.616874,-0.423255,-4.11009,-0.783219,-0.783219,1
4,3,65,-0.191769,-0.881509,-4.11009,-0.783219,-4.11009,0
2,4,70,0.741522,1.75967,-4.23657,-1.06699,1.75967,1
4,1,65,1.22238,-1.58764,-4.11009,-0.783219,-0.783219,0
2,1,54,2.82455,2.57747,-3.28628,-0.56961,2.57747,0
2,2,55,1.79447,2.69409,-3.26052,-0.458097,2.69409,1
4,4,96,-5.75042,-5.75042,-3.41916,-2.99602,-2.99602,3
3,9,70,-0.263594,-0.400241,-4.23657,-1.06699,-0.400241,0
3,12,48,0.373955,0.398675,-2.02538,-0.386848,0.398675,1
4,6,64,-1.06276,-0.0812218,-3.84075,-0.813937,-0.813937,1
2,3,56,1.81254,0.976273,-3.43957,-0.474568,0.976273,0
4,20,24,-1.02966,-1.02966,2.20454,-0.805878,2.20454,2
3,20,94,-2.38463,-2.68403,-3.41916,-2.55553,-2.68403,0
1,14,53,1.16479,1.02243,-3.24637,-0.595251,1.02243,0
2,6,47,1.53674,1.91524,-1.66582,-0.377744,1.53674,1
2,8,61,0.166716,1.68704,-3.77303,-0.607646,1.68704,1
3,4,62,0.568206,-0.968979,-3.86868,-0.735614,-0.968979,0
2,3,20,4.81513,4.86295,2.55099,-0.805878,4.86295,1
2,9,62,0.652938,-0.84101,-3.86868,-0.735614,-0.84101,0
4,17,41,-2.08792,-1.98737,0.201755,-0.28101,-0.28101,2
3,18,50,0.0178239,0.733537,-2.70986,-0.510597,0.733537,1
2,11,64,-0.072927,-0.400448,-3.84075,-0.813937,-0.400448,0
2,7,60,0.775072,1.34348,-3.62281,-0.563066,1.34348,1
2,12,65,1.22537,0.142636,-4.11009,-0.783219,0.142636,0
2,18,25,3.66642,2.4727,2.04479,-0.805878,2.4727,0
3,5,58,-0.514079,-2.55625,-3.5329,-0.497556,-2.55625,3
4,8,62,-3.17958,-2.06814,-3.86868,-0.735614,-0.735614,3
3,7,90,-2.01585,-0.761181,-6.05291,-2.36134,-0.761181,1
3,1,54,1.34209,2.07919,-3.28628,-0.56961,1.34209,1
4,7,41,-2.08792,-0.144435,0.201755,-0.28101,0.201755,2
3,15,76,-1.24133,-1.58065,-4.75214,-1.45125,-1.58065,0
1,11,89,-0.366288,0.795868,-5.75042,-2.39784,0.795868,1
1,8,61,2.03064,2.67085,-3.77303,-0.607646,2.67085,1
4,10,66,-3.5329,-2.57703,-4.06104,-0.806488,-0.806488,3
3,1,40,2.77087,1.0925,0.424054,-0.32524,1.0925,0
3,7,60,-0.223984,0.110301,-3.62281,-0.563066,0.110301,1
4,19,84,-4.67517,-4.67517,-5.35927,-2.00544,-2.00544,3
3,19,36,1.68571,1.63791,1.45696,0.264588,1.63791,0
3,3,97,-1.28607,-1.19066,-3.41916,-2.81209,-1.19066,1
3,10,63,0.374062,-0.195711,-4.03562,-0.692524,-0.195711,0
1,5,72,1.10595,1.38261,-4.69937,-1.21867,1.38261,1
1,16,44,2.81028,2.24593,-0.646582,-0.45329,2.24593,0
1,6,14,5.21933,5.85378,2.79075,-0.805878,5.85378,1
3,14,62,-0.00398169,-0.553896,-3.86868,-0.735614,-0.553896,0
2,19,73,-0.922453,-2.67005,-4.58061,-1.30758,-2.67005,0
4,18,71,-3.84075,-3.84075,-4.4203,-1.13959,-1.13959,3
4,7,33,-1.57416,-0.400292,1.60775,-0.805878,1.60775,2
3,15,68,-0.0838055,-0.742686,-4.27007,-1.01066,-0.742686,0
3,16,69,-0.486126,-0.154017,-4.38821,-0.937499,-0.154017,1
1,3,85,0.997083,-0.0203219,-5.14185,-2.10808,-0.0203219,0
4,17,95,-5.55605,-5.55605,-3.41916,-2.85377,-2.85377,3
2,11,58,0.0022648,-0.396007,-3.5329,-0.497556,-0.396007,0
3,3,93,-0.941642,-0.920462,-3.41916,-2.51688,-0.920462,1
4,19,72,-4.11009,-4.11009,-4.69937,-1.21867,-1.21867,3
3,17,70,-0.877538,0.496571,-4.23657,-1.06699,0.496571,1
2,16,56,0.188167,-0.130206,-3.43957,-0.474568,-0.130206,0
4,3,51,0.580694,-0.23949,-3.03783,-0.448822,-3.03783,0
4,11,64,-3.55909,-3.41271,-3.84075,-0.813937,-0.813937,3
1,11,25,3.65279,4.373,2.04479,-0.805878,4.373,1
2,10,43,2.52879,2.7456,-0.351569,-0.382527,2.7456,1
4,8,64,-3.27216,-2.44968,-3.84075,-0.813937,-0.813937,3
3,9,38,2.23865,3.07101,0.671689,-0.230343,3.07101,1
4,4,64,-0.515628,-0.388529,-3.84075,-0.813937,-3.84075,1
4,3,64,-0.043714,-0.986125,-3.84075,-0.813937,-0.813937,0
2,4,71,0.588714,0.972392,-4.4203,-1.13959,0.972392,1
4,1,64,1.11452,-1.70283,-3.84075,-0.813937,1.11452,0
4,20,23,-0.967684,-0.967684,2.09672,-0.805878,2.09672,2
3,20,95,-2.15164,-2.79294,-3.41916,-2.85377,-2.79294,0
2,6,44,2.06329,2.90276,-0.646582,-0.45329,2.90276,1
1,14,54,1.0608,0.917326,-3.28628,-0.56961,0.917326,0
2,8,60,-0.235059,1.72434,-3.62281,-0.563066,1.72434,1
2,14,69,-0.369015,-0.587085,-4.38821,-0.937499,-0.587085,0
1,3,88,0.903772,0.821777,-5.55605,-2.24038,0.821777,0
4,17,88,-4.70389,-4.70389,-5.55605,-2.24038,-2.24038,3
2,11,63,-0.497958,-0.8733,-4.03562,-0.692524,-0.8733,0
2,7,61,0.560459,1.04275,-3.77303,-0.607646,1.04275,1
2,12,64,1.24826,-0.501665,-3.84075,-0.813937,-0.501665,0
1,17,19,3.08527,3.36382,2.73033,-0.805878,3.36382,1
3,17,80,-1.43701,-1.61745,-4.82344,-1.66435,-1.61745,0
3,3,55,-0.281791,-0.296447,-3.26052,-0.458097,-0.296447,0
1,10,66,1.13153,1.62186,-4.06104,-0.806488,1.62186,1
1,1,30,3.36415,4.1284,1.53923,-0.805878,4.1284,1
2,18,26,3.50444,2.16882,2.08517,-0.805878,2.16882,0
3,5,57,-1.01978,-2.5823,-3.55909,-0.534181,-2.5823,3
4,8,57,-2.92824,-2.0997,-3.55909,-0.534181,-3.55909,3
3,7,89,-0.942645,-0.932348,-5.75042,-2.39784,-0.932348,1
3,1,53,0.593564,1.1454,-3.24637,-0.595251,1.1454,1
3,20,75,-1.02624,-1.15534,-4.90201,-1.41384,-1.15534,0
4,7,42,-2.16262,-0.273233,-0.0637023,-0.353411,-0.0637023,2
3,15,73,-1.0394,-1.15629,-4.58061,-1.30758,-1.15629,0
1,11,70,0.203223,0.512153,-4.23657,-1.06699,0.512153,1
4,10,65,-3.55909,-2.53598,-4.11009,-0.783219,-0.783219,3
3,3,91,-1.78888,-0.812597,-6.29331,-2.45927,-0.812597,1
3,17,68,-0.726657,0.188167,-4.27007,-1.01066,0.188167,1
4,19,74,-4.33476,-4.33476,-4.86797,-1.45906,-1.45906,3
4,16,71,-3.84075,-3.84075,-4.4203,-1.13959,-1.13959,3
3,1,23,3.63683,4.42688,2.09672,-0.805878,4.42688,1
3,7,59,-1.70733,-0.427039,-3.59803,-0.651593,-0.427039,1
3,10,62,-0.270387,-0.714099,-3.86868,-0.735614,-0.714099,0
1,5,79,0.894591,0.987394,-4.30456,-1.7295,0.894591,1
1,16,47,2.48556,2.59148,-1.66582,-0.377744,2.59148,1
1,6,15,5.3089,5.36618,2.8676,-0.805878,5.36618,1
3,14,57,-0.0825556,-0.63831,-3.55909,-0.534181,-0.63831,0
2,19,70,-0.531479,-0.0507554,-4.23657,-1.06699,-0.0507554,1
4,18,70,-4.03562,-0.880559,-4.23657,-1.06699,-1.06699,1
4,7,32,-1.51638,0.142811,1.7249,-0.805878,1.7249,2
3,15,67,-0.475194,-1.34936,-4.33476,-0.933887,-1.34936,0
3,16,68,-0.709677,-0.110815,-4.27007,-1.01066,-0.110815,1
3,18,27,2.07507,2.41559,1.79261,-0.805878,2.41559,1
2,11,39,3.11104,2.26142,0.982003,-0.317489,2.26142,0
1,3,80,1.24438,0.282863,-4.82344,-1.66435,0.282863,0
4,17,64,-3.55909,-0.865292,-3.84075,-0.813937,-0.813937,3
3,3,88,-0.597989,-0.762339,-5.55605,-2.24038,-0.762339,0
4,19,77,-4.23657,-4.23657,-4.67517,-1.58996,-1.58996,3
3,17,69,-0.778017,0.11257,-4.38821,-0.937499,0.11257,1
2,16,63,-0.598467,-0.386021,-4.03562,-0.692524,-0.386021,1
4,3,8,4.26829,0.903991,2.93668,-0.805878,2.93668,0
4,11,63,-3.43957,-3.32208,-4.03562,-0.692524,-0.692524,3
2,18,72,-0.936176,0.00818675,-4.69937,-1.21867,0.00818675,1
1,20,92,-1.26905,-0.700395,-6.43894,-2.39982,-0.700395,1
4,14,24,-1.02966,-0.698265,2.20454,-0.805878,2.20454,2
4,6,63,-0.971096,0.135396,-4.03562,-0.692524,-0.692524,1
3,9,43,1.20932,0.722367,-0.351569,-0.382527,0.722367,0
4,4,63,-0.481443,-0.279654,-4.03562,-0.692524,-4.03562,1
4,2,65,-0.531662,-0.0151402,-4.11009,-0.783219,-4.11009,1
4,11,76,-4.38821,-3.0935,-4.75214,-1.45125,-1.45125,3
2,16,44,1.52334,2.08713,-0.646582,-0.45329,2.08713,1
4,3,63,-0.0821689,-0.953754,-4.03562,-0.692524,-0.692524,0
4,20,30,-1.41916,-1.41916,1.53923,-0.805878,1.53923,2
3,20,92,-1.97451,-2.53179,-6.43894,-2.39982,-2.53179,0
2,6,45,1.5828,1.88087,-0.989663,-0.351506,1.88087,1
1,14,55,1.18507,1.08351,-3.26052,-0.458097,1.08351,0
2,8,59,0.0446109,1.51985,-3.59803,-0.651593,1.51985,1
2,14,68,-0.105718,-0.475874,-4.27007,-1.01066,-0.475874,0
1,3,89,0.67024,0.840099,-5.75042,-2.39784,0.840099,1
4,17,91,-5.35927,-5.35927,-6.29331,-2.45927,-2.45927,3
2,11,62,-0.212295,-0.64121,-3.86868,-0.735614,-0.64121,0
1,17,18,3.62753,4.5189,2.65786,-0.805878,4.5189,1
1,10,67,0.883372,1.37944,-4.33476,-0.933887,1.37944,1
1,1,31,3.54976,4.35077,1.72456,-0.805878,4.35077,1
2,18,27,3.39397,2.7703,1.79261,-0.805878,2.7703,0
3,5,56,-0.960157,-2.44365,-3.43957,-0.474568,-2.44365,3
2,14,65,0.18654,-0.229561,-4.11009,-0.783219,-0.229561,0
3,3,15,4.15775,3.52605,2.8676,-0.805878,3.52605,0
3,19,70,-1.17752,-0.429179,-4.23657,-1.06699,-0.429179,1
4,8,56,-2.89429,-2.11781,-3.43957,-0.474568,-0.474568,3
3,7,88,-0.829971,-0.687084,-5.55605,-2.24038,-0.687084,1
3,1,52,0.654492,1.201,-3.16282,-0.404636,1.201,1
4,7,43,-2.24665,-0.2391,-0.351569,-0.382527,-0.382527,1
3,15,74,-1.08762,-1.46232,-4.86797,-1.45906,-1.46232,0
1,11,71,0.786988,1.47125,-4.4203,-1.13959,1.47125,1
4,10,64,-3.43957,-2.49088,-3.84075,-0.813937,-0.813937,3
4,16,70,-4.03562,-1.56858,-4.23657,-1.06699,-1.06699,3
3,1,22,3.51047,4.3614,2.39276,-0.805878,4.3614,1
3,7,58,-0.135578,0.312072,-3.5329,-0.497556,0.312072,1
4,19,82,-4.90201,-4.90201,-5.04662,-1.89873,-1.89873,3
3,19,42,-0.235091,-0.167758,-0.0637023,-0.353411,-0.167758,2
3,3,99,-1.22585,-1.41565,-3.41916,-3.35117,-1.41565,0
3,10,61,-0.0557678,-0.62547,-3.77303,-0.607646,-0.62547,0
3,12,63,-0.601208,-0.872535,-4.03562,-0.692524,-0.872535,0
2,16,64,-0.793383,-0.652396,-3.84075,-0.813937,-0.652396,1
3,13,64,-0.862479,-0.613153,-3.84075,-0.813937,-0.613153,1
1,3,13,4.92677,5.33173,2.91513,-0.805878,5.33173,1
2,6,31,3.48607,3.75752,1.72456,-0.805878,3.75752,1
2,8,13,4.64615,4.91104,2.91513,-0.805878,4.91104,1
4,18,69,-3.86868,-0.458969,-4.38821,-0.937499,-0.937499,1
1,11,95,-0.337912,0.788594,-3.41916,-2.85377,0.788594,1
4,16,63,-3.43957,-1.64677,-4.03562,-0.692524,-0.692524,3
1,8,59,1.95552,2.87377,-3.59803,-0.651593,2.87377,1
4,10,72,-4.11009,-0.852584,-4.69937,-1.21867,-1.21867,1
4,7,35,-1.73068,-0.260641,1.44812,-0.805878,1.44812,2
3,15,66,-0.165997,-0.506488,-4.06104,-0.806488,-0.506488,0
3,16,67,-0.766287,-0.0448141,-4.33476,-0.933887,-0.0448141,1
1,3,83,1.06434,0.125054,-5.22327,-1.89942,0.125054,0
4,17,65,-3.5329,-0.815452,-4.11009,-0.783219,-0.783219,3
3,18,26,2.08472,2.81389,2.08517,-0.805878,2.81389,1
2,11,56,0.404575,-0.149205,-3.43957,-0.474568,-0.149205,0
2,16,62,-0.510803,-0.357849,-3.86868,-0.735614,-0.357849,1
4,3,9,-0.247152,-0.323307,2.89122,-0.805878,2.89122,2
4,11,62,-3.26052,-3.18042,-3.86868,-0.735614,-0.735614,3
1,9,9,5.34342,5.26528,2.89122,-0.805878,5.26528,0
2,18,73,-1.05657,-0.150989,-4.58061,-1.30758,-0.150989,1
1,20,95,-1.25824,-1.01514,-3.41916,-2.85377,-1.01514,1
4,14,25,-1.10732,-0.741393,2.04479,-0.805878,2.04479,2
4,6,62,-0.952539,0.396625,-3.86868,-0.735614,-0.735614,1
3,9,40,1.56355,0.954969,0.424054,-0.32524,0.954969,0
4,4,62,-0.420669,-0.239666,-3.86868,-0.735614,-3.86868,1
4,2,64,-0.46557,-0.0733472,-3.84075,-0.813937,-0.443642,1
4,11,77,-4.23657,-3.16662,-4.67517,-1.58996,-1.58996,3
2,16,45,0.792938,2.93984,-0.989663,-0.351506,2.93984,1
4,3,62,-0.0169886,-0.785043,-3.86868,-0.735614,-0.785043,0
2,1,51,2.56412,2.90205,-3.03783,-0.448822,2.90205,1
4,20,29,-1.34672,-1.34672,1.67657,-0.805878,1.67657,2
3,16,16,2.8676,2.81026,2.59926,-0.805878,2.81026,0
2,4,54,1.63619,2.65708,-3.28628,-0.56961,2.65708,1
3,20,93,-2.29125,-2.88358,-3.41916,-2.51688,-2.88358,0
2,6,42,2.45689,3.44386,-0.0637023,-0.353411,3.44386,1
1,14,56,0.696669,0.814662,-3.43957,-0.474568,0.814662,1
2,8,58,0.598756,1.25249,-3.5329,-0.497556,1.25249,1
2,14,75,-0.438749,-0.36881,-4.90201,-1.41384,-0.36881,1
1,3,86,0.96611,0.620033,-5.61978,-2.01828,0.620033,0
4,17,90,-5.22327,-5.22327,-6.05291,-2.36134,-2.36134,3
2,11,61,0.0918102,-0.50039,-3.77303,-0.607646,-0.50039,0
1,17,29,3.51427,3.32745,1.67657,-0.805878,3.32745,0
1,10,88,0.13612,0.544032,-5.55605,-2.24038,0.544032,1
1,1,24,4.36604,4.43113,2.20454,-0.805878,4.43113,1
2,18,28,3.28175,3.69362,1.70711,-0.805878,3.69362,1
3,5,55,0.639733,-0.0103693,-3.26052,-0.458097,-0.0103693,0
2,14,64,0.351222,-0.265459,-3.84075,-0.813937,-0.265459,0
4,8,59,-2.97296,-2.00057,-3.59803,-0.651593,-2.00057,3
3,7,71,-0.768306,-0.389827,-4.4203,-1.13959,-0.389827,1
3,1,51,0.818144,1.3589,-3.03783,-0.448822,0.818144,1
2,14,63,0.0847661,-0.44459,-4.03562,-0.692524,-0.44459,0
4,10,63,-3.26052,-2.41744,-4.03562,-0.692524,-0.692524,3
2,11,43,2.92253,2.00264,-0.351569,-0.382527,2.00264,0
3,18,23,4.12903,3.15546,2.09672,-0.805878,3.15546,0
4,13,66,-3.59803,-2.17111,-4.06104,-0.806488,-0.806488,3
4,16,69,-3.86868,-1.58857,-4.38821,-0.937499,-0.937499,3
3,1,21,3.47754,4.34181,2.59473,-0.805878,4.34181,1
3,7,57,0.374568,0.346329,-3.55909,-0.534181,0.346329,0
4,19,85,-4.65291,-4.65291,-5.14185,-2.10808,-2.10808,3
3,19,37,1.59893,0.733363,0.962271,-0.077702,0.733363,0
3,3,96,-1.19374,-1.2327,-3.41916,-2.99602,-1.2327,0
3,10,60,0.110744,-0.476092,-3.62281,-0.563066,-0.476092,0
3,12,62,-0.51919,-0.39262,-3.86868,-0.735614,-0.39262,1
4,15,78,-4.4203,-3.9766,-4.65291,-1.66623,-1.66623,3
3,13,63,-0.637254,-0.605678,-4.03562,-0.692524,-0.605678,1
1,11,94,-0.420676,0.686171,-3.41916,-2.55553,0.686171,1
4,16,56,-3.03023,-0.69282,-3.43957,-0.474568,-0.474568,3
1,8,58,2.11989,2.78529,-3.5329,-0.497556,2.78529,1
4,10,73,-4.06104,-0.980391,-4.58061,-1.30758,-1.30758,1
4,7,34,-1.65275,-0.268707,1.42834,-0.805878,1.42834,2
3,15,65,-0.169886,-0.454847,-4.11009,-0.783219,-0.454847,0
3,16,66,-1.14622,0.04569,-4.06104,-0.806488,0.04569,1
3,18,25,2.17759,1.10306,2.04479,-0.805878,1.10306,0
2,11,37,2.99421,2.99708,0.962271,-0.077702,2.99708,1
1,3,78,1.31659,0.308796,-4.65291,-1.66623,0.308796,0
4,17,66,-3.59803,-0.976401,-4.06104,-0.806488,-0.806488,3
3,3,70,-0.331237,-1.32911,-4.23657,-1.06699,-1.32911,0
4,19,79,-4.69937,-4.69937,-4.30456,-1.7295,-1.7295,3
3,17,67,-0.598122,0.474462,-4.33476,-0.933887,0.474462,1
1,20,94,-1.20414,-0.994253,-3.41916,-2.55553,-0.994253,1
4,14,30,-1.41916,-1.41916,1.53923,-0.805878,1.53923,2
4,6,61,-0.815721,0.274977,-3.77303,-0.607646,-0.607646,1
3,9,21,3.12289,2.53904,2.59473,-0.805878,2.53904,0
4,4,61,-0.399098,-0.247795,-3.77303,-0.607646,-0.607646,1
4,2,67,-0.61057,-0.207557,-4.33476,-0.933887,-0.666165,1
4,11,82,-4.90201,-3.51123,-5.04662,-1.89873,-1.89873,3
2,16,42,1.40838,2.20773,-0.0637023,-0.353411,2.20773,1
4,3,61,0.0227086,-0.722375,-3.77303,-0.607646,-0.645871,0
2,1,50,2.73258,2.93284,-2.70986,-0.510597,2.73258,1
4,20,28,-1.27956,-1.27956,1.70711,-0.805878,1.70711,2
3,20,82,-1.77221,-1.86093,-5.04662,-1.89873,-1.86093,0
2,14,74,-0.206829,0.00687665,-4.86797,-1.45906,0.00687665,1
1,3,87,0.895424,0.927058,-5.60239,-2.09737,0.927058,1
4,17,93,-5.61978,-5.61978,-3.41916,-2.51688,-2.51688,3
2,11,60,-0.243023,-0.537077,-3.62281,-0.563066,-0.537077,0
1,5,56,2.36727,2.31283,-3.43957,-0.474568,2.31283,0
1,1,39,3.01866,4.63572,0.982003,-0.317489,4.63572,1
1,10,43,3.42339,3.99899,-0.351569,-0.382527,3.99899,1
2,12,61,1.43481,-0.282741,-3.77303,-0.607646,-0.282741,0
1,17,28,3.76508,3.60902,1.70711,-0.805878,3.60902,0
2,18,29,2.64976,3.66515,1.67657,-0.805878,3.66515,1
3,5,54,-0.437701,-2.39528,-3.28628,-0.56961,-2.39528,0
3,19,68,-1.08302,-0.589952,-4.27007,-1.01066,-1.08302,1
4,8,58,-2.94317,-2.13942,-3.5329,-0.497556,-3.5329,3
3,7,70,-0.516119,-0.507309,-4.23657,-1.06699,-0.507309,1
3,1,50,2.33206,2.84837,-2.70986,-0.510597,2.84837,1
3,20,72,-1.12865,-1.2378,-4.69937,-1.21867,-1.2378,0
2,14,62,0.309381,0.0804931,-3.86868,-0.735614,0.0804931,0
4,10,62,-3.28628,-2.29855,-3.86868,-0.735614,-0.735614,3
2,11,44,2.64612,1.75909,-0.646582,-0.45329,1.75909,0
3,18,22,4.08841,3.29463,2.39276,-0.805878,3.29463,0
4,13,65,-3.5329,-2.0529,-4.11009,-0.783219,-0.783219,3
4,16,68,-3.77303,-1.56813,-4.27007,-1.01066,-1.01066,3
3,1,20,3.91926,3.7941,2.55099,-0.805878,3.7941,0
3,7,56,-0.365798,0.504254,-3.43957,-0.474568,0.504254,1
3,10,59,-0.798173,-0.595106,-3.59803,-0.651593,-0.595106,1
4,6,77,-4.23657,-4.19503,-4.67517,-1.58996,-1.58996,3
3,12,61,-0.0757835,-0.882931,-3.77303,-0.607646,-0.882931,0
4,15,79,-4.69937,-4.1487,-4.30456,-1.7295,-1.7295,3
3,13,62,-1.01126,-0.730452,-3.86868,-0.735614,-0.730452,1
1,11,93,-0.273711,0.928145,-3.41916,-2.51688,0.928145,1
4,16,57,-2.97891,-0.820723,-3.55909,-0.534181,-0.534181,3
1,8,57,2.06549,3.02152,-3.55909,-0.534181,3.02152,1
4,10,70,-3.86868,-2.96594,-4.23657,-1.06699,-1.06699,3
4,7,45,-2.61941,-1.00455,-0.989663,-0.351506,-0.989663,3
3,15,64,0.0176838,-0.559592,-3.84075,-0.813937,-0.559592,0
3,16,65,-1.39953,0.233756,-4.11009,-0.783219,0.233756,1
3,18,24,2.17073,2.75118,2.20454,-0.805878,2.17073,1
2,11,38,2.94374,2.94235,0.671689,-0.230343,2.94235,0
1,3,81,0.97987,0.207805,-4.70389,-1.77463,0.207805,0
4,17,67,-3.62281,-1.28653,-4.33476,-0.933887,-0.933887,3
3,3,89,-0.678169,-0.708171,-5.75042,-2.39784,-0.708171,0
4,19,76,-4.38821,-4.38821,-4.75214,-1.45125,-1.45125,3
3,17,66,-0.461868,0.631152,-4.06104,-0.806488,0.631152,1
1,20,89,-1.28904,-0.948145,-5.75042,-2.39784,-0.948145,1
4,14,31,-1.46886,-1.46886,1.72456,-0.805878,1.72456,2
4,6,60,-0.860179,0.41493,-3.62281,-0.563066,0.41493,1
3,9,42,1.1069,0.804127,-0.0637023,-0.353411,0.804127,0
4,4,60,-0.409829,-0.228025,-3.62281,-0.563066,-0.563066,1
4,2,66,-0.568597,-0.158106,-4.06104,-0.806488,-0.806488,1
4,11,83,-4.75214,-3.55025,-5.22327,-1.89942,-1.89942,3
2,16,43,1.70703,2.17048,-0.351569,-0.382527,2.17048,1
4,3,60,0.0113589,-0.49822,-3.62281,-0.563066,-0.563066,0
2,1,49,2.87339,3.22529,-2.3856,-0.416188,3.22529,1
4,19,41,-2.08792,-1.98737,0.201755,-0.28101,-0.28101,2
3,19,49,-0.369896,1.11178,-2.3856,-0.416188,1.11178,1
2,2,50,2.89976,3.35082,-2.70986,-0.510597,3.35082,1
4,20,27,-1.19634,-1.19634,1.79261,-0.805878,1.79261,2
3,20,83,-1.81712,-1.9021,-5.22327,-1.89942,-1.9021,0
3,2,58,0.602375,1.15078,-3.5329,-0.497556,1.15078,1
3,4,53,0.34416,-0.438763,-3.24637,-0.595251,-0.438763,0
2,3,29,3.72615,3.54252,1.67657,-0.805878,3.54252,0
2,9,57,0.591779,-0.129808,-3.55909,-0.534181,-0.129808,0
2,14,73,-1.08031,0.262572,-4.58061,-1.30758,0.262572,1
1,3,84,0.916093,0.118624,-5.35927,-2.00544,0.118624,0
4,17,92,-5.14185,-5.14185,-6.43894,-2.39982,-2.39982,3
2,11,59,-0.0172642,-0.424462,-3.59803,-0.651593,-0.424462,0
2,19,46,0.341221,2.18665,-1.27338,-0.395639,2.18665,1
3,14,97,-3.18405,-2.26658,-3.41916,-2.81209,-2.26658,1
1,1,40,2.72492,4.23716,0.424054,-0.32524,4.23716,1
1,10,40,3.36719,4.12269,0.424054,-0.32524,4.12269,1
2,12,60,1.95653,0.786774,-3.62281,-0.563066,0.786774,0
1,10,70,0.749379,1.29593,-4.23657,-1.06699,1.29593,1
1,1,26,4.30549,4.60346,2.08517,-0.805878,4.60346,1
2,18,30,2.37126,3.21763,1.53923,-0.805878,3.21763,1
3,5,53,0.810774,-0.122635,-3.24637,-0.595251,-0.122635,0
4,8,37,-1.84662,-2.02058,0.962271,-0.077702,-0.077702,2
3,7,69,-2.11584,-1.05956,-4.38821,-0.937499,-1.05956,3
3,1,49,2.48706,2.55206,-2.3856,-0.416188,2.55206,1
3,20,71,-0.797392,-1.28215,-4.4203,-1.13959,-1.28215,0
2,14,57,0.539808,0.0683054,-3.55909,-0.534181,0.0683054,0
4,10,61,-3.24637,-2.26138,-3.77303,-0.607646,-0.607646,3
4,13,64,-3.55909,-2.07618,-3.84075,-0.813937,-0.813937,3
3,10,58,0.552854,-1.47044,-3.5329,-0.497556,-1.47044,0
4,6,76,-4.38821,-4.14227,-4.75214,-1.45125,-4.75214,3
3,12,60,-0.485283,-0.837401,-3.62281,-0.563066,-0.837401,0
4,15,64,-3.55909,-0.981169,-3.84075,-0.813937,-0.813937,3
3,13,61,-0.59317,-0.426436,-3.77303,-0.607646,-0.426436,1
1,3,6,6.06029,4.72394,2.97518,-0.805878,4.72394,0
2,5,46,2.55378,1.89938,-1.27338,-0.395639,1.89938,0
4,20,85,-4.65291,-4.65291,-5.14185,-2.10808,-2.10808,3
2,17,66,-0.35948,-0.535084,-4.06104,-0.806488,-0.535084,0
3,16,64,-0.349948,0.0314497,-3.84075,-0.813937,0.0314497,1
2,18,76,-0.707285,-0.0650066,-4.75214,-1.45125,-0.0650066,1
1,20,80,-0.675927,-0.779868,-4.82344,-1.66435,-0.779868,0
4,14,20,-0.805878,-0.805878,2.55099,-0.805878,2.55099,2
4,6,59,-0.842529,0.481951,-3.59803,-0.651593,-0.651593,1
3,9,47,0.893294,1.09045,-1.66582,-0.377744,1.09045,1
4,4,59,-0.386989,-0.256397,-3.59803,-0.651593,-0.651593,1
2,1,48,3.07486,3.05077,-2.02538,-0.386848,3.05077,0
4,19,38,-1.89425,-1.89425,0.671689,-0.230343,-0.230343,2
3,19,54,-0.568766,0.474645,-3.28628,-0.56961,0.474645,1
2,2,49,2.95355,3.32208,-2.3856,-0.416188,2.95355,1
3,16,21,5.16679,3.3727,2.59473,-0.805878,3.3727,0
2,4,51,1.83871,3.1956,-3.03783,-0.448822,3.1956,1
1,8,98,-0.0243501,0.138075,-3.41916,-3.12829,0.138075,1
1,11,38,3.53266,3.94103,0.671689,-0.230343,3.94103,1
4,10,97,-6.05291,-6.05291,-3.41916,-2.81209,-2.81209,3
3,2,59,0.501094,-0.352445,-3.59803,-0.651593,-0.352445,0
3,4,52,0.928747,-0.242696,-3.16282,-0.404636,-0.242696,0
2,3,18,3.82039,3.29688,2.65786,-0.805878,3.29688,0
2,9,56,0.444938,-0.843184,-3.43957,-0.474568,-0.843184,0
2,14,72,-1.08517,0.585887,-4.69937,-1.21867,0.585887,1
2,19,47,0.325573,2.19566,-1.66582,-0.377744,0.325573,1
3,14,96,-2.6099,-2.02674,-3.41916,-2.99602,-2.02674,1
3,8,75,-1.01943,-1.11923,-4.90201,-1.41384,-1.11923,0
1,1,41,3.29443,4.23015,0.201755,-0.28101,4.23015,1
1,10,41,3.389,3.87359,0.201755,-0.28101,3.87359,1
2,12,59,1.69708,0.242084,-3.59803,-0.651593,0.242084,0
1,17,30,3.25686,3.0813,1.53923,-0.805878,3.0813,0
1,10,71,0.940257,1.59394,-4.4203,-1.13959,1.59394,1
1,1,27,4.14438,4.2592,1.79261,-0.805878,4.2592,1
2,18,31,2.09012,3.03858,1.72456,-0.805878,3.03858,1
3,5,52,-0.0763864,-2.23558,-3.16282,-0.404636,-2.23558,0
2,5,48,2.60809,1.54883,-2.02538,-0.386848,1.54883,0
4,20,83,-4.75214,-4.75214,-5.22327,-1.89942,-1.89942,3
2,17,64,-0.419849,-0.00573035,-3.84075,-0.813937,-0.00573035,1
4,8,36,-1.77946,-1.97414,1.45696,0.264588,1.45696,2
3,7,68,-0.676925,-0.38068,-4.27007,-1.01066,-0.38068,1
3,1,48,2.96269,2.90493,-2.02538,-0.386848,2.90493,0
2,7,37,3.17246,2.61286,0.962271,-0.077702,2.61286,0
2,12,88,-0.38399,0.242851,-5.55605,-2.24038,0.242851,1
3,20,70,-1.42914,-0.699477,-4.23657,-1.06699,-0.699477,1
1,11,41,3.02877,3.68143,0.201755,-0.28101,3.68143,1
2,10,59,-0.708031,0.264374,-3.59803,-0.651593,0.264374,1
4,9,59,-2.99855,-2.7044,-3.59803,-0.651593,-0.651593,3
2,14,56,0.575634,0.173974,-3.43957,-0.474568,0.173974,0
4,10,60,-3.16282,-2.29086,-3.62281,-0.563066,-0.563066,3
2,16,61,-0.545371,-0.387932,-3.77303,-0.607646,-0.387932,1
4,3,14,1.40641,5.87596,2.79075,-0.805878,1.4214,1
4,11,61,-3.28628,-3.14733,-3.77303,-0.607646,-0.607646,3
4,13,63,-3.43957,-2.02424,-4.03562,-0.692524,-0.692524,3
1,3,10,5.73847,5.08174,2.9161,-0.805878,5.08174,0
2,6,30,3.62633,3.73938,1.53923,-0.805878,3.73938,1
2,8,14,3.90724,4.33527,2.79075,-0.805878,4.33527,1
4,18,68,-3.77303,-0.557759,-4.27007,-1.01066,-1.01066,1
3,10,57,-0.131796,-0.547648,-3.55909,-0.534181,-0.547648,0
4,15,65,-3.5329,-0.848513,-4.11009,-0.783219,-0.783219,3
3,13,60,-0.97601,-0.523234,-3.62281,-0.563066,-0.523234,1
4,6,28,-1.27956,2.71738,1.70711,-0.805878,1.70711,1
2,5,47,2.69195,1.60103,-1.66582,-0.377744,1.60103,0
4,20,84,-4.67517,-4.67517,-5.35927,-2.00544,-2.00544,3
2,17,65,-0.53377,-0.0825272,-4.11009,-0.783219,-0.0825272,1
3,19,26,0.310495,2.08551,2.08517,-0.805878,2.08551,1
3,3,83,-0.683785,-1.1162,-5.22327,-1.89942,-1.1162,0
4,19,66,-3.59803,-3.69818,-4.06104,-0.806488,-0.806488,3
4,16,79,-4.69937,-4.69937,-4.30456,-1.7295,-1.7295,3
2,4,25,3.65459,3.63258,2.04479,-0.805878,3.65459,0
3,16,63,-0.307951,0.288228,-4.03562,-0.692524,0.288228,1
2,18,77,-0.961037,-0.158793,-4.67517,-1.58996,-0.158793,1
1,20,83,-0.784219,-0.949018,-5.22327,-1.89942,-0.949018,0
4,14,21,-0.867753,-0.867753,2.59473,-0.805878,2.59473,2
4,6,58,-0.740028,0.31937,-3.5329,-0.497556,-3.5329,1
3,9,44,0.888358,0.479453,-0.646582,-0.45329,0.479453,0
4,4,58,-0.345956,-0.128676,-3.5329,-0.497556,-0.128676,1
2,1,47,3.4427,2.92634,-1.66582,-0.377744,2.92634,0
4,19,39,-1.93459,-1.84962,0.982003,-0.317489,-0.317489,2
3,19,55,-0.447342,0.203745,-3.26052,-0.458097,0.203745,1
2,2,48,3.14869,3.4855,-2.02538,-0.386848,3.4855,1
3,16,20,2.67818,2.58338,2.55099,-0.805878,2.58338,0
2,4,50,0.862999,3.01666,-2.70986,-0.510597,3.01666,1
2,19,44,1.46438,1.27567,-0.646582,-0.45329,1.27567,0
3,14,99,-2.90336,-2.3069,-3.41916,-3.35117,-2.3069,1
1,1,42,3.38131,4.36054,-0.0637023,-0.353411,4.36054,1
1,10,86,0.678513,0.92605,-5.61978,-2.01828,0.678513,1
3,8,74,-2.0488,-1.64594,-4.86797,-1.45906,-1.64594,3
2,12,58,1.55015,0.537882,-3.5329,-0.497556,0.537882,0
1,17,25,3.79612,3.66248,2.04479,-0.805878,3.66248,0
3,17,90,-2.05578,-2.07147,-6.05291,-2.36134,-2.07147,0
3,3,49,1.87971,-1.24736,-2.3856,-0.416188,-1.24736,0
1,10,92,0.233327,0.324726,-6.43894,-2.39982,0.233327,1
1,1,20,4.58643,4.15354,2.55099,-0.805878,4.15354,0
3,5,51,-0.220248,-2.00817,-3.03783,-0.448822,-2.00817,0
3,3,12,3.71798,3.67212,2.93608,-0.805878,3.67212,0
3,19,65,-0.963054,0.153099,-4.11009,-0.783219,0.153099,1
3,20,76,-1.07418,-1.18549,-4.75214,-1.45125,-1.18549,0
2,17,63,-0.16329,0.100582,-4.03562,-0.692524,0.100582,1
3,7,51,-0.0565866,0.722788,-3.03783,-0.448822,0.722788,1
3,1,47,3.03796,3.29742,-1.66582,-0.377744,3.29742,1
3,20,69,-1.40019,-0.656688,-4.38821,-0.937499,-0.656688,1
2,14,59,0.61726,0.29139,-3.59803,-0.651593,0.29139,0
4,10,59,-3.03783,-2.25852,-3.59803,-0.651593,-0.651593,3
2,16,60,-0.382302,-0.284236,-3.62281,-0.563066,-0.284236,1
4,3,15,2.57207,-0.479294,2.8676,-0.805878,2.8676,2
4,11,60,-3.24637,-3.12547,-3.62281,-0.563066,-0.563066,3
2,11,47,1.72984,1.76723,-1.66582,-0.377744,1.76723,1
3,18,19,2.93035,2.86419,2.73033,-0.805878,2.86419,0
4,13,62,-3.26052,-1.86185,-3.86868,-0.735614,-0.735614,3
4,16,65,-3.5329,-1.73925,-4.11009,-0.783219,-0.783219,3
1,3,15,5.39383,4.22858,2.8676,-0.805878,4.22858,0
2,6,29,3.71894,3.95765,1.67657,-0.805878,3.71894,1
2,8,11,3.28958,3.85562,2.80572,-0.805878,3.85562,1
4,18,67,-3.62281,-0.415562,-4.33476,-0.933887,-0.933887,1
3,10,56,0.203572,-0.613974,-3.43957,-0.474568,-0.613974,0
4,15,66,-3.59803,-0.93538,-4.06104,-0.806488,-0.806488,3
3,13,59,-0.932906,-0.501611,-3.59803,-0.651593,-0.501611,1
1,3,8,5.62108,4.76576,2.93668,-0.805878,4.76576,0
2,17,76,-0.811311,-0.839559,-4.75214,-1.45125,-0.811311,0
4,16,78,-4.4203,-4.4203,-4.65291,-1.66623,-1.66623,3
2,4,24,4.25013,3.90809,2.20454,-0.805878,3.90809,0
3,16,62,-0.237195,0.588559,-3.86868,-0.735614,0.588559,1
1,20,82,-0.902209,-1.05857,-5.04662,-1.89873,-1.05857,0
4,14,26,-1.12974,-0.789363,2.08517,-0.805878,2.08517,2
4,6,57,-0.796902,0.215329,-3.55909,-0.534181,-0.28422,1
3,9,41,1.42456,0.926368,0.201755,-0.28101,0.926368,0
4,4,57,-0.316854,-0.0787389,-3.55909,-0.534181,-0.30646,1
4,2,71,1.29052,-0.491487,-4.4203,-1.13959,-1.13959,0
4,11,78,-4.4203,-3.14577,-4.65291,-1.66623,-1.66623,3
2,16,46,0.667477,2.76285,-1.27338,-0.395639,2.76285,1
4,3,57,0.326793,-0.115944,-3.55909,-0.534181,-3.55909,0
3,5,84,-1.45994,0.270612,-5.35927,-2.00544,0.270612,1
1,9,91,0.138146,0.969523,-6.29331,-2.45927,0.969523,1
1,18,73,0.450659,-0.20785,-4.58061,-1.30758,-0.20785,0
2,18,63,-0.104562,-0.303686,-4.03562,-0.692524,-0.303686,0
4,13,26,-1.12974,0.488055,2.08517,-0.805878,2.08517,2
2,1,46,3.42874,3.29418,-1.27338,-0.395639,3.42874,0
2,2,47,3.29324,3.43859,-1.66582,-0.377744,3.43859,1
3,16,23,5.18875,3.07368,2.09672,-0.805878,3.07368,0
2,4,49,1.2656,2.82778,-2.3856,-0.416188,2.82778,1
1,5,60,1.97829,2.73856,-3.62281,-0.563066,2.73856,1
2,19,45,0.282328,2.30128,-0.989663,-0.351506,2.30128,1
3,14,98,-2.91144,-2.16892,-3.41916,-3.12829,-2.16892,1
1,1,43,3.21089,3.91136,-0.351569,-0.382527,3.91136,1
1,10,87,0.430981,0.688839,-5.60239,-2.09737,0.430981,1
3,8,73,-1.31943,-0.872068,-4.58061,-1.30758,-0.872068,1
2,12,57,1.85175,1.09401,-3.55909,-0.534181,1.09401,0
1,17,24,3.57661,3.96178,2.20454,-0.805878,3.96178,1
3,17,93,-2.19106,-2.0085,-3.41916,-2.51688,-2.0085,1
3,3,48,2.17925,-0.84892,-2.02538,-0.386848,-0.84892,0
3,5,50,-0.0778017,0.5181,-2.70986,-0.510597,0.5181,1
3,17,22,3.81197,3.03602,2.39276,-0.805878,3.03602,0
3,3,13,3.8503,4.58224,2.91513,-0.805878,4.58224,1
3,19,64,-0.570428,-0.343869,-3.84075,-0.813937,-0.343869,1
3,20,79,-1.26891,-1.66944,-4.30456,-1.7295,-1.66944,0
2,17,62,-0.311008,0.146189,-3.86868,-0.735614,0.146189,1
3,7,50,-0.584942,0.439797,-2.70986,-0.510597,0.439797,1
3,1,46,3.12447,3.08037,-1.27338,-0.395639,3.12447,0
2,7,35,3.35476,3.23776,1.44812,-0.805878,3.35476,0
2,12,98,-1.17141,-0.310826,-3.41916,-3.12829,-0.310826,1
3,20,68,-1.32361,-0.614925,-4.27007,-1.01066,-0.614925,1
2,14,58,0.80749,0.38039,-3.5329,-0.497556,0.38039,0
4,10,58,-2.97891,-2.1452,-3.5329,-0.497556,-0.497556,3
2,16,51,0.584764,0.397873,-3.03783,-0.448822,0.397873,0
4,3,4,-0.00471011,4.61882,2.97261,-0.805878,2.97261,1
4,11,59,-3.16282,-3.09447,-3.59803,-0.651593,-0.651593,3
2,11,32,3.76368,3.07747,1.7249,-0.805878,3.07747,0
3,18,18,2.65786,3.94726,2.65786,-0.805878,3.94726,1
4,13,61,-3.28628,-1.75963,-3.77303,-0.607646,-0.607646,3
4,16,64,-3.55909,-1.8121,-3.84075,-0.813937,-0.813937,3
1,3,12,5.59669,6.09261,2.93608,-0.805878,6.09261,1
2,6,28,4.04479,3.96359,1.70711,-0.805878,3.96359,0
2,8,12,3.93112,3.1231,2.93608,-0.805878,3.1231,0
4,18,66,-3.59803,0.0547885,-4.06104,-0.806488,-0.806488,1
3,10,55,0.313842,-0.808228,-3.26052,-0.458097,-0.808228,0
4,15,67,-3.62281,-0.763579,-4.33476,-0.933887,-0.933887,1
3,13,58,-1.57212,-0.526691,-3.5329,-0.497556,-0.526691,3
1,3,9,4.67344,5.40301,2.89122,-0.805878,5.40301,1
2,17,67,-0.32671,-0.492959,-4.33476,-0.933887,-0.492959,0
3,19,24,2.23728,2.2436,2.20454,-0.805878,2.2436,1
3,3,85,-0.683538,-1.32426,-5.14185,-2.10808,-1.32426,0
4,19,64,-3.55909,-3.59922,-3.84075,-0.813937,-0.813937,3
4,16,73,-4.06104,-4.06104,-4.58061,-1.30758,-1.30758,3
2,4,27,4.03508,3.53841,1.79261,-0.805878,3.53841,0
3,16,61,-0.242001,0.25749,-3.77303,-0.607646,0.25749,1
1,20,93,-1.48814,-1.16638,-3.41916,-2.51688,-1.16638,1
4,14,27,-1.19634,-0.837391,1.79261,-0.805878,1.79261,2
4,6,56,-0.708793,0.305005,-3.43957,-0.474568,-0.474568,1
3,9,46,1.09936,1.26252,-1.27338,-0.395639,1.26252,1
4,4,56,-0.133337,-0.0244716,-3.43957,-0.474568,-3.43957,1
4,2,70,-0.80697,-0.299817,-4.23657,-1.06699,-0.299817,1
4,11,79,-4.69937,-3.29083,-4.30456,-1.7295,-1.7295,3
2,16,47,0.561262,2.6705,-1.66582,-0.377744,2.6705,1
4,3,56,0.326956,-0.0893325,-3.43957,-0.474568,-0.474568,0
2,12,26,2.91552,3.2344,2.08517,-0.805878,3.2344,1
1,10,54,2.09185,2.47656,-3.28628,-0.56961,2.47656,1
3,5,85,-1.54291,-0.849696,-5.14185,-2.10808,-0.849696,1
1,9,90,0.271522,0.976732,-6.05291,-2.36134,0.976732,1
1,18,70,-0.645972,-0.196771,-4.23657,-1.06699,-0.196771,1
2,18,62,-0.143063,-0.154235,-3.86868,-0.735614,-0.154235,0
2,1,45,3.52411,3.48356,-0.989663,-0.351506,3.48356,0
2,2,46,3.28588,3.35141,-1.27338,-0.395639,3.35141,1
4,20,31,-1.46886,-1.46886,1.72456,-0.805878,1.72456,2
3,16,22,5.15855,3.25731,2.39276,-0.805878,3.25731,0
2,4,48,1.33914,3.37735,-2.02538,-0.386848,3.37735,1
4,17,80,-4.58061,-4.58061,-4.82344,-1.66435,-1.66435,3
2,11,55,0.356869,0.222825,-3.26052,-0.458097,0.222825,0
1,5,51,3.28239,3.19255,-3.03783,-0.448822,3.19255,0
2,19,42,1.72814,1.17663,-0.0637023,-0.353411,1.17663,0
3,14,93,-2.40697,-1.64803,-3.41916,-2.51688,-1.64803,1
1,1,44,3.48427,4.24874,-0.646582,-0.45329,4.24874,1
1,10,84,0.40659,1.0984,-5.35927,-2.00544,1.0984,1
3,8,72,-0.845733,-0.838906,-4.69937,-1.21867,-0.838906,1
2,12,56,1.96057,1.38552,-3.43957,-0.474568,1.38552,0
1,10,90,0.397185,0.543198,-6.05291,-2.36134,0.543198,1
1,1,22,4.6679,6.08101,2.39276,-0.805878,6.08101,1
3,5,49,0.681665,-0.14915,-2.3856,-0.416188,-0.14915,0
3,20,78,-1.21187,-1.61695,-4.65291,-1.66623,-1.61695,0
2,17,61,-0.0848862,0.212383,-3.77303,-0.607646,0.212383,1
3,7,49,-0.693903,0.829132,-2.3856,-0.416188,0.829132,1
3,1,45,3.53202,3.06746,-0.989663,-0.351506,3.06746,0
3,10,54,-0.0117171,-0.616346,-3.28628,-0.56961,-0.616346,0
4,16,72,-4.11009,-4.11009,-4.69937,-1.21867,-1.21867,3
2,4,26,4.22661,3.82475,2.08517,-0.805878,3.82475,0
3,16,60,-0.203606,0.412367,-3.62281,-0.563066,0.412367,1
4,20,77,-4.23657,-4.23657,-4.67517,-1.58996,-1.58996,3
2,5,54,1.3815,1.12764,-3.28628,-0.56961,1.12764,0
1,20,84,-0.761515,-0.726167,-5.35927,-2.00544,-0.726167,1
4,14,16,-0.543395,-0.543395,2.59926,-0.805878,2.59926,2
4,6,55,-0.652866,0.366969,-3.26052,-0.458097,-3.26052,1
3,9,19,2.37197,3.21901,2.73033,-0.805878,3.21901,1
4,4,55,-0.138655,0.118811,-3.26052,-0.458097,-3.26052,1
2,12,39,2.61567,1.93178,0.982003,-0.317489,1.93178,0
1,10,53,1.50514,2.3258,-3.24637,-0.595251,2.3258,1
3,5,86,-0.370282,-0.812727,-5.61978,-2.01828,-0.812727,0
1,9,85,0.655321,0.881911,-5.14185,-2.10808,0.881911,1
1,18,71,0.590297,-0.0618878,-4.4203,-1.13959,-0.0618878,0
2,18,61,-0.156433,-0.193987,-3.77303,-0.607646,-0.193987,0
2,1,44,1.36798,2.25302,-0.646582,-0.45329,2.25302,1
2,2,45,3.12351,3.23973,-0.989663,-0.351506,3.23973,1
2,4,47,1.14161,3.3477,-1.66582,-0.377744,3.3477,1
4,17,83,-4.75214,-4.75214,-5.22327,-1.89942,-1.89942,3
2,11,54,0.37418,0.185803,-3.28628,-0.56961,0.185803,0
1,10,91,0.254033,0.461245,-6.29331,-2.45927,0.254033,1
1,1,23,4.55543,6.4239,2.09672,-0.805878,6.4239,1
3,5,48,-0.152599,-0.163295,-2.02538,-0.386848,-0.163295,0
3,20,73,-0.887833,-1.00531,-4.58061,-1.30758,-1.00531,0
2,17,60,-0.236124,-0.295634,-3.62281,-0.563066,-0.295634,0
3,7,48,0.082312,1.0596,-2.02538,-0.386848,1.0596,1
3,1,44,3.33397,1.15157,-0.646582,-0.45329,1.15157,0
3,10,53,-0.321175,-0.259479,-3.24637,-0.595251,-0.259479,1
4,16,67,-3.62281,-1.55492,-4.33476,-0.933887,-0.933887,3
2,4,29,3.60603,3.27768,1.67657,-0.805878,3.27768,0
3,16,59,-0.793121,0.61576,-3.59803,-0.651593,0.61576,1
1,20,87,-1.04684,-0.600815,-5.60239,-2.09737,-0.600815,1
4,14,17,-0.64769,-1.19634,2.67763,-0.805878,2.67763,2
4,6,54,-0.563247,0.593446,-3.28628,-0.56961,-0.56961,1
3,9,16,2.84839,4.48137,2.59926,-0.805878,4.48137,1
4,4,54,-0.113532,0.234649,-3.28628,-0.56961,-3.28628,1
3,5,87,-1.47175,-0.97599,-5.60239,-2.09737,-0.97599,1
1,9,84,0.75944,0.94349,-5.35927,-2.00544,0.94349,1
1,18,68,-0.154752,0.0431311,-4.27007,-1.01066,0.0431311,1
2,18,60,-0.295835,-0.121452,-3.62281,-0.563066,-0.121452,1
2,1,43,1.43202,2.30952,-0.351569,-0.382527,1.43202,1
2,2,44,3.22949,2.73462,-0.646582,-0.45329,2.73462,0
2,9,9,4.51179,4.75654,2.89122,-0.805878,4.75654,1
2,3,45,1.89749,3.52791,-0.989663,-0.351506,3.52791,1
2,4,46,1.37272,3.29118,-1.27338,-0.395639,3.29118,1
4,4,4,-0.00471011,3.47014,2.97261,-0.805878,2.97261,1
2,14,67,-0.214903,-0.381644,-4.33476,-0.933887,-0.381644,0
1,3,94,0.516756,0.408974,-3.41916,-2.55553,0.408974,0
4,17,82,-4.90201,-4.90201,-5.04662,-1.89873,-1.89873,3
2,11,53,0.544192,0.256698,-3.24637,-0.595251,0.256698,0
3,5,47,-0.0200404,-0.156099,-1.66582,-0.377744,-0.156099,0
3,10,52,0.00832614,0.206678,-3.16282,-0.404636,0.206678,1
4,16,66,-3.59803,-1.84757,-4.06104,-0.806488,-0.806488,3
2,4,28,3.66944,3.52032,1.70711,-0.805878,3.52032,0
3,16,58,-0.60749,0.520707,-3.5329,-0.497556,0.520707,1
3,18,74,-1.00977,-1.31331,-4.86797,-1.45906,-1.31331,0
3,9,29,1.90436,1.74289,1.67657,-0.805878,1.74289,0
4,4,53,0.064529,0.368019,-3.24637,-0.595251,-3.24637,1
4,11,74,-4.33476,-2.98397,-4.86797,-1.45906,-1.45906,3
2,16,34,2.21451,3.03908,1.42834,-0.805878,3.03908,1
4,3,53,0.419592,0.0377909,-3.24637,-0.595251,0.0377909,0
3,18,75,-1.10316,-1.38653,-4.90201,-1.41384,-1.38653,0
3,5,88,-0.563994,-0.813367,-5.55605,-2.24038,-0.813367,0
1,9,95,0.0207794,0.923048,-3.41916,-2.85377,0.923048,1
1,18,77,-0.166114,-0.443735,-4.67517,-1.58996,-0.443735,0
2,18,59,-0.212633,-0.0431076,-3.59803,-0.651593,-0.0431076,1
2,1,42,1.7254,2.22171,-0.0637023,-0.353411,2.22171,1
4,19,80,-4.58061,-4.58061,-4.82344,-1.66435,-1.66435,3
3,19,40,1.00348,-0.157961,0.424054,-0.32524,-0.157961,0
2,2,43,3.18235,2.85465,-0.351569,-0.382527,2.85465,0
2,4,45,1.64477,3.50907,-0.989663,-0.351506,3.50907,1
1,5,76,0.971329,1.06459,-4.75214,-1.45125,1.06459,1
1,16,40,3.04094,2.70232,0.424054,-0.32524,3.04094,0
3,20,90,-2.15814,-2.4121,-6.05291,-2.36134,-2.4121,0
4,4,5,0.151918,5.07402,2.97834,-0.805878,2.97834,1
2,14,66,-0.569404,-0.519512,-4.06104,-0.806488,-0.519512,1
1,3,95,0.343312,0.430715,-3.41916,-2.85377,0.430715,1
4,17,85,-4.65291,-4.65291,-5.14185,-2.10808,-2.10808,3
2,11,52,0.609922,0.293457,-3.16282,-0.404636,0.293457,0
1,10,81,0.270719,0.94227,-4.70389,-1.77463,0.94227,1
1,1,17,4.70775,4.99915,2.67763,-0.805878,4.99915,1
3,5,46,0.377081,0.0614939,-1.27338,-0.395639,0.0614939,0
3,10,51,0.29151,0.0749564,-3.03783,-0.448822,0.0749564,0
4,16,77,-4.23657,-4.23657,-4.67517,-1.58996,-1.58996,3
2,4,31,2.73824,3.33618,1.72456,-0.805878,3.33618,1
3,16,57,-0.520334,0.504803,-3.55909,-0.534181,0.504803,1
3,9,18,4.04897,4.59631,2.65786,-0.805878,4.59631,1
4,4,52,0.242483,0.472915,-3.16282,-0.404636,-3.16282,1
4,11,75,-4.27007,-3.04118,-4.90201,-1.41384,-1.41384,3
2,16,35,1.99756,2.94413,1.44812,-0.805878,2.94413,1
4,3,52,0.466743,-0.331084,-3.16282,-0.404636,-0.331084,0
2,4,44,2.24333,3.04812,-0.646582,-0.45329,3.04812,1
3,10,50,-0.164015,0.244125,-2.70986,-0.510597,0.244125,1
4,15,68,-3.77303,-0.964613,-4.27007,-1.01066,-1.01066,1
3,13,57,-0.858201,-0.353707,-3.55909,-0.534181,-0.353707,1
2,12,97,-1.08041,-0.0878897,-3.41916,-2.81209,-0.0878897,1
4,13,25,-1.10732,0.619474,2.04479,-0.805878,2.04479,2
3,1,95,0.537092,-1.01071,-3.41916,-2.85377,-1.01071,0
3,7,99,-1.53819,-1.52371,-3.41916,-3.35117,-1.52371,1
3,18,90,-1.87657,-1.90456,-6.05291,-2.36134,-1.90456,0
4,11,11,-0.381377,-0.805878,2.80572,-0.805878,2.80572,2
4,2,58,0.0315524,0.502609,-3.5329,-0.497556,-0.497556,1
4,18,51,-2.78547,1.11917,-3.03783,-0.448822,-0.448822,1
3,13,41,0.852738,0.478434,0.201755,-0.28101,0.478434,0
2,17,58,-0.070363,0.0382036,-3.5329,-0.497556,0.0382036,1
3,20,67,-1.23792,-0.60269,-4.33476,-0.933887,-0.60269,1
1,20,86,-1.16663,-0.757224,-5.61978,-2.01828,-0.757224,1
4,14,22,-0.882782,-0.882782,2.39276,-0.805878,2.39276,2
4,6,53,-0.195461,0.557671,-3.24637,-0.595251,-3.24637,1
3,7,83,-1.01359,-2.5002,-5.22327,-1.89942,-2.5002,0
3,1,79,-0.81086,1.35471,-4.30456,-1.7295,1.35471,1
4,8,55,-2.83573,-2.02698,-3.26052,-0.458097,-0.458097,3
2,14,53,0.594855,0.429194,-3.24637,-0.595251,0.429194,0
4,10,57,-3.03023,-2.07049,-3.55909,-0.534181,-0.534181,3
2,16,50,0.308175,2.18507,-2.70986,-0.510597,2.18507,1
4,3,5,0.0400524,6.91549,2.97834,-0.805878,2.97834,1
4,11,58,-3.03783,-3.02199,-3.5329,-0.497556,-0.497556,3
2,11,33,3.29971,3.69965,1.60775,-0.805878,3.69965,1
3,18,29,2.08627,1.69405,1.67657,-0.805878,1.69405,0
4,13,60,-3.24637,-1.59182,-3.62281,-0.563066,-0.563066,3
3,20,98,-2.68915,-3.05155,-3.41916,-3.12829,-3.05155,0
2,6,27,3.20073,3.89598,1.79261,-0.805878,3.89598,1
1,3,17,3.59213,5.62882,2.67763,-0.805878,5.62882,1
2,8,9,3.93843,3.20231,2.89122,-0.805878,3.20231,0
4,18,65,-3.5329,0.268138,-4.11009,-0.783219,-0.783219,1
2,1,41,1.60404,2.08663,0.201755,-0.28101,2.08663,1
1,5,67,1.46083,1.80946,-4.33476,-0.933887,1.80946,1
1,16,43,2.51325,2.16742,-0.351569,-0.382527,2.16742,0
3,20,91,-1.92314,-2.49777,-6.29331,-2.45927,-2.49777,0
1,10,94,0.26817,0.521965,-3.41916,-2.55553,0.521965,1
1,1,18,5.52914,4.56182,2.65786,-0.805878,4.56182,0
3,5,45,0.953546,0.177061,-0.989663,-0.351506,0.177061,0
3,9,23,1.47175,1.98692,2.09672,-0.805878,1.98692,2
4,4,51,0.365898,0.561692,-3.03783,-0.448822,-3.03783,1
2,4,43,1.63409,2.60792,-0.351569,-0.382527,2.60792,1
3,10,49,-0.176526,-0.728108,-2.3856,-0.416188,-0.728108,0
4,6,75,-4.27007,-4.1027,-4.90201,-1.41384,-1.41384,3
3,12,55,-0.980301,-0.485228,-3.26052,-0.458097,-0.485228,3
4,15,69,-3.86868,-0.934578,-4.38821,-0.937499,-0.937499,1
3,13,56,-0.765802,-0.444811,-3.43957,-0.474568,-0.444811,1
4,13,28,-1.27956,-1.27956,1.70711,-0.805878,1.70711,2
3,20,66,-0.805139,-0.279475,-4.06104,-0.806488,-0.279475,1
1,20,81,-0.697144,-0.807118,-4.70389,-1.77463,-0.807118,0
4,14,23,-0.967684,-0.967684,2.09672,-0.805878,2.09672,2
4,6,52,-0.148667,0.69011,-3.16282,-0.404636,-3.16282,1
4,20,75,-4.27007,-4.27007,-4.90201,-1.41384,-1.41384,3
2,5,56,1.17828,0.928201,-3.43957,-0.474568,0.928201,0
3,7,82,-1.50922,-1.08236,-5.04662,-1.89873,-1.08236,1
3,1,78,0.00911839,0.987613,-4.65291,-1.66623,0.987613,1
4,8,54,-2.73319,-1.82951,-3.28628,-0.56961,-0.56961,3
2,14,52,0.826218,0.353202,-3.16282,-0.404636,0.353202,0
4,10,56,-3.02202,-1.97831,-3.43957,-0.474568,-0.474568,3
2,16,49,0.43888,2.25952,-2.3856,-0.416188,2.25952,1
4,3,10,1.88848,1.88537,2.9161,-0.805878,2.9161,2
4,11,57,-2.97891,-2.95756,-3.55909,-0.534181,-0.534181,3
3,18,36,1.51064,1.26117,1.45696,0.264588,1.26117,0
2,11,90,-0.222681,-0.893027,-6.05291,-2.36134,-0.893027,0
4,17,63,-3.43957,-0.684501,-4.03562,-0.692524,-0.692524,1
3,9,20,3.23081,3.43023,2.55099,-0.805878,3.43023,1
4,4,50,-0.714805,1.29398,-2.70986,-0.510597,-0.510597,1
2,11,34,3.25549,3.56293,1.42834,-0.805878,3.56293,1
3,18,28,2.24934,1.84681,1.70711,-0.805878,1.84681,0
4,13,59,-3.16282,-1.58397,-3.59803,-0.651593,-0.651593,3
1,3,14,5.62584,5.72414,2.79075,-0.805878,5.72414,1
2,6,26,3.63084,3.94511,2.08517,-0.805878,3.94511,1
2,8,10,4.11214,4.65376,2.9161,-0.805878,4.65376,1
4,18,64,-3.55909,0.0369573,-3.84075,-0.813937,-0.813937,1
2,1,40,2.04147,2.05495,0.424054,-0.32524,2.05495,1
1,10,95,0.200734,0.390816,-3.41916,-2.85377,0.390816,1
1,1,19,4.95437,5.73495,2.73033,-0.805878,5.73495,1
3,5,44,1.7154,1.03681,-0.646582,-0.45329,1.03681,0
2,4,42,2.06774,2.95325,-0.0637023,-0.353411,2.95325,1
3,10,48,0.392896,-0.466232,-2.02538,-0.386848,-0.466232,0
1,5,9,4.41688,5.8559,2.89122,-0.805878,5.8559,1
2,20,62,-0.346922,0.129522,-3.86868,-0.735614,0.129522,1
4,6,74,-4.33476,-4.06566,-4.86797,-1.45906,-1.45906,3
3,12,54,-0.829841,-0.348448,-3.28628,-0.56961,-0.348448,1
4,15,70,-4.03562,-1.06148,-4.23657,-1.06699,-1.06699,1
4,19,49,-2.61941,-2.61941,-2.3856,-0.416188,-2.3856,3
3,13,55,-1.60349,-0.486609,-3.26052,-0.458097,-0.486609,3
2,7,34,2.64159,2.32087,1.42834,-0.805878,2.32087,0
2,12,99,-1.30343,-0.296507,-3.41916,-3.35117,-1.30343,1
4,13,27,-1.19634,0.4714,1.79261,-0.805878,1.79261,2
3,18,68,-0.949932,-0.444366,-4.27007,-1.01066,-0.444366,1
4,2,56,0.104528,0.520582,-3.43957,-0.474568,0.520582,1
4,18,49,-2.61941,-2.61941,-2.3856,-0.416188,-0.416188,3
3,13,43,0.326398,0.52537,-0.351569,-0.382527,0.52537,1
3,19,61,-0.671282,0.221205,-3.77303,-0.607646,0.221205,1
4,19,61,-3.28628,-3.32652,-3.77303,-0.607646,-0.607646,3
3,20,65,-1.05273,-0.60732,-4.11009,-0.783219,-0.60732,1
1,20,72,-0.823536,-0.664615,-4.69937,-1.21867,-0.664615,1
4,14,44,-2.26409,-1.47888,-0.646582,-0.45329,-0.45329,3
4,6,51,-0.143521,1.10077,-3.03783,-0.448822,-3.03783,1
4,20,76,-4.38821,-4.38821,-4.75214,-1.45125,-1.45125,3
2,5,55,1.12396,1.8233,-3.26052,-0.458097,1.8233,1
3,7,85,-2.22244,-1.17725,-5.14185,-2.10808,-1.17725,1
3,1,65,0.23542,0.769753,-4.11009,-0.783219,0.769753,1
4,8,53,-2.71984,-1.97201,-3.24637,-0.595251,-0.595251,3
1,11,79,0.943233,1.26286,-4.30456,-1.7295,1.26286,1
4,10,88,-4.70389,-4.70389,-5.55605,-2.24038,-2.24038,3
1,8,11,4.52109,5.90002,2.80572,-0.805878,5.90002,1
2,14,55,0.59348,0.239713,-3.26052,-0.458097,0.239713,0
4,10,55,-2.99027,-1.97989,-3.26052,-0.458097,-0.458097,3
2,16,48,0.62047,2.80402,-2.02538,-0.386848,2.80402,1
4,3,11,2.60292,2.43416,2.80572,-0.805878,2.80572,2
4,11,56,-3.03023,-2.95894,-3.43957,-0.474568,-0.474568,3
3,18,37,1.02414,1.39712,0.962271,-0.077702,1.39712,1
2,11,89,-0.510336,-1.2432,-5.75042,-2.39784,-1.2432,0
4,17,62,-3.26052,-0.840782,-3.86868,-0.735614,-0.735614,3
3,9,17,3.12161,3.72234,2.67763,-0.805878,3.72234,1
4,4,49,-0.605753,1.23051,-2.3856,-0.416188,-2.3856,1
2,11,35,3.24802,3.55013,1.44812,-0.805878,3.55013,1
3,18,31,1.92364,1.61464,1.72456,-0.805878,1.61464,0
4,13,58,-3.03783,-1.47238,-3.5329,-0.497556,-0.497556,3
4,13,73,-4.06104,-1.06101,-4.58061,-1.30758,-1.30758,1
1,20,88,-1.07786,-0.575694,-5.55605,-2.24038,-0.575694,1
4,6,35,-1.76583,-0.226335,1.44812,-0.805878,1.44812,2
4,14,28,-1.27956,-1.27956,1.70711,-0.805878,1.70711,2
3,20,48,-0.381708,-0.0988221,-2.02538,-0.386848,-0.0988221,1
3,13,45,-0.315357,1.15247,-0.989663,-0.351506,1.15247,1
4,18,63,-3.43957,0.238963,-4.03562,-0.692524,-0.692524,1
2,1,39,2.49473,3.30167,0.982003,-0.317489,3.30167,1
4,3,6,-0.00675146,6.91549,2.97518,-0.805878,2.97518,1
2,16,53,0.230434,0.171876,-3.24637,-0.595251,0.171876,0
4,19,53,-2.88215,-2.84375,-3.24637,-0.595251,-0.595251,3
4,18,57,-2.97891,0.295865,-3.55909,-0.534181,-0.534181,1
3,13,51,-0.798599,-0.158912,-3.03783,-0.448822,-0.158912,1
3,8,46,0.375561,0.802751,-1.27338,-0.395639,0.802751,1
4,1,24,3.09912,2.21367,2.20454,-0.805878,0.892743,0
4,8,47,-2.78547,1.49068,-1.66582,-0.377744,-1.66582,1
3,1,25,4.6683,3.16938,2.04479,-0.805878,3.16938,0
3,7,45,0.398856,1.30808,-0.989663,-0.351506,1.30808,1
1,16,99,-1.37284,-1.45042,-3.41916,-3.35117,-1.45042,0
2,20,60,-0.257945,0.472936,-3.62281,-0.563066,0.472936,1
1,5,11,4.76496,5.34879,2.80572,-0.805878,5.34879,1
3,8,64,-0.320661,0.484386,-3.84075,-0.813937,0.484386,1
3,4,65,-0.282183,0.222565,-4.11009,-0.783219,0.222565,1
3,18,64,-0.569316,-0.696882,-3.84075,-0.813937,-0.696882,0
4,2,60,-0.16616,0.362181,-3.62281,-0.563066,0.053961,1
4,18,61,-3.28628,-0.360335,-3.77303,-0.607646,-0.607646,1
3,13,47,-0.462749,0.553597,-1.66582,-0.377744,0.553597,1
4,19,57,-2.97891,-3.16636,-3.55909,-0.534181,-0.534181,3
1,5,36,4.17746,3.73878,1.45696,0.264588,3.73878,0
2,12,49,0.958501,1.4752,-2.3856,-0.416188,1.4752,1
1,1,35,3.76147,3.776,1.44812,-0.805878,3.776,1
1,10,47,2.77548,2.39948,-1.66582,-0.377744,2.39948,0
2,4,41,2.35884,3.27058,0.201755,-0.28101,3.27058,1
4,20,78,-4.4203,-4.4203,-4.65291,-1.66623,-1.66623,3
2,5,53,1.62203,1.93838,-3.24637,-0.595251,1.93838,1
4,9,55,-2.91819,-2.48285,-3.26052,-0.458097,-0.458097,3
1,11,29,3.86854,4.5482,1.67657,-0.805878,4.5482,1
4,8,76,-4.38821,-4.06888,-4.75214,-1.45125,-1.45125,3
2,10,47,1.39832,0.59355,-1.66582,-0.377744,0.59355,0
3,10,47,0.607933,-0.266551,-1.66582,-0.377744,-0.266551,0
4,7,37,-1.84662,-0.172694,0.962271,-0.077702,0.962271,2
3,15,56,0.126907,-0.549392,-3.43957,-0.474568,-0.549392,0
2,16,54,-0.0212196,0.00477628,-3.28628,-0.56961,0.00477628,1
4,15,71,-3.84075,-3.43929,-4.4203,-1.13959,-1.13959,3
4,19,48,-2.52467,-2.52467,-2.02538,-0.386848,-0.386848,3
3,13,54,-0.653731,-0.388642,-3.28628,-0.56961,-0.388642,1
3,7,81,-1.30734,-0.938692,-4.70389,-1.77463,-0.938692,1
3,1,77,0.451064,2.05777,-4.67517,-1.58996,2.05777,1
4,8,49,-2.88215,1.46094,-2.3856,-0.416188,-2.3856,1
4,13,22,-0.882782,-0.882782,2.39276,-0.805878,2.39276,2
4,20,80,-4.58061,-4.58061,-4.82344,-1.66435,-1.66435,3
2,5,51,1.86095,1.10961,-3.03783,-0.448822,1.10961,0
3,18,33,1.72034,1.71224,1.60775,-0.805878,1.71224,0
2,11,93,-0.474287,-1.17302,-3.41916,-2.51688,-1.17302,0
4,17,58,-3.03783,-0.798208,-3.5329,-0.497556,-0.497556,3
1,11,75,0.83943,1.2273,-4.90201,-1.41384,1.2273,1
4,10,84,-4.67517,-1.72732,-5.35927,-2.00544,-2.00544,1
1,8,15,3.99229,4.97808,2.8676,-0.805878,4.97808,1
2,14,51,0.880931,0.554639,-3.03783,-0.448822,0.554639,0
4,10,51,-2.7155,-1.61822,-3.03783,-0.448822,-0.448822,3
2,11,45,2.26642,1.69681,-0.989663,-0.351506,1.69681,0
1,3,70,1.55252,1.39946,-4.23657,-1.06699,1.39946,0
4,17,74,-4.33476,-4.33476,-4.86797,-1.45906,-1.45906,3
2,3,79,1.25927,0.276043,-4.30456,-1.7295,0.276043,0
4,12,53,-2.88215,-1.39011,-3.24637,-0.595251,-0.595251,3
3,18,69,-0.9976,-0.596752,-4.38821,-0.937499,-0.596752,1
4,2,59,-0.0842143,0.444494,-3.59803,-0.651593,-3.59803,1
4,18,48,-2.52467,-2.52467,-2.02538,-0.386848,-0.386848,3
3,13,42,0.416077,0.512771,-0.0637023,-0.353411,0.512771,1
3,19,60,-0.646242,0.277149,-3.62281,-0.563066,0.277149,1
4,19,60,-3.24637,-3.31002,-3.62281,-0.563066,-0.563066,3
2,16,52,0.395184,0.187208,-3.16282,-0.404636,0.187208,0
4,3,7,-0.323307,6.945,2.92731,-0.805878,2.92731,1
1,6,90,0.728725,0.827068,-6.05291,-2.36134,0.827068,1
4,11,52,-2.89315,-2.73259,-3.16282,-0.404636,-0.404636,3
4,13,69,-3.86868,-2.35472,-4.38821,-0.937499,-0.937499,3
3,20,52,-0.133601,0.147514,-3.16282,-0.404636,0.147514,1
3,13,49,-0.741896,0.285248,-2.3856,-0.416188,0.285248,1
4,18,59,-3.16282,-0.374002,-3.59803,-0.651593,-0.651593,1
2,17,59,-0.161018,-0.050702,-3.59803,-0.651593,-0.050702,1
3,20,64,-0.957387,-0.175028,-3.84075,-0.813937,-0.175028,1
1,20,75,-0.651366,-0.735658,-4.90201,-1.41384,-0.735658,0
4,14,45,-2.28561,-2.28561,-0.989663,-0.351506,-0.351506,3
4,6,50,1.66947,0.696618,-2.70986,-0.510597,-2.70986,0
4,20,81,-4.86797,-4.86797,-4.70389,-1.77463,-1.77463,3
2,5,50,2.73257,1.53655,-2.70986,-0.510597,1.53655,0
3,7,84,-1.56889,-1.12548,-5.35927,-2.00544,-1.12548,1
3,1,64,0.826128,1.38589,-3.84075,-0.813937,1.38589,1
4,8,52,-2.62969,-1.79856,-3.16282,-0.404636,-0.404636,3
2,14,54,0.657033,0.314474,-3.28628,-0.56961,0.314474,0
4,10,54,-2.88215,-1.93101,-3.28628,-0.56961,-0.56961,3
1,6,91,0.685525,0.727069,-6.29331,-2.45927,0.727069,1
4,11,55,-3.02202,-2.93066,-3.26052,-0.458097,-0.458097,3
3,18,38,0.855163,1.27561,0.671689,-0.230343,1.27561,1
2,11,92,-0.356536,-1.02123,-6.43894,-2.39982,-1.02123,0
4,17,61,-3.28628,-0.820709,-3.77303,-0.607646,-0.607646,3
3,9,22,1.92501,2.10226,2.39276,-0.805878,2.10226,2
4,4,48,-0.436308,1.43713,-2.02538,-0.386848,-2.02538,1
2,11,36,3.23525,3.38425,1.45696,0.264588,3.38425,1
3,18,30,1.94452,1.65418,1.53923,-0.805878,1.65418,0
4,13,57,-2.97891,-1.28227,-3.55909,-0.534181,-0.534181,3
2,14,95,-1.25035,-0.81093,-3.41916,-2.85377,-0.81093,1
4,13,74,-4.33476,-1.13002,-4.86797,-1.45906,-1.45906,1
3,20,51,-0.13418,0.301491,-3.03783,-0.448822,0.301491,1
3,13,44,-0.0119914,0.478579,-0.646582,-0.45329,0.478579,1
4,18,62,-3.26052,0.164134,-3.86868,-0.735614,-0.735614,1
2,1,38,3.05773,3.87288,0.671689,-0.230343,3.87288,1
4,19,52,-2.89315,-2.75753,-3.16282,-0.404636,-0.404636,3
4,18,56,-3.03023,-0.198401,-3.43957,-0.474568,-0.474568,1
3,13,50,-0.692137,0.257763,-2.70986,-0.510597,0.257763,1
3,8,45,0.601353,1.27857,-0.989663,-0.351506,1.27857,1
1,8,34,3.48876,4.04989,1.42834,-0.805878,4.04989,1
4,16,32,-1.51638,-1.51638,1.7249,-0.805878,1.7249,2
4,1,25,2.99565,2.0903,2.04479,-0.805878,1.12491,0
4,8,46,-2.7155,1.75344,-1.27338,-0.395639,-1.27338,1
3,1,24,4.70948,3.10608,2.20454,-0.805878,3.10608,0
3,7,44,0.761322,1.19886,-0.646582,-0.45329,1.19886,1
4,12,56,-3.03023,-1.18488,-3.43957,-0.474568,-0.474568,3
2,3,74,1.00818,0.327769,-4.86797,-1.45906,0.327769,0
3,4,64,-0.434144,-1.05917,-3.84075,-0.813937,-1.05917,0
3,18,65,-0.859494,-0.861244,-4.11009,-0.783219,-0.861244,3
4,2,63,-0.371056,0.0864354,-4.03562,-0.692524,-4.03562,1
4,18,60,-3.24637,-0.365659,-3.62281,-0.563066,-0.563066,1
3,13,46,-0.335343,0.781494,-1.27338,-0.395639,0.781494,1
4,19,56,-3.03023,-3.02299,-3.43957,-0.474568,-0.474568,3
4,6,47,1.8202,1.05839,-1.66582,-0.377744,-1.66582,0
4,2,81,0.979551,-0.902609,-4.70389,-1.77463,-1.77463,0
4,11,92,-5.14185,-5.14185,-6.43894,-2.39982,-2.39982,3
4,1,47,0.893238,3.0885,-1.66582,-0.377744,2.47677,1
1,6,37,3.87099,4.06777,0.962271,-0.077702,4.06777,1
1,5,37,4.30484,4.07479,0.962271,-0.077702,4.07479,0
2,12,50,0.76292,1.33041,-2.70986,-0.510597,1.33041,1
1,1,34,4.11322,4.13974,1.42834,-0.805878,4.13974,1
1,10,46,3.13892,2.74745,-1.27338,-0.395639,3.13892,0
2,4,40,2.50233,3.45906,0.424054,-0.32524,3.45906,1
3,8,70,-3.23986,0.22128,-4.23657,-1.06699,0.22128,1
4,15,76,-4.38821,-3.91389,-4.75214,-1.45125,-1.45125,3
3,1,27,4.31198,2.5237,1.79261,-0.805878,2.5237,0
3,7,47,-0.0999787,1.49972,-1.66582,-0.377744,1.49972,1
3,8,66,-0.660839,0.35748,-4.06104,-0.806488,0.35748,1
2,16,55,-0.145983,-0.270783,-3.26052,-0.458097,-0.270783,0
4,19,51,-2.78547,-2.69527,-3.03783,-0.448822,-0.448822,3
3,13,53,-1.21087,-0.435355,-3.24637,-0.595251,-0.435355,1
3,7,80,-1.16485,-0.933303,-4.82344,-1.66435,-0.933303,1
3,1,76,0.343931,1.63723,-4.75214,-1.45125,1.63723,1
4,8,48,-2.89315,1.22248,-2.02538,-0.386848,-2.02538,1
4,13,21,-0.867753,-0.867753,2.59473,-0.805878,2.59473,2
2,11,88,-0.289578,-0.941495,-5.55605,-2.24038,-0.941495,0
3,18,58,-0.453003,-0.0106055,-3.5329,-0.497556,-0.0106055,1
4,20,69,-3.86868,-3.57496,-4.38821,-0.937499,-0.937499,3
2,5,62,0.577165,1.15091,-3.86868,-0.735614,1.15091,1
3,12,37,0.807007,2.22874,0.962271,-0.077702,2.22874,1
4,6,85,-4.65291,-4.65586,-5.14185,-2.10808,-2.10808,3
2,3,53,1.56192,0.980893,-3.24637,-0.595251,0.980893,0
3,18,34,1.664,1.69109,1.42834,-0.805878,1.69109,1
2,11,80,-0.674909,-0.0697816,-4.82344,-1.66435,-0.0697816,1
4,17,57,-2.97891,-0.641822,-3.55909,-0.534181,-0.534181,3
1,11,76,0.856597,1.21761,-4.75214,-1.45125,1.21761,1
4,10,87,-4.82344,-4.82344,-5.60239,-2.09737,-2.09737,3
1,8,8,5.54099,5.52914,2.93668,-0.805878,5.52914,0
2,14,50,0.85076,1.50616,-2.70986,-0.510597,1.50616,1
4,10,50,-2.99027,2.41404,-2.70986,-0.510597,-0.510597,1
2,11,46,2.09398,1.83622,-1.27338,-0.395639,1.83622,0
1,3,73,1.18715,0.54349,-4.58061,-1.30758,0.54349,0
4,17,75,-4.27007,-4.27007,-4.90201,-1.41384,-1.41384,3
2,3,78,1.16934,0.280663,-4.65291,-1.66623,0.280663,0
4,12,52,-2.89315,-1.37294,-3.16282,-0.404636,-0.404636,3
3,18,70,-1.30886,-1.10753,-4.23657,-1.06699,-1.10753,3
4,2,62,-0.312392,0.252204,-3.86868,-0.735614,-3.86868,1
4,19,59,-3.16282,-3.26159,-3.59803,-0.651593,-0.651593,3
3,14,35,1.70634,1.67084,1.44812,-0.805878,1.67084,0
3,6,52,0.615832,-0.979484,-3.16282,-0.404636,-0.979484,0
4,3,28,-0.238907,2.57578,1.70711,-0.805878,1.70711,1
1,6,84,0.577349,0.730602,-5.35927,-2.00544,0.730602,1
4,11,42,-2.16262,-1.20668,-0.0637023,-0.353411,-0.0637023,2
4,2,27,1.99405,1.13561,1.79261,-0.805878,-0.320507,0
4,13,70,-4.03562,-2.50491,-4.23657,-1.06699,-1.06699,3
3,20,55,-0.393203,-0.186674,-3.26052,-0.458097,-0.186674,1
3,13,48,-0.603139,0.239809,-2.02538,-0.386848,0.239809,1
4,18,58,-3.03783,-0.243944,-3.5329,-0.497556,-0.497556,1
1,20,74,-0.794721,-0.665276,-4.86797,-1.45906,-0.665276,1
4,14,18,-0.728975,-0.728975,2.65786,-0.805878,2.65786,2
4,6,49,1.83256,0.911566,-2.3856,-0.416188,-2.3856,0
1,11,77,0.570175,1.09884,-4.67517,-1.58996,1.09884,1
4,10,86,-4.30456,-4.30456,-5.61978,-2.01828,-2.01828,3
1,8,9,5.26978,5.03391,2.89122,-0.805878,5.03391,0
2,14,49,0.86344,1.67507,-2.3856,-0.416188,1.67507,1
4,10,53,-2.89315,-1.69221,-3.24637,-0.595251,-0.595251,3
1,6,88,0.851516,0.813364,-5.55605,-2.24038,0.813364,0
4,11,54,-2.99027,-2.87038,-3.28628,-0.56961,-0.56961,3
1,3,72,1.40006,0.440665,-4.69937,-1.21867,0.440665,0
4,17,72,-4.11009,-4.11009,-4.69937,-1.21867,-1.21867,3
2,3,73,1.10977,0.561171,-4.58061,-1.30758,0.561171,0
4,12,55,-3.02202,-1.19659,-3.26052,-0.458097,-0.458097,3
3,18,39,1.00385,1.24854,0.982003,-0.317489,1.24854,1
2,11,91,-0.323846,-1.08068,-6.29331,-2.45927,-1.08068,0
4,17,60,-3.24637,-0.889794,-3.62281,-0.563066,-0.563066,3
4,2,48,0.792195,-0.0446246,-2.02538,-0.386848,-0.0446246,0
3,18,76,-1.45101,-1.43454,-4.75214,-1.45125,-1.43454,1
3,9,27,2.18302,2.4103,1.79261,-0.805878,2.4103,1
4,4,47,-0.245789,1.50488,-1.66582,-0.377744,-1.66582,1
4,13,56,-3.03023,-1.36852,-3.43957,-0.474568,-0.474568,3
4,13,71,-3.84075,-0.813355,-4.4203,-1.13959,-1.13959,1
3,20,54,-0.312213,-0.045101,-3.28628,-0.56961,-0.045101,1
2,1,37,3.54254,4.00432,0.962271,-0.077702,4.00432,1
2,9,15,4.51866,4.96548,2.8676,-0.805878,4.96548,1
2,3,39,2.96192,3.04246,0.982003,-0.317489,3.04246,1
3,11,47,0.810052,0.258673,-1.66582,-0.377744,0.258673,0
3,8,50,0.630301,0.840513,-2.70986,-0.510597,0.840513,1
1,11,87,0.0527242,0.887193,-5.60239,-2.09737,0.887193,1
4,16,55,-3.02202,-0.828035,-3.26052,-0.458097,-0.458097,3
1,8,51,2.56075,2.92371,-3.03783,-0.448822,2.56075,1
3,2,73,-2.65097,-0.509767,-4.58061,-1.30758,-0.509767,1
3,14,32,1.73692,2.09712,1.7249,-0.805878,2.09712,1
3,6,55,-1.01525,-1.33414,-3.26052,-0.458097,-1.33414,3
4,3,3,0.273204,4.06618,3,-0.805878,3,1
1,6,94,0.513525,0.395577,-3.41916,-2.55553,0.395577,0
4,11,48,-2.52467,-2.52467,-2.02538,-0.386848,-0.386848,3
3,18,21,4.09341,3.42845,2.59473,-0.805878,3.42845,0
2,11,41,2.96519,2.1783,0.201755,-0.28101,2.1783,0
1,3,66,1.79066,1.55312,-4.06104,-0.806488,1.55312,0
4,17,78,-4.4203,-4.4203,-4.65291,-1.66623,-1.66623,3
2,3,67,1.11643,0.243069,-4.33476,-0.933887,0.243069,0
4,12,49,-2.61941,-2.61941,-2.3856,-0.416188,-0.416188,3
3,12,36,1.04893,2.78598,1.45696,0.264588,2.78598,1
4,6,84,-4.67517,-4.76086,-5.35927,-2.00544,-2.00544,3
2,3,52,2.10023,1.04611,-3.16282,-0.404636,1.04611,0
3,18,45,-0.0242185,1.14545,-0.989663,-0.351506,1.14545,1
2,11,81,-0.676179,-0.815563,-4.70389,-1.77463,-0.815563,0
4,17,54,-2.99027,-0.28178,-3.28628,-0.56961,-0.56961,1
2,14,32,3.08889,2.89848,1.7249,-0.805878,2.89848,0
1,8,45,2.43776,3.4083,-0.989663,-0.351506,3.4083,1
4,16,53,-2.88215,-0.816759,-3.24637,-0.595251,-0.595251,3
4,5,71,-3.76811,-0.263779,-4.4203,-1.13959,-1.13959,1
2,5,65,0.229467,1.04066,-4.11009,-0.783219,1.04066,1
3,20,56,-0.369942,-0.268749,-3.43957,-0.474568,-0.268749,1
3,13,37,1.16889,1.21491,0.962271,-0.077702,1.21491,1
4,18,55,-3.02202,0.305032,-3.26052,-0.458097,-0.458097,1
3,2,54,0.369782,-0.297153,-3.28628,-0.56961,-0.297153,0
2,9,45,2.73194,2.53517,-0.989663,-0.351506,2.53517,0
3,5,41,2.04155,1.72117,0.201755,-0.28101,1.72117,0
3,1,7,4.34882,4.08207,2.92731,-0.805878,4.08207,0
3,7,43,1.01753,1.47591,-0.351569,-0.382527,1.47591,1
1,8,35,3.55784,3.75369,1.44812,-0.805878,3.75369,1
4,16,39,-1.93459,-1.72119,0.982003,-0.317489,-0.317489,2
4,19,55,-3.02202,-3.00089,-3.26052,-0.458097,-0.458097,3
3,18,66,-0.897186,-0.631655,-4.06104,-0.806488,-0.631655,1
4,2,50,0.570441,-0.500869,-2.70986,-0.510597,-0.507818,0
4,1,30,3.05837,3.16036,1.53923,-0.805878,2.9399,1
4,8,41,-2.08792,-0.224245,0.201755,-0.28101,0.201755,2
3,8,44,0.871159,1.68738,-0.646582,-0.45329,1.68738,1
3,10,46,0.517816,-0.00448531,-1.27338,-0.395639,-0.00448531,0
2,7,64,0.628467,0.986285,-3.84075,-0.813937,0.628467,1
1,8,96,-0.105226,0.0794511,-3.41916,-2.99602,0.0794511,1
1,11,36,3.83029,3.97409,1.45696,0.264588,3.97409,1
2,10,48,1.05904,0.480708,-2.02538,-0.386848,0.480708,0
4,9,46,-2.7155,1.11622,-1.27338,-0.395639,-0.395639,1
4,6,46,1.68533,1.19393,-1.27338,-0.395639,-1.27338,0
4,2,80,1.17276,-0.74737,-4.82344,-1.66435,-0.74737,0
4,11,93,-5.61978,-5.61978,-3.41916,-2.51688,-2.51688,3
4,1,46,0.970898,3.08496,-1.27338,-0.395639,3.07011,1
1,5,58,2.24679,2.45364,-3.5329,-0.497556,2.45364,1
2,12,63,1.4402,-0.0252749,-4.03562,-0.692524,-0.0252749,0
1,1,37,3.60006,3.81793,0.962271,-0.077702,3.81793,1
1,10,45,3.31056,2.97724,-0.989663,-0.351506,2.97724,0
2,4,39,3.23116,3.97109,0.982003,-0.317489,3.97109,1
4,9,49,-2.88215,0.599575,-2.3856,-0.416188,-2.3856,1
1,11,31,3.72709,4.35385,1.72456,-0.805878,4.35385,1
4,8,78,-4.4203,-4.21074,-4.65291,-1.66623,-2.93849,3
2,10,45,1.39531,0.70686,-0.989663,-0.351506,0.70686,0
3,8,69,-2.13912,0.085981,-4.38821,-0.937499,0.085981,1
1,5,54,2.62838,2.65046,-3.28628,-0.56961,2.65046,1
2,20,59,-0.386508,0.252947,-3.59803,-0.651593,0.252947,1
4,15,77,-4.23657,-3.89783,-4.67517,-1.58996,-1.58996,3
3,1,26,4.44907,3.13337,2.08517,-0.805878,3.13337,0
3,7,46,0.128727,1.44574,-1.27338,-0.395639,1.44574,1
3,8,47,0.298108,0.623448,-1.66582,-0.377744,0.623448,1
1,16,96,-0.907725,-1.15378,-3.41916,-2.99602,-1.15378,0
2,20,61,-0.132445,0.29829,-3.77303,-0.607646,0.29829,1
1,5,52,3.11701,2.77507,-3.16282,-0.404636,2.77507,0
2,19,37,1.80353,1.52851,0.962271,-0.077702,1.80353,0
3,14,90,-2.20175,-1.60571,-6.05291,-2.36134,-1.60571,1
3,8,65,-0.363689,-0.446808,-4.11009,-0.783219,-0.446808,0
4,19,50,-2.7155,-2.7155,-2.70986,-0.510597,-0.510597,3
3,13,52,-1.03742,-0.292773,-3.16282,-0.404636,-0.292773,1
2,12,96,-0.894243,-0.240647,-3.41916,-2.99602,-0.240647,1
4,13,24,-1.02966,0.749627,2.20454,-0.805878,2.20454,2
3,18,71,-0.862577,-1.12215,-4.4203,-1.13959,-1.12215,0
4,2,57,0.0882254,0.494792,-3.55909,-0.534181,-3.55909,1
4,19,58,-3.03783,-3.22062,-3.5329,-0.497556,-0.497556,3
1,20,85,-0.849284,-0.982658,-5.14185,-2.10808,-0.982658,0
4,14,19,-0.760146,-0.760146,2.73033,-0.805878,2.73033,2
4,6,48,1.61824,0.936083,-2.02538,-0.386848,-2.02538,0
4,20,79,-4.69937,-4.69937,-4.30456,-1.7295,-1.7295,3
2,5,52,1.61204,1.04485,-3.16282,-0.404636,1.04485,0
1,11,78,0.902668,1.27197,-4.65291,-1.66623,1.27197,1
4,10,89,-5.04662,-5.04662,-5.75042,-2.39784,-2.39784,3
1,8,10,4.87413,5.64617,2.9161,-0.805878,5.64617,1
2,14,48,1.13111,1.95849,-2.02538,-0.386848,1.95849,1
4,10,52,-2.78547,-1.64209,-3.16282,-0.404636,-0.404636,3
4,11,53,-2.88215,-2.7748,-3.24637,-0.595251,-0.595251,3
1,3,75,1.45815,0.456504,-4.90201,-1.41384,0.456504,0
4,17,73,-4.06104,-4.06104,-4.58061,-1.30758,-1.30758,3
2,3,72,1.09025,-0.459185,-4.69937,-1.21867,-0.459185,0
4,12,54,-2.99027,-1.45312,-3.28628,-0.56961,-0.56961,3
3,18,32,1.89959,1.58819,1.7249,-0.805878,1.58819,0
2,11,94,-0.725593,-1.58151,-3.41916,-2.55553,-1.58151,0
4,17,59,-3.16282,-1.09024,-3.59803,-0.651593,-0.651593,3
1,6,98,0.0941802,0.313165,-3.41916,-3.12829,0.313165,1
4,2,49,0.727258,-0.295298,-2.3856,-0.416188,-0.299948,0
3,18,79,-1.3578,-1.67504,-4.30456,-1.7295,-1.67504,0
3,9,24,2.44302,2.76637,2.20454,-0.805878,2.76637,1
4,4,46,-0.191278,1.32964,-1.27338,-0.395639,-1.27338,1
4,13,55,-3.02202,-1.42222,-3.26052,-0.458097,-0.458097,3
4,13,72,-4.11009,-0.976624,-4.69937,-1.21867,-1.21867,1
1,20,91,-1.32344,-0.888967,-6.29331,-2.45927,-0.888967,1
4,6,34,-1.69391,-0.203905,1.42834,-0.805878,1.42834,2
4,14,29,-1.34672,-1.34672,1.67657,-0.805878,1.67657,2
3,20,49,-0.397489,-0.212421,-2.3856,-0.416188,-0.212421,1
2,1,36,3.75474,4.24321,1.45696,0.264588,4.24321,1
2,9,12,2.95173,4.23138,2.93608,-0.805878,4.23138,1
2,3,38,4.00658,3.73227,0.671689,-0.230343,3.73227,0
3,11,46,0.652298,0.183406,-1.27338,-0.395639,0.183406,0
3,2,55,1.83415,1.1525,-3.26052,-0.458097,1.1525,0
2,3,6,3.86449,4.3457,2.97518,-0.805878,4.3457,1
2,9,44,2.03643,2.52803,-0.646582,-0.45329,2.52803,1
4,16,75,-4.27007,-4.27007,-4.90201,-1.41384,-1.41384,3
2,4,21,4.3439,3.82161,2.59473,-0.805878,4.3439,0
3,16,51,-0.567257,0.889233,-3.03783,-0.448822,0.889233,1
3,5,40,2.28766,1.83393,0.424054,-0.32524,2.28766,0
4,11,80,-4.58061,-3.39403,-4.82344,-1.66435,-1.66435,3
4,2,77,1.46737,-0.513294,-4.67517,-1.58996,-1.58996,0
3,1,6,5.13611,3.36494,2.97518,-0.805878,3.36494,0
3,7,42,1.36011,1.95239,-0.0637023,-0.353411,1.95239,1
4,16,38,-1.89425,-1.82729,0.671689,-0.230343,-0.230343,2
4,19,54,-2.99027,-2.93289,-3.28628,-0.56961,-0.56961,3
3,18,67,-1.1579,-0.8317,-4.33476,-0.933887,-0.8317,1
4,2,61,-0.261543,0.278253,-3.77303,-0.607646,-0.312465,1
4,1,31,3.22054,3.04724,1.72456,-0.805878,2.00974,0
4,8,40,-2.00091,-0.12389,0.424054,-0.32524,0.424054,2
3,8,43,1.01741,1.77728,-0.351569,-0.382527,1.77728,1
3,10,45,1.01947,0.348973,-0.989663,-0.351506,0.348973,0
4,4,45,-0.18399,1.21577,-0.989663,-0.351506,-0.989663,1
4,2,83,0.89704,-1.01408,-5.22327,-1.89942,-1.01408,0
4,11,98,-6.29331,-6.29331,-3.41916,-3.12829,-3.12829,3
4,13,94,-5.60239,-5.60239,-3.41916,-2.55553,-2.55553,3
4,1,45,1.09903,3.15703,-0.989663,-0.351506,3.15612,1
1,5,59,2.10125,2.38106,-3.59803,-0.651593,2.10125,1
2,12,48,1.08845,1.74749,-2.02538,-0.386848,1.74749,1
1,1,36,4.26633,3.89512,1.45696,0.264588,3.89512,0
1,10,44,3.03535,3.7571,-0.646582,-0.45329,3.03535,1
2,1,35,3.4662,3.95382,1.44812,-0.805878,3.95382,1
2,4,38,3.36371,3.98912,0.671689,-0.230343,3.98912,1
4,9,50,-2.99027,0.0685252,-2.70986,-0.510597,-0.510597,1
4,10,11,-0.381377,-0.805878,2.80572,-0.805878,2.80572,2
1,11,16,4.78509,4.38116,2.59926,-0.805878,4.38116,0
4,8,73,-4.06104,-3.89304,-4.58061,-1.30758,-1.30758,3
2,10,44,2.32046,2.49213,-0.646582,-0.45329,2.49213,1
2,7,65,0.285552,0.937522,-4.11009,-0.783219,0.937522,1
1,11,35,3.8543,4.28405,1.44812,-0.805878,4.28405,1
2,10,49,1.13112,0.192318,-2.3856,-0.416188,0.192318,0
4,9,45,-2.61941,1.22097,-0.989663,-0.351506,-0.989663,1
3,8,51,-1.26375,0.0261898,-3.03783,-0.448822,0.0261898,1
4,16,54,-2.99027,-0.809478,-3.28628,-0.56961,-0.56961,3
1,8,44,2.72764,2.83975,-0.646582,-0.45329,2.83975,1
3,2,74,1.05317,0.0271547,-4.86797,-1.45906,0.0271547,0
1,8,81,0.620354,0.149519,-4.70389,-1.77463,0.149519,0
2,14,14,3.61898,3.68,2.79075,-0.805878,3.68,1
4,10,46,-2.7155,4.07707,-1.27338,-0.395639,-1.27338,1
3,14,31,1.82267,2.96605,1.72456,-0.805878,2.96605,1
3,6,56,0.0113239,-0.152305,-3.43957,-0.474568,-0.152305,0
4,3,24,1.36885,1.15553,2.20454,-0.805878,2.20454,2
1,6,83,0.680405,0.897531,-5.22327,-1.89942,0.897531,1
4,11,47,-2.47724,-2.47724,-1.66582,-0.377744,-0.377744,3
3,18,20,2.73033,2.64156,2.55099,-0.805878,2.64156,0
2,11,42,2.83219,2.13849,-0.0637023,-0.353411,2.13849,0
1,3,69,1.70242,0.827181,-4.38821,-0.937499,0.827181,0
4,17,79,-4.69937,-4.69937,-4.30456,-1.7295,-1.7295,3
2,3,66,1.45215,0.461913,-4.06104,-0.806488,0.461913,0
4,12,48,-2.52467,-2.52467,-2.02538,-0.386848,-0.386848,3
3,12,41,1.71422,2.17579,0.201755,-0.28101,2.17579,1
4,6,89,-5.04662,-5.04662,-5.75042,-2.39784,-5.04662,3
2,9,29,3.35649,3.03722,1.67657,-0.805878,3.03722,0
2,3,49,2.26029,2.8539,-2.3856,-0.416188,2.8539,1
4,17,53,-2.88215,-0.530779,-3.24637,-0.595251,-0.595251,1
2,14,39,2.62736,2.73178,0.982003,-0.317489,2.73178,1
1,8,46,2.48473,3.22073,-1.27338,-0.395639,3.22073,1
4,16,52,-2.89315,-0.932985,-3.16282,-0.404636,-0.404636,3
2,5,66,0.182719,0.970965,-4.06104,-0.806488,0.970965,1
4,5,70,-0.925201,-0.556371,-4.23657,-1.06699,-0.99388,1
3,20,59,-0.554122,-0.791415,-3.59803,-0.651593,-0.791415,0
3,13,36,1.2012,2.20335,1.45696,0.264588,2.20335,1
4,18,54,-2.99027,0.808117,-3.28628,-0.56961,-0.56961,1
3,2,52,0.699985,1.23179,-3.16282,-0.404636,1.23179,1
2,3,3,5.11956,5.72373,3,-0.805878,5.72373,1
2,9,43,2.11075,2.45451,-0.351569,-0.382527,2.45451,1
4,16,74,-4.33476,-4.33476,-4.86797,-1.45906,-1.45906,3
2,4,20,4.96846,4.82249,2.55099,-0.805878,4.82249,0
3,16,50,-0.578589,-0.570498,-2.70986,-0.510597,-0.570498,3
1,1,54,2.56313,2.81412,-3.28628,-0.56961,2.81412,1
1,10,58,1.60681,2.07471,-3.5329,-0.497556,2.07471,1
2,12,46,1.34745,1.80142,-1.27338,-0.395639,1.80142,1
4,1,28,2.86499,2.99696,1.70711,-0.805878,2.20465,1
4,8,43,-2.24665,-0.303967,-0.351569,-0.382527,-0.351569,1
3,7,55,-1.08778,0.14587,-3.26052,-0.458097,0.14587,1
3,1,35,2.6812,3.67776,1.44812,-0.805878,3.67776,1
4,12,57,-2.97891,-1.22546,-3.55909,-0.534181,-0.534181,3
2,3,75,1.39492,0.49621,-4.90201,-1.41384,0.49621,0
4,14,14,-0.580929,-0.580929,2.79075,-0.805878,2.79075,2
4,6,45,0.92728,1.15716,-0.989663,-0.351506,-0.989663,1
4,20,70,-4.03562,-3.6242,-4.23657,-1.06699,-1.06699,3
2,5,61,0.984562,1.33805,-3.77303,-0.607646,0.984562,1
1,11,30,3.71143,4.42007,1.53923,-0.805878,4.42007,1
4,8,79,-4.69937,-4.48669,-4.30456,-1.7295,-1.7295,3
2,10,46,1.45413,0.688441,-1.27338,-0.395639,0.688441,0
4,9,48,-2.89315,0.0718464,-2.02538,-0.386848,-2.02538,1
1,11,73,0.927367,1.27094,-4.58061,-1.30758,1.27094,1
4,10,82,-4.90201,-1.52002,-5.04662,-1.89873,-1.89873,1
1,8,13,4.94537,5.05385,2.91513,-0.805878,5.05385,1
2,14,45,1.34662,1.83186,-0.989663,-0.351506,1.83186,1
4,10,49,-2.88215,3.31008,-2.3856,-0.416188,-2.3856,1
3,14,34,1.68079,1.74464,1.42834,-0.805878,1.74464,1
3,6,53,-0.0244085,-1.13778,-3.24637,-0.595251,-1.13778,0
4,3,29,-0.338496,2.36365,1.67657,-0.805878,0.778886,1
1,3,68,1.71502,1.48893,-4.27007,-1.01066,1.48893,0
4,17,76,-4.38821,-4.38821,-4.75214,-1.45125,-1.45125,3
2,3,77,1.22958,0.364248,-4.67517,-1.58996,0.364248,0
4,12,51,-2.78547,-1.24753,-3.03783,-0.448822,-0.448822,3
3,18,35,1.51586,1.58035,1.44812,-0.805878,1.58035,1
2,11,95,-0.521372,-1.22743,-3.41916,-2.85377,-1.22743,0
4,17,56,-3.03023,-0.434156,-3.43957,-0.474568,-0.474568,1
2,14,34,3.3675,2.77854,1.42834,-0.805878,2.77854,0
4,13,67,-3.62281,-2.19441,-4.33476,-0.933887,-0.933887,3
3,20,42,-0.320719,0.643069,-0.0637023,-0.353411,0.643069,1
4,11,81,-4.86797,-3.45646,-4.70389,-1.77463,-1.77463,3
4,2,76,1.16242,-0.465866,-4.75214,-1.45125,-0.958559,0
3,1,5,5.71505,4.56144,2.97834,-0.805878,4.56144,0
3,7,41,1.40316,1.94031,0.201755,-0.28101,1.94031,1
3,10,44,1.36714,1.82742,-0.646582,-0.45329,1.82742,1
3,11,45,1.09792,0.0921055,-0.989663,-0.351506,0.0921055,0
2,19,62,-0.208342,0.296769,-3.86868,-0.735614,0.296769,1
3,14,81,-1.13864,-0.760766,-4.70389,-1.77463,-0.760766,1
3,8,68,-0.642329,0.158296,-4.27007,-1.01066,0.158296,1
4,20,68,-3.77303,-3.52462,-4.27007,-1.01066,-1.01066,3
2,5,63,0.827583,1.18763,-4.03562,-0.692524,1.18763,1
4,2,51,0.128773,0.843493,-3.03783,-0.448822,-3.03783,1
3,18,77,-1.50905,-1.51766,-4.67517,-1.58996,-1.51766,0
3,9,26,2.18554,2.75635,2.08517,-0.805878,2.75635,1
4,4,44,-1.05983,1.70405,-0.646582,-0.45329,-0.646582,1
4,2,82,1.0381,-1.03773,-5.04662,-1.89873,-1.03773,0
4,11,99,-6.43894,-6.43894,-3.41916,-3.35117,-3.35117,3
4,1,44,2.99383,-1.74266,-0.646582,-0.45329,-1.26513,0
2,1,34,4.09918,4.02822,1.42834,-0.805878,4.02822,0
2,4,37,3.61301,4.19593,0.962271,-0.077702,4.19593,1
2,7,66,-0.181928,0.861608,-4.06104,-0.806488,0.861608,1
1,11,34,3.78518,4.27347,1.42834,-0.805878,4.27347,1
2,10,50,0.99048,0.370818,-2.70986,-0.510597,0.370818,0
4,9,44,-2.26409,-0.0462148,-0.646582,-0.45329,-0.646582,1
3,8,48,0.778945,0.814494,-2.02538,-0.386848,0.814494,1
3,2,79,-2.48591,-0.146613,-4.30456,-1.7295,-0.146613,1
1,8,86,0.269978,0.550837,-5.61978,-2.01828,0.550837,1
4,10,45,-2.61941,4.15982,-0.989663,-0.351506,-0.989663,1
3,14,30,1.86868,2.66318,1.53923,-0.805878,2.66318,1
3,6,57,0.118204,-0.560881,-3.55909,-0.534181,-0.560881,0
4,3,25,1.36572,1.10813,2.04479,-0.805878,2.04479,2
1,6,80,0.852918,0.946797,-4.82344,-1.66435,0.946797,1
4,11,46,-2.41163,-2.41163,-1.27338,-0.395639,-0.395639,3
3,12,38,0.857429,2.26482,0.671689,-0.230343,2.26482,1
4,6,90,-5.22327,-5.22327,-6.05291,-2.36134,-2.36134,3
2,9,28,3.1677,2.98225,1.70711,-0.805878,3.1677,0
2,3,54,1.57953,0.812092,-3.28628,-0.56961,0.812092,0
4,17,52,-2.89315,-0.277442,-3.16282,-0.404636,-0.404636,1
2,14,94,-1.28852,-0.989592,-3.41916,-2.55553,-0.989592,1
4,5,69,-0.80623,-0.479213,-4.38821,-0.937499,-0.937499,1
3,20,62,-0.754848,-0.941951,-3.86868,-0.735614,-0.941951,3
3,13,39,1.01785,0.201163,0.982003,-0.317489,0.201163,0
4,18,53,-2.88215,0.888038,-3.24637,-0.595251,-0.595251,1
4,20,82,-4.90201,-4.90201,-5.04662,-1.89873,-1.89873,3
2,5,49,2.95291,1.45446,-2.3856,-0.416188,1.45446,0
3,2,53,0.566877,1.11212,-3.24637,-0.595251,1.11212,1
2,9,42,2.39507,2.86893,-0.0637023,-0.353411,2.86893,1
3,17,20,2.6886,2.61871,2.55099,-0.805878,2.61871,0
3,3,11,2.33162,4.80143,2.80572,-0.805878,4.80143,1
3,19,66,-0.95519,-0.461826,-4.06104,-0.806488,-0.461826,1
2,4,23,4.25753,3.51146,2.09672,-0.805878,4.25753,0
3,16,49,-0.399358,-0.384919,-2.3856,-0.416188,-0.384919,1
4,1,29,2.99492,2.86422,1.67657,-0.805878,2.13031,0
4,8,42,-2.16262,-0.384166,-0.0637023,-0.353411,-0.0637023,2
3,7,54,-0.968264,0.0789576,-3.28628,-0.56961,0.0789576,1
3,1,34,3.05931,3.71376,1.42834,-0.805878,3.71376,1
4,6,93,-5.61978,-5.61978,-3.41916,-2.51688,-2.51688,3
3,12,45,0.966454,0.451609,-0.989663,-0.351506,0.451609,0
3,13,35,0.749252,2.19278,1.44812,-0.805878,2.19278,1
4,18,41,-2.08792,-1.72682,0.201755,-0.28101,-0.28101,2
3,20,58,-0.486197,-0.675241,-3.5329,-0.497556,-0.675241,0
2,9,86,-0.318347,-0.290633,-5.61978,-2.01828,-0.290633,1
4,14,15,-0.479294,-0.479294,2.8676,-0.805878,2.8676,2
4,6,44,-2.26409,0.375526,-0.646582,-0.45329,-0.646582,1
1,8,97,0.00571068,0.203966,-3.41916,-2.81209,0.203966,1
1,11,37,3.502,3.80341,0.962271,-0.077702,3.80341,1
2,10,55,0.395714,0.882473,-3.26052,-0.458097,0.395714,1
4,9,47,-2.78547,0.602481,-1.66582,-0.377744,-0.377744,1
1,11,74,0.705204,1.1357,-4.86797,-1.45906,1.1357,1
4,10,85,-4.65291,-1.61819,-5.14185,-2.10808,-2.10808,1
1,8,14,4.68065,4.93778,2.79075,-0.805878,4.93778,1
2,14,44,1.7383,2.44936,-0.646582,-0.45329,2.44936,1
4,10,48,-2.89315,2.25749,-2.02538,-0.386848,-2.02538,1
1,3,71,1.4685,0.701042,-4.4203,-1.13959,0.701042,0
4,17,77,-4.23657,-4.23657,-4.67517,-1.58996,-1.58996,3
2,3,76,1.15852,-0.371645,-4.75214,-1.45125,-0.371645,0
4,12,50,-2.7155,-2.7155,-2.70986,-0.510597,-2.70986,3
2,3,55,1.39703,0.620723,-3.26052,-0.458097,0.620723,0
3,18,44,-0.33957,0.860941,-0.646582,-0.45329,0.860941,1
2,11,82,-0.7169,-0.283022,-5.04662,-1.89873,-0.283022,1
4,17,55,-3.02202,-0.589586,-3.26052,-0.458097,-0.458097,3
2,14,33,3.24572,2.60031,1.60775,-0.805878,2.60031,0
4,13,68,-3.77303,-2.27815,-4.27007,-1.01066,-1.01066,3
3,20,53,-0.286533,-0.0171511,-3.24637,-0.595251,-0.0171511,1
4,11,86,-4.30456,-4.30456,-5.61978,-2.01828,-2.01828,3
4,2,79,1.28601,-0.70239,-4.30456,-1.7295,-0.70239,0
3,1,4,4.77945,5.22748,2.97261,-0.805878,5.22748,1
3,7,40,1.38123,1.90484,0.424054,-0.32524,1.90484,1
3,8,41,1.34973,2.1456,0.201755,-0.28101,2.1456,1
3,10,43,1.2702,1.74009,-0.351569,-0.382527,1.74009,1
3,11,44,0.926973,-0.00327254,-0.646582,-0.45329,-0.00327254,0
4,20,73,-4.06104,-4.06104,-4.58061,-1.30758,-1.30758,3
2,5,58,1.1827,0.658129,-3.5329,-0.497556,1.1827,0
4,6,43,-2.24665,0.526294,-0.351569,-0.382527,-0.382527,1
3,18,72,-0.920752,-1.19261,-4.69937,-1.21867,-1.19261,0
3,9,31,1.85574,1.72434,1.72456,-0.805878,1.72434,0
4,4,43,-1.00635,1.43976,-0.351569,-0.382527,-0.351569,1
2,16,16,3.04411,4.1914,2.59926,-0.805878,4.1914,1
4,3,43,0.0599941,1.80474,-0.351569,-0.382527,1.7917,1
4,1,43,2.72948,-1.73647,-0.351569,-0.382527,-1.43559,0
1,5,57,1.98503,2.25289,-3.55909,-0.534181,2.25289,1
2,12,62,1.70444,0.381807,-3.86868,-0.735614,0.381807,0
1,1,38,3.20974,3.52271,0.671689,-0.230343,3.52271,1
1,10,42,3.54147,4.18956,-0.0637023,-0.353411,4.18956,1
2,1,33,4.47381,4.00097,1.60775,-0.805878,4.00097,0
2,4,36,3.82513,4.23025,1.45696,0.264588,4.23025,1
4,9,52,-2.73882,-2.24173,-3.16282,-0.404636,-0.404636,3
3,8,49,0.841938,0.545507,-2.3856,-0.416188,0.545507,0
1,11,86,0.21325,1.05549,-5.61978,-2.01828,1.05549,1
4,16,48,-2.52467,-2.52467,-2.02538,-0.386848,-0.386848,3
1,8,50,1.91972,2.81879,-2.70986,-0.510597,2.81879,1
3,2,72,-0.700769,-1.4264,-4.69937,-1.21867,-1.4264,0
1,8,87,0.576449,0.7794,-5.60239,-2.09737,0.7794,1
4,10,44,-2.26409,1.06195,-0.646582,-0.45329,-0.646582,1
3,14,29,2.0404,2.18901,1.67657,-0.805878,2.18901,1
3,6,58,-1.2733,-2.03258,-3.5329,-0.497556,-2.03258,3
4,3,30,-0.554923,2.56761,1.53923,-0.805878,1.53923,1
3,12,43,1.50118,1.9035,-0.351569,-0.382527,1.9035,1
4,6,95,-5.55605,-5.55605,-3.41916,-2.85377,-2.85377,3
2,9,27,3.62544,4.29994,1.79261,-0.805878,4.29994,1
2,3,51,2.32242,0.702621,-3.03783,-0.448822,0.702621,0
4,17,51,-2.78547,-0.254356,-3.03783,-0.448822,-0.448822,1
2,14,93,-1.14985,-0.552609,-3.41916,-2.51688,-0.552609,1
2,5,64,0.750172,0.243587,-3.84075,-0.813937,0.243587,0
4,5,68,-0.840319,-0.411287,-4.27007,-1.01066,-1.01066,1
3,20,57,-0.63371,-0.44667,-3.55909,-0.534181,-0.44667,1
3,13,38,0.869097,1.71074,0.671689,-0.230343,1.71074,1
4,18,52,-2.89315,0.944261,-3.16282,-0.404636,-0.404636,1
4,20,94,-5.60239,-5.60239,-3.41916,-2.55553,-2.55553,3
2,5,37,4.18269,4.10169,0.962271,-0.077702,4.10169,0
2,7,39,3.60521,3.43867,0.982003,-0.317489,3.43867,0
3,10,42,1.64763,1.88399,-0.0637023,-0.353411,1.88399,1
3,7,53,-0.367778,0.683109,-3.24637,-0.595251,0.683109,1
3,1,33,3.364,3.88573,1.60775,-0.805878,3.88573,1
2,4,22,4.18157,3.54741,2.39276,-0.805878,3.54741,0
3,16,48,-0.225275,-0.298516,-2.02538,-0.386848,-0.298516,0
3,2,11,3.79561,2.20201,2.80572,-0.805878,2.20201,0
1,12,69,1.04183,0.990614,-4.38821,-0.937499,0.990614,0
4,15,91,-5.35927,-5.35927,-6.29331,-2.45927,-2.45927,3
4,19,20,-0.805878,-0.805878,2.55099,-0.805878,2.55099,2
3,4,36,2.63083,3.62004,1.45696,0.264588,3.62004,1
4,20,74,-4.33476,-4.33476,-4.86797,-1.45906,-1.45906,3
2,5,57,0.507783,0.741765,-3.55909,-0.534181,0.741765,1
2,16,17,2.77451,4.0322,2.67763,-0.805878,4.0322,1
4,3,42,0.0420842,1.81588,-0.0637023,-0.353411,0.00813669,1
3,18,78,-1.54084,-1.57519,-4.65291,-1.66623,-1.57519,0
1,6,99,0.0281892,0.166892,-3.41916,-3.35117,0.166892,1
1,5,99,0.262367,0.265913,-3.41916,-3.35117,0.265913,1
4,2,54,0.157898,0.5078,-3.28628,-0.56961,-3.28628,1
3,12,35,1.21961,2.81046,1.44812,-0.805878,2.81046,1
4,6,87,-4.82344,-4.82344,-5.60239,-2.09737,-2.09737,3
4,1,42,2.73551,-1.83628,-0.0637023,-0.353411,-1.48039,0
2,1,32,3.96961,3.30677,1.7249,-0.805878,3.30677,0
2,4,35,3.55847,3.91966,1.44812,-0.805878,3.55847,1
3,8,54,-1.93364,0.737956,-3.28628,-0.56961,0.737956,1
3,2,77,-0.62429,-0.218913,-4.67517,-1.58996,-0.218913,1
1,8,84,0.667822,0.256024,-5.35927,-2.00544,0.256024,0
4,10,43,-2.24665,1.10001,-0.351569,-0.382527,-0.382527,1
3,14,28,2.00338,2.19262,1.70711,-0.805878,2.19262,1
3,6,59,0.71449,-0.403424,-3.59803,-0.651593,-0.403424,0
4,3,31,-0.481953,2.50264,1.72456,-0.805878,1.72456,1
4,4,24,-0.0434618,1.54806,2.20454,-0.805878,2.20454,2
3,9,14,2.80768,4.40122,2.79075,-0.805878,4.40122,1
2,3,71,1.17432,0.520087,-4.4203,-1.13959,0.520087,0
4,12,45,-2.28561,-2.28561,-0.989663,-0.351506,-0.351506,3
4,1,37,2.87393,1.55861,0.962271,-0.077702,0.952587,0
3,20,80,-1.33829,-1.69125,-4.82344,-1.66435,-1.69125,0
2,3,8,4.76894,4.76576,2.93668,-0.805878,4.76576,0
3,5,36,2.40584,3.87228,1.45696,0.264588,3.87228,1
1,6,76,0.939315,1.10337,-4.75214,-1.45125,1.10337,1
4,2,19,-0.728975,-0.760146,2.73033,-0.805878,2.73033,2
4,11,34,-1.65275,-1.65275,1.42834,-0.805878,1.42834,2
1,5,38,4.36155,3.92639,0.671689,-0.230343,3.92639,0
1,6,36,4.09505,4.12528,1.45696,0.264588,4.12528,1
1,12,68,1.20291,1.13061,-4.27007,-1.01066,1.13061,0
4,15,92,-5.14185,-5.14185,-6.43894,-2.39982,-2.39982,3
4,19,23,-0.967684,-0.967684,2.09672,-0.805878,2.09672,2
4,8,85,-4.65291,-4.61074,-5.14185,-2.10808,-2.10808,3
3,2,20,3.95938,3.23638,2.55099,-0.805878,3.23638,0
3,4,35,2.91975,3.7759,1.44812,-0.805878,3.7759,1
4,20,71,-3.84075,-3.84075,-4.4203,-1.13959,-1.13959,3
2,5,60,0.619719,1.33595,-3.62281,-0.563066,1.33595,1
2,12,72,-0.0497388,-0.206975,-4.69937,-1.21867,-0.206975,0
2,7,53,0.805472,1.67826,-3.24637,-0.595251,1.67826,1
2,16,30,2.09383,2.4854,1.53923,-0.805878,2.4854,1
4,3,41,-0.159645,1.70038,0.201755,-0.28101,0.201755,1
4,13,98,-6.29331,-6.29331,-3.41916,-3.12829,-3.12829,3
4,1,41,2.68119,-1.85487,0.201755,-0.28101,-1.83102,0
3,16,39,2.99261,0.237446,0.982003,-0.317489,0.237446,0
2,1,31,3.79267,3.56942,1.72456,-0.805878,3.56942,0
3,8,55,-1.65786,0.742897,-3.26052,-0.458097,0.742897,1
3,2,78,1.08322,-0.0679394,-4.65291,-1.66623,-0.0679394,0
1,8,85,0.689269,0.148592,-5.14185,-2.10808,0.148592,0
4,10,42,-2.16262,0.808187,-0.0637023,-0.353411,-0.0637023,1
3,14,27,2.14486,2.86083,1.79261,-0.805878,2.86083,1
3,6,60,0.921604,-0.301051,-3.62281,-0.563066,-0.301051,0
1,2,2,6.52657,5.80024,2.95846,-0.805878,5.80024,0
4,3,20,-0.805878,2.40486,2.55099,-0.805878,2.55099,2
1,6,87,0.804916,0.96979,-5.60239,-2.09737,0.96979,1
4,2,26,1.96049,1.30217,2.08517,-0.805878,0.0373423,2
4,11,43,-2.24665,-1.13615,-0.351569,-0.382527,-0.382527,2
2,3,70,0.860161,-0.0674634,-4.23657,-1.06699,0.860161,0
4,12,44,-2.26409,0.015903,-0.646582,-0.45329,-0.646582,1
4,5,43,2.28897,0.157041,-0.351569,-0.382527,-0.351569,0
4,18,19,-0.760146,-0.760146,2.73033,-0.805878,2.73033,2
4,13,45,-2.28561,-2.28561,-0.989663,-0.351506,-0.351506,3
3,20,63,-0.884255,-0.868786,-4.03562,-0.692524,-0.868786,3
3,13,40,-0.0407214,0.791633,0.424054,-0.32524,0.791633,1
4,18,50,-2.7155,-2.7155,-2.70986,-0.510597,-0.510597,3
4,1,36,3.01839,1.70765,1.45696,0.264588,1.28317,0
3,20,81,-1.71482,-1.49268,-4.70389,-1.77463,-1.49268,1
3,5,35,2.78145,3.99893,1.44812,-0.805878,3.99893,1
1,6,79,0.594571,0.882531,-4.30456,-1.7295,0.882531,1
4,2,18,4.67554,5.85278,2.65786,-0.805878,0.859078,1
4,11,35,-1.73068,-1.73068,1.44812,-0.805878,1.44812,2
3,14,19,2.78442,3.05851,2.73033,-0.805878,3.05851,1
3,6,36,1.46037,3.24926,1.45696,0.264588,3.24926,1
4,6,94,-5.60239,-5.60239,-3.41916,-2.55553,-2.55553,3
3,12,42,1.73276,2.06592,-0.0637023,-0.353411,2.06592,1
1,12,67,1.11237,1.09315,-4.33476,-0.933887,1.09315,0
4,15,93,-5.61978,-5.61978,-3.41916,-2.51688,-2.51688,3
4,19,22,-0.882782,-0.882782,2.39276,-0.805878,2.39276,2
4,8,84,-4.67517,-4.68929,-5.35927,-2.00544,-2.00544,3
3,2,21,3.22227,4.10155,2.59473,-0.805878,4.10155,1
3,4,34,3.00412,3.86847,1.42834,-0.805878,3.86847,1
2,7,14,4.05506,4.19845,2.79075,-0.805878,4.19845,1
4,12,20,-0.805878,-0.805878,2.55099,-0.805878,2.55099,2
3,18,48,0.0606156,1.13424,-2.02538,-0.386848,1.13424,1
2,11,78,-0.368528,0.162111,-4.65291,-1.66623,0.162111,1
4,17,43,-2.24665,-2.11661,-0.351569,-0.382527,-0.351569,2
4,5,23,-0.874016,0.851819,2.09672,-0.805878,2.09672,2
3,13,29,2.05797,3.31285,1.67657,-0.805878,3.31285,1
4,18,47,-2.47724,-2.47724,-1.66582,-0.377744,-0.377744,3
4,5,41,2.47516,0.55352,0.201755,-0.28101,-0.141922,0
4,13,43,-2.24665,0.0308426,-0.351569,-0.382527,-0.382527,1
3,14,25,2.29865,3.07825,2.04479,-0.805878,3.07825,1
3,6,62,0.317716,-0.388539,-3.86868,-0.735614,-0.388539,0
4,3,26,1.23183,0.997008,2.08517,-0.805878,2.08517,2
1,6,81,0.78981,0.873633,-4.70389,-1.77463,0.873633,1
4,11,41,-2.08792,-1.14871,0.201755,-0.28101,0.201755,2
3,8,53,-1.92958,0.950223,-3.24637,-0.595251,0.950223,1
3,2,76,-0.574068,-0.0815951,-4.75214,-1.45125,-0.0815951,1
1,8,91,0.392746,0.453088,-6.29331,-2.45927,0.453088,1
4,10,40,-2.00091,1.20797,0.424054,-0.32524,0.424054,1
4,20,72,-4.11009,-4.11009,-4.69937,-1.21867,-1.21867,3
2,5,59,1.20299,0.536455,-3.59803,-0.651593,0.536455,0
4,6,40,-2.00091,0.707441,0.424054,-0.32524,0.424054,1
4,1,40,2.28072,-1.86052,0.424054,-0.32524,-1.86052,0
1,16,72,0.201812,0.689868,-4.69937,-1.21867,0.689868,1
1,6,34,3.95417,4.22396,1.42834,-0.805878,4.22396,1
1,5,44,2.15844,2.48199,-0.646582,-0.45329,2.48199,1
2,12,41,2.62233,1.97073,0.201755,-0.28101,1.97073,0
1,1,59,2.12645,2.53742,-3.59803,-0.651593,2.53742,1
1,10,39,3.36956,3.88542,0.982003,-0.317489,3.88542,1
3,16,38,0.234548,1.75085,0.671689,-0.230343,1.75085,1
2,1,30,3.77771,3.26651,1.53923,-0.805878,3.26651,0
4,5,18,-0.728975,6.08101,2.65786,-0.805878,2.65786,1
3,13,24,2.67278,2.63187,2.20454,-0.805878,2.63187,0
4,18,34,-1.65275,4.59407,1.42834,-0.805878,1.42834,1
1,20,77,-0.624063,-0.835014,-4.67517,-1.58996,-0.835014,0
4,14,43,-2.24665,-1.43261,-0.351569,-0.382527,-0.382527,2
3,5,34,2.97637,3.68867,1.42834,-0.805878,3.68867,1
4,3,23,0.925399,2.56431,2.09672,-0.805878,2.09672,1
1,6,74,1.13858,1.28713,-4.86797,-1.45906,1.28713,1
4,2,25,2.00774,1.4091,2.04479,-0.805878,-0.0675531,2
4,11,36,-1.77946,-1.77946,1.45696,0.264588,1.45696,2
3,8,85,-1.51119,-1.88429,-5.14185,-2.10808,-1.88429,0
1,5,32,3.93514,3.76593,1.7249,-0.805878,3.76593,0
1,6,38,4.05081,4.1807,0.671689,-0.230343,4.1807,1
3,14,22,2.63438,2.61569,2.39276,-0.805878,2.61569,0
3,6,33,1.14455,3.10831,1.60775,-0.805878,3.10831,1
2,19,97,-2.51974,-2.46234,-3.41916,-2.81209,-2.51974,1
4,5,20,-0.805878,2.48644,2.55099,-0.805878,2.55099,2
3,13,30,2.00828,3.31466,1.53923,-0.805878,3.31466,1
4,18,44,-2.26409,-1.9075,-0.646582,-0.45329,-0.45329,3
4,5,46,0.0301755,2.42677,-1.27338,-0.395639,-1.27338,1
4,18,30,-1.41916,-1.41916,1.53923,-0.805878,1.53923,2
4,13,42,-2.16262,-0.190253,-0.0637023,-0.353411,-0.353411,2
3,4,40,1.65023,3.16345,0.424054,-0.32524,3.16345,1
4,13,88,-4.70389,-4.70389,-5.55605,-2.24038,-2.24038,3
2,13,96,-1.20629,-1.05057,-3.41916,-2.99602,-1.05057,1
1,11,66,0.494524,0.925792,-4.06104,-0.806488,0.925792,1
4,10,93,-5.61978,-5.61978,-3.41916,-2.51688,-2.51688,3
3,17,45,-0.351538,-0.258717,-0.989663,-0.351506,-0.258717,1
3,3,32,2.2349,2.68225,1.7249,-0.805878,2.68225,1
2,3,33,3.86186,4.26518,1.60775,-0.805878,4.26518,1
3,12,57,0.0194513,-0.412906,-3.55909,-0.534181,-0.412906,0
4,6,73,-4.06104,-3.8676,-4.58061,-1.30758,-2.58759,3
2,9,13,4.34583,4.48694,2.91513,-0.805878,4.48694,1
1,12,66,0.829098,0.841772,-4.06104,-0.806488,0.841772,1
4,15,94,-5.60239,-5.60239,-3.41916,-2.55553,-2.55553,3
4,19,25,-1.10732,-1.10732,2.04479,-0.805878,2.04479,2
4,8,87,-4.82344,-4.82344,-5.60239,-2.09737,-2.09737,3
3,2,22,3.17569,3.87793,2.39276,-0.805878,3.87793,1
3,4,33,2.95834,4.00132,1.60775,-0.805878,4.00132,1
2,7,13,4.58221,5.15035,2.91513,-0.805878,5.15035,1
4,12,21,-0.867753,-0.867753,2.59473,-0.805878,2.59473,2
3,18,49,-0.0439877,0.98229,-2.3856,-0.416188,0.98229,1
2,11,77,-0.531367,0.124328,-4.67517,-1.58996,0.124328,1
4,17,42,-2.16262,-2.05079,-0.0637023,-0.353411,-0.353411,2
3,14,24,2.34572,3.24152,2.20454,-0.805878,3.24152,1
3,6,63,-0.526337,-0.402856,-4.03562,-0.692524,-0.402856,1
4,3,27,1.0567,0.844466,1.79261,-0.805878,1.79261,2
1,6,86,0.768369,0.963551,-5.61978,-2.01828,0.963551,1
4,11,40,-2.00091,-0.985082,0.424054,-0.32524,0.424054,2
3,2,65,1.033,-1.07828,-4.11009,-0.783219,1.033,0
1,8,88,0.453574,0.779852,-5.55605,-2.24038,0.779852,1
4,10,39,-1.93459,1.36047,0.982003,-0.317489,0.982003,1
2,20,66,-0.433664,0.367732,-4.06104,-0.806488,0.367732,1
1,19,59,0.715364,0.75395,-3.59803,-0.651593,0.75395,1
3,6,19,3.04836,3.88624,2.73033,-0.805878,3.88624,1
3,10,68,0.175851,-1.03516,-4.27007,-1.01066,-1.03516,0
4,4,39,-0.79408,2.36647,0.982003,-0.317489,0.982003,1
3,20,86,-1.61388,-2.39825,-5.61978,-2.01828,-2.39825,0
4,1,39,2.17454,-1.85398,0.982003,-0.317489,0.982003,0
1,16,73,-0.0076995,0.360767,-4.58061,-1.30758,0.360767,1
1,6,45,2.04177,2.57577,-0.989663,-0.351506,2.57577,1
1,5,45,2.76325,2.94614,-0.989663,-0.351506,2.94614,1
2,12,42,2.38405,1.89276,-0.0637023,-0.353411,1.89276,0
1,1,58,2.17576,2.6263,-3.5329,-0.497556,2.6263,1
1,10,38,3.8691,2.70036,0.671689,-0.230343,2.70036,0
3,8,84,-1.71276,-0.923959,-5.35927,-2.00544,-0.923959,1
1,5,39,3.87476,3.95907,0.982003,-0.317489,3.95907,1
1,6,39,3.70831,3.91597,0.982003,-0.317489,3.91597,1
4,6,88,-4.70389,-4.70389,-5.55605,-2.24038,-2.24038,3
3,12,40,1.43183,2.14233,0.424054,-0.32524,2.14233,1
4,7,72,-4.11009,-3.82586,-4.69937,-1.21867,-3.08487,3
3,15,43,0.474817,0.798617,-0.351569,-0.382527,0.798617,1
3,4,41,1.60158,3.21326,0.201755,-0.28101,3.21326,1
4,13,87,-4.82344,-4.82344,-5.60239,-2.09737,-2.09737,3
2,13,99,-1.47014,-1.18889,-3.41916,-3.35117,-1.18889,1
1,11,65,0.442557,0.960141,-4.11009,-0.783219,0.960141,1
4,10,90,-5.22327,-5.22327,-6.05291,-2.36134,-2.36134,3
2,17,89,-1.498,-1.25758,-5.75042,-2.39784,-1.25758,1
4,1,2,6.82698,4.69996,2.95846,-0.805878,2.75676,0
1,17,59,1.02106,0.611105,-3.59803,-0.651593,0.611105,0
1,12,65,1.04684,0.790441,-4.11009,-0.783219,0.790441,0
4,15,95,-5.55605,-5.55605,-3.41916,-2.85377,-2.85377,3
4,19,24,-1.02966,-1.02966,2.20454,-0.805878,2.20454,2
4,8,86,-4.30456,-4.30456,-5.61978,-2.01828,-2.01828,3
3,2,23,1.97917,2.64711,2.09672,-0.805878,2.64711,1
3,4,32,2.23705,2.95938,1.7249,-0.805878,2.95938,1
2,9,41,2.91663,3.01406,0.201755,-0.28101,3.01406,1
2,3,13,4.40347,4.97452,2.91513,-0.805878,4.97452,1
3,5,33,2.80956,3.73081,1.60775,-0.805878,3.73081,1
4,3,22,1.06626,2.6381,2.39276,-0.805878,2.39276,1
1,6,85,0.718421,0.805159,-5.14185,-2.10808,0.805159,1
4,2,24,2.3019,1.40919,2.20454,-0.805878,2.20454,0
4,11,37,-1.84662,-1.84662,0.962271,-0.077702,0.962271,2
3,14,21,2.62785,2.7431,2.59473,-0.805878,2.7431,1
2,19,98,-2.00085,-2.35402,-3.41916,-3.12829,-2.35402,0
3,6,34,1.42921,3.32951,1.42834,-0.805878,3.32951,1
2,7,8,4.68813,3.63296,2.93668,-0.805878,3.63296,0
4,12,22,-0.882782,-0.882782,2.39276,-0.805878,2.39276,2
4,5,13,-0.496319,3.46452,2.91513,-0.805878,2.91513,1
3,13,23,0.870017,3.1864,2.09672,-0.805878,3.1864,1
4,18,37,-1.84662,4.25344,0.962271,-0.077702,0.962271,1
1,20,66,0.232411,0.243095,-4.06104,-0.806488,0.243095,1
4,14,42,-2.16262,-1.48857,-0.0637023,-0.353411,-0.0637023,2
3,14,23,2.55324,2.81149,2.09672,-0.805878,2.81149,1
2,19,96,-2.05834,-2.35979,-3.41916,-2.99602,-2.35979,0
3,6,32,1.4588,3.62115,1.7249,-0.805878,3.62115,1
4,3,16,3.32609,-0.543395,2.59926,-0.805878,2.59926,0
1,6,75,0.664936,1.28672,-4.90201,-1.41384,1.28672,1
4,2,30,2.24361,4.32133,1.53923,-0.805878,0.4765,1
4,11,39,-1.93459,-0.85185,0.982003,-0.317489,0.982003,2
3,2,66,0.251177,0.349411,-4.06104,-0.806488,0.349411,1
1,8,89,0.44148,0.690529,-5.75042,-2.39784,0.690529,1
4,10,38,-1.89425,-1.89425,0.671689,-0.230343,0.671689,2
1,19,58,0.533637,0.947265,-3.5329,-0.497556,0.947265,1
3,6,16,3.25555,4.06452,2.59926,-0.805878,4.06452,1
3,10,69,0.0176807,-1.16328,-4.38821,-0.937499,-1.16328,0
4,4,38,-0.0880049,1.0748,0.671689,-0.230343,0.671689,1
4,1,38,2.67886,1.59637,0.671689,-0.230343,0.93218,0
2,12,55,1.91344,0.973127,-3.26052,-0.458097,0.973127,0
1,1,61,2.00959,2.35708,-3.77303,-0.607646,2.35708,1
1,10,37,3.28046,2.64806,0.962271,-0.077702,2.64806,0
3,8,87,-1.56924,-1.10432,-5.60239,-2.09737,-1.10432,1
2,1,28,3.41393,3.10151,1.70711,-0.805878,3.10151,0
3,4,42,1.02773,2.8189,-0.0637023,-0.353411,2.8189,1
1,12,75,0.851505,0.59827,-4.90201,-1.41384,0.59827,0
4,15,85,-4.65291,-4.3815,-5.14185,-2.10808,-2.10808,3
4,19,30,-1.41916,-1.41916,1.53923,-0.805878,1.53923,2
4,13,86,-4.30456,-4.30456,-5.61978,-2.01828,-2.01828,3
2,13,98,-1.16297,-0.965175,-3.41916,-3.12829,-0.965175,1
1,11,64,0.675785,1.16041,-3.84075,-0.813937,1.16041,1
4,10,91,-5.35927,-5.35927,-6.29331,-2.45927,-2.45927,3
4,9,57,-3.02476,-2.51476,-3.55909,-0.534181,-0.534181,3
1,11,23,4.52874,4.76588,2.09672,-0.805878,4.52874,1
2,10,37,2.21436,2.84503,0.962271,-0.077702,2.84503,1
2,17,90,-2.0107,-1.61449,-6.05291,-2.36134,-1.61449,1
4,1,13,-0.496319,1.76692,2.91513,-0.805878,1.16158,2
1,17,58,0.858415,0.88992,-3.5329,-0.497556,0.88992,1
2,3,12,5.50849,5.29107,2.93608,-0.805878,5.29107,0
3,5,32,1.81678,2.27183,1.7249,-0.805878,2.27183,1
4,3,17,-0.543395,5.52259,2.67763,-0.805878,0.776239,1
1,6,72,0.835423,1.3045,-4.69937,-1.21867,1.3045,1
4,2,31,2.19397,4.25268,1.72456,-0.805878,0.880702,1
4,11,38,-1.89425,-1.89425,0.671689,-0.230343,-0.230343,2
2,7,15,3.43844,4.08651,2.8676,-0.805878,4.08651,1
4,12,23,-0.967684,-0.967684,2.09672,-0.805878,2.09672,2
3,18,51,-0.430314,0.398567,-3.03783,-0.448822,0.398567,1
2,11,79,-0.224723,0.21923,-4.30456,-1.7295,0.21923,1
4,17,40,-2.00091,-1.90863,0.424054,-0.32524,-0.32524,2
3,11,38,1.91497,1.67387,0.671689,-0.230343,1.67387,0
4,18,18,-0.728975,-0.728975,2.65786,-0.805878,2.65786,2
4,5,42,2.77018,0.365712,-0.0637023,-0.353411,-0.0637023,0
4,13,46,-2.41163,-2.41163,-1.27338,-0.395639,-1.27338,3
4,5,16,-0.543395,-0.543395,2.59926,-0.805878,2.59926,2
3,13,26,2.50976,2.56958,2.08517,-0.805878,2.56958,1
4,18,32,-1.51638,-1.51638,1.7249,-0.805878,1.7249,2
1,20,79,-0.623015,-1.0378,-4.30456,-1.7295,-1.0378,0
4,14,41,-2.08792,-1.43731,0.201755,-0.28101,0.201755,2
3,2,71,-0.777252,0.0876701,-4.4203,-1.13959,0.0876701,1
1,8,94,0.246326,0.372208,-3.41916,-2.55553,0.372208,1
4,10,37,-1.84662,-1.84662,0.962271,-0.077702,0.962271,2
2,4,34,3.65026,3.90544,1.42834,-0.805878,3.90544,1
2,20,64,-0.43138,0.557587,-3.84075,-0.813937,0.557587,1
1,19,57,0.883616,1.07084,-3.55909,-0.534181,0.883616,1
3,6,45,1.472,1.39425,-0.989663,-0.351506,1.39425,0
3,10,70,0.17092,-1.08018,-4.23657,-1.06699,-1.08018,0
3,11,11,5.27666,2.99859,2.80572,-0.805878,2.99859,0
1,16,75,-0.0331423,0.10643,-4.90201,-1.41384,0.10643,1
1,6,35,3.88558,4.23169,1.44812,-0.805878,4.23169,1
1,5,35,4.4554,3.92197,1.44812,-0.805878,3.92197,0
2,12,40,2.61559,1.88588,0.424054,-0.32524,1.88588,0
1,1,60,2.11792,2.4943,-3.62281,-0.563066,2.4943,1
1,10,36,3.28339,2.57351,1.45696,0.264588,2.57351,0
2,7,19,4.48286,3.40416,2.73033,-0.805878,3.40416,0
4,12,19,-0.760146,-0.760146,2.73033,-0.805878,2.73033,2
3,18,55,-0.596305,0.0536746,-3.26052,-0.458097,0.0536746,1
2,11,75,-0.0184254,0.0616438,-4.90201,-1.41384,0.0616438,1
4,17,44,-2.26409,-2.15442,-0.646582,-0.45329,-0.45329,3
4,12,98,-6.29331,-6.29331,-3.41916,-3.12829,-3.12829,3
2,20,69,-1.03218,0.0233504,-4.38821,-0.937499,0.0233504,1
2,4,32,3.3654,3.46931,1.7249,-0.805878,3.3654,1
3,7,67,-0.451498,-0.176962,-4.33476,-0.933887,-0.176962,1
3,1,63,-0.902529,0.536484,-4.03562,-0.692524,0.536484,1
4,8,39,-1.93459,-0.0567868,0.982003,-0.317489,-0.317489,2
3,8,52,-1.60208,0.985796,-3.16282,-0.404636,0.985796,1
3,2,67,0.0313231,0.41988,-4.33476,-0.933887,0.41988,1
1,8,90,0.459996,0.582479,-6.05291,-2.36134,0.582479,1
4,10,41,-2.08792,0.937924,0.201755,-0.28101,0.201755,1
3,14,26,2.07075,2.97168,2.08517,-0.805878,2.97168,1
3,6,61,-0.413749,-0.34073,-3.77303,-0.607646,-0.34073,1
4,3,21,1.14251,2.40589,2.59473,-0.805878,2.59473,2
3,9,28,1.99437,1.91979,1.70711,-0.805878,1.91979,0
4,4,42,-0.974507,1.69785,-0.0637023,-0.353411,-0.0637023,1
2,3,69,0.935192,-0.535963,-4.38821,-0.937499,-0.535963,0
4,12,43,-2.24665,-0.0103096,-0.351569,-0.382527,-0.382527,1
4,5,40,2.59367,0.679033,0.424054,-0.32524,0.424054,0
4,13,44,-2.26409,0.0653588,-0.646582,-0.45329,-0.45329,1
4,13,75,-4.27007,-1.2503,-4.90201,-1.41384,-1.41384,1
3,20,50,-0.543698,-0.140705,-2.70986,-0.510597,-0.140705,1
3,8,86,-2.80564,-1.35227,-5.61978,-2.01828,-1.35227,1
1,5,33,4.43346,4.01483,1.60775,-0.805878,4.01483,0
1,6,33,3.65468,4.03599,1.60775,-0.805878,4.03599,1
4,7,74,-4.33476,-4.0629,-4.86797,-1.45906,-1.45906,3
3,15,41,0.772998,0.741168,0.201755,-0.28101,0.741168,0
3,19,57,-0.520248,-0.248714,-3.55909,-0.534181,-0.248714,1
4,19,33,-1.57416,-1.57416,1.60775,-0.805878,1.60775,2
3,4,43,0.539654,2.61366,-0.351569,-0.382527,2.61366,1
1,12,76,0.867545,0.509314,-4.75214,-1.45125,0.509314,0
4,15,84,-4.67517,-4.25796,-5.35927,-2.00544,-2.00544,3
4,19,31,-1.46886,-1.46886,1.72456,-0.805878,1.72456,2
4,9,58,-3.01313,-2.59027,-3.5329,-0.497556,-0.497556,3
1,11,40,2.91322,3.64442,0.424054,-0.32524,3.64442,1
2,10,36,2.25997,2.94817,1.45696,0.264588,2.94817,1
2,17,95,-2.53419,-1.94381,-3.41916,-2.85377,-1.94381,1
1,17,37,3.91931,4.03809,0.962271,-0.077702,4.03809,1
3,19,80,-1.18689,-1.51858,-4.82344,-1.66435,-1.51858,0
3,3,29,1.23021,2.1528,1.67657,-0.805878,2.1528,1
2,2,58,1.66272,2.26701,-3.5329,-0.497556,2.26701,1
1,12,20,3.89292,4.37538,2.55099,-0.805878,4.37538,1
4,6,22,-0.882782,1.10077,2.39276,-0.805878,2.39276,2
3,12,98,-2.60157,-2.2436,-3.41916,-3.12829,-2.2436,1
2,9,47,2.19627,2.28113,-1.66582,-0.377744,2.28113,1
2,3,7,5.92577,3.47389,2.92731,-0.805878,3.47389,0
1,10,32,3.6822,4.57636,1.7249,-0.805878,3.6822,1
1,1,32,3.59108,4.23916,1.7249,-0.805878,4.23916,1
3,5,31,1.70715,2.25506,1.72456,-0.805878,2.25506,1
2,7,18,4.22933,4.13342,2.65786,-0.805878,4.13342,0
4,12,16,-0.543395,-0.427868,2.59926,-0.805878,2.59926,2
3,18,52,-0.231465,0.356701,-3.16282,-0.404636,0.356701,1
2,11,74,-0.102312,-0.103384,-4.86797,-1.45906,-0.103384,0
4,17,47,-2.47724,-2.47724,-1.66582,-0.377744,-0.377744,3
4,5,19,-0.760146,-0.74456,2.73033,-0.805878,2.73033,2
3,13,25,2.54479,2.35458,2.04479,-0.805878,2.35458,0
4,18,35,-1.73068,4.59661,1.44812,-0.805878,1.44812,1
1,20,76,-0.566963,-0.719665,-4.75214,-1.45125,-0.719665,0
4,14,40,-2.00091,-1.34512,0.424054,-0.32524,-0.32524,2
1,20,67,0.0350231,0.0108538,-4.33476,-0.933887,0.0108538,0
4,14,37,-1.84662,-0.330001,0.962271,-0.077702,0.962271,2
3,13,22,1.09396,3.28912,2.39276,-0.805878,3.28912,1
4,18,36,-1.77946,4.31419,1.45696,0.264588,0.264588,1
3,2,64,-0.465325,0.713814,-3.84075,-0.813937,0.713814,1
1,8,95,0.102752,0.285447,-3.41916,-2.85377,0.285447,1
4,10,36,-1.77946,-1.77946,1.45696,0.264588,1.45696,2
2,4,33,3.41522,3.88802,1.60775,-0.805878,3.88802,1
2,20,67,-0.641677,0.0425765,-4.33476,-0.933887,0.0425765,1
1,19,56,1.07746,1.21793,-3.43957,-0.474568,1.21793,1
3,6,18,3.13513,4.89777,2.65786,-0.805878,4.89777,1
3,10,71,-0.28135,-0.371919,-4.4203,-1.13959,-0.371919,0
3,6,67,-1.37236,-2.11037,-4.33476,-0.933887,-2.11037,3
3,11,12,2.87866,3.59273,2.93608,-0.805878,3.59273,1
2,12,53,2.03719,1.19934,-3.24637,-0.595251,1.19934,0
1,1,63,1.96928,2.28706,-4.03562,-0.692524,2.28706,1
1,10,35,3.71649,2.85255,1.44812,-0.805878,2.85255,0
3,9,25,2.31209,2.50544,2.04479,-0.805878,2.50544,1
4,4,41,-0.965076,1.74646,0.201755,-0.28101,0.201755,1
4,4,25,-0.0693898,1.43584,2.04479,-0.805878,2.04479,2
3,9,9,2.85,3.54329,2.89122,-0.805878,3.54329,1
2,3,68,1.10264,0.364254,-4.27007,-1.01066,0.364254,0
4,12,42,-2.16262,-0.225382,-0.0637023,-0.353411,-0.0637023,2
3,2,90,-0.60568,-1.21198,-6.05291,-2.36134,-1.21198,0
3,8,35,1.97213,2.68715,1.44812,-0.805878,2.68715,1
4,5,72,-3.99775,-0.360446,-4.69937,-1.21867,-1.21867,1
4,13,76,-4.38821,-1.26394,-4.75214,-1.45125,-1.45125,1
3,20,61,-0.724634,-0.675406,-3.77303,-0.607646,-0.675406,3
4,13,99,-6.43894,-6.43894,-3.41916,-3.35117,-3.35117,3
3,12,33,1.4672,2.94883,1.60775,-0.805878,2.94883,1
4,6,81,-4.86797,-4.61186,-4.70389,-1.77463,-1.77463,3
3,8,67,-0.684984,0.0994538,-4.33476,-0.933887,0.0994538,1
4,13,92,-5.14185,-5.14185,-6.43894,-2.39982,-2.39982,3
3,8,81,-2.23101,-1.03333,-4.70389,-1.77463,-1.03333,1
2,19,53,0.444931,1.17158,-3.24637,-0.595251,1.17158,1
3,14,74,-0.54114,-0.481922,-4.86797,-1.45906,-0.481922,1
2,17,88,-1.6136,-1.39977,-5.55605,-2.24038,-1.39977,1
4,1,3,5.80024,4.6708,3,-0.805878,-0.798846,0
1,17,36,3.87674,4.08166,1.45696,0.264588,4.08166,1
1,12,19,3.992,4.16947,2.73033,-0.805878,4.16947,1
1,10,33,3.78811,2.66836,1.60775,-0.805878,2.66836,0
1,1,33,4.47537,4.22072,1.60775,-0.805878,4.22072,0
3,5,30,1.69557,2.46329,1.53923,-0.805878,2.46329,1
3,12,24,2.69749,2.65648,2.20454,-0.805878,2.65648,0
3,11,72,-0.571263,0.108396,-4.69937,-1.21867,0.108396,1
1,19,55,1.35422,1.33302,-3.26052,-0.458097,1.33302,0
3,10,80,-1.29023,-1.25517,-4.82344,-1.66435,-1.25517,1
3,6,31,2.0585,3.77843,1.72456,-0.805878,3.77843,1
2,7,17,4.85148,4.27217,2.67763,-0.805878,4.27217,0
4,12,17,-0.64769,-0.64769,2.67763,-0.805878,2.67763,2
3,18,53,-0.438442,0.175577,-3.24637,-0.595251,0.175577,1
2,11,73,-0.400492,-0.113473,-4.58061,-1.30758,-0.113473,1
4,17,46,-2.41163,-2.41163,-1.27338,-0.395639,-0.395639,3
3,17,78,-1.29523,-1.54473,-4.65291,-1.66623,-1.54473,0
3,3,69,-0.461781,-1.87527,-4.38821,-0.937499,-1.87527,0
3,10,35,1.91641,2.97594,1.44812,-0.805878,2.97594,1
3,2,69,-0.369235,0.359797,-4.38821,-0.937499,0.359797,1
1,8,92,0.436416,0.639132,-6.43894,-2.39982,0.639132,1
4,10,35,-1.73068,-1.73068,1.44812,-0.805878,1.44812,2
2,20,70,-0.717022,0.0884873,-4.23657,-1.06699,0.0884873,1
4,1,35,3.13165,1.82934,1.44812,-0.805878,0.853376,0
3,6,66,-1.17968,-0.505024,-4.06104,-0.806488,-0.505024,1
3,11,13,2.66828,2.90896,2.91513,-0.805878,2.90896,2
2,12,54,1.97145,1.1363,-3.28628,-0.56961,1.1363,0
1,1,62,2.0723,2.29299,-3.86868,-0.735614,2.29299,1
1,10,34,3.81856,2.92406,1.42834,-0.805878,3.81856,0
4,2,94,-5.60239,-5.60239,-3.41916,-2.55553,-2.55553,3
3,18,42,-0.0569314,1.03036,-0.0637023,-0.353411,1.03036,1
2,12,30,3.15641,2.68978,1.53923,-0.805878,2.68978,0
1,10,10,5.21658,5.13533,2.9161,-0.805878,5.13533,0
3,11,37,2.08818,1.81227,0.962271,-0.077702,1.81227,0
1,11,44,2.87946,3.35348,-0.646582,-0.45329,3.35348,1
2,10,56,0.0784581,0.696526,-3.43957,-0.474568,0.696526,1
4,9,38,-1.89425,-1.89425,0.671689,-0.230343,-0.230343,2
1,5,98,0.290993,0.331282,-3.41916,-3.12829,0.331282,1
1,6,96,0.43887,0.387732,-3.41916,-2.99602,0.387732,0
4,2,55,0.133433,0.453463,-3.26052,-0.458097,-0.177691,1
3,18,73,-0.987981,-1.57281,-4.58061,-1.30758,-1.57281,0
3,9,30,1.82097,1.31664,1.53923,-0.805878,1.31664,0
4,4,40,-0.907163,2.07664,0.424054,-0.32524,0.424054,1
4,4,28,0.271135,2.7108,1.70711,-0.805878,1.70711,1
3,9,10,2.92664,4.12773,2.9161,-0.805878,4.12773,1
4,13,91,-5.35927,-5.35927,-6.29331,-2.45927,-2.45927,3
1,11,69,0.526015,0.697581,-4.38821,-0.937499,0.697581,1
4,10,94,-5.60239,-5.60239,-3.41916,-2.55553,-2.55553,3
3,8,80,-1.27801,-0.75931,-4.82344,-1.66435,-0.75931,1
4,12,47,-2.47724,-2.47724,-1.66582,-0.377744,-0.377744,3
2,3,65,1.1262,-0.253339,-4.11009,-0.783219,-0.253339,0
2,17,93,-2.04294,-1.88979,-3.41916,-2.51688,-1.88979,1
4,1,6,2.96183,-0.0435823,2.97518,-0.805878,-0.724203,2
1,17,39,3.14285,2.21851,0.982003,-0.317489,2.21851,0
1,12,18,4.47491,5.19836,2.65786,-0.805878,5.19836,1
3,5,29,1.31897,2.19473,1.67657,-0.805878,2.19473,1
3,12,25,2.44666,2.5039,2.04479,-0.805878,2.5039,1
3,11,73,-1.00683,-0.323157,-4.58061,-1.30758,-0.323157,1
1,19,52,2.39639,1.71576,-3.16282,-0.404636,1.71576,0
3,10,83,-1.97472,-2.44383,-5.22327,-1.89942,-2.44383,3
3,6,30,1.70955,3.75667,1.53923,-0.805878,3.75667,1
2,7,12,4.19562,4.25758,2.93608,-0.805878,4.25758,1
4,12,18,-0.728975,-0.728975,2.65786,-0.805878,2.65786,2
3,18,54,-0.482307,0.204191,-3.28628,-0.56961,0.204191,1
2,11,76,-0.454675,-0.200167,-4.75214,-1.45125,-0.200167,1
4,17,45,-2.28561,-2.28561,-0.989663,-0.351506,-0.351506,3
3,17,79,-1.93691,-1.87756,-4.30456,-1.7295,-1.87756,3
3,3,66,-0.0200615,-0.380569,-4.06104,-0.806488,-0.380569,0
3,10,34,1.67927,3.13504,1.42834,-0.805878,3.13504,1
3,2,70,0.0679578,0.587611,-4.23657,-1.06699,0.0679578,1
1,8,93,0.325147,0.378451,-3.41916,-2.51688,0.378451,1
4,10,34,-1.65275,-1.65275,1.42834,-0.805878,1.42834,2
4,13,93,-5.61978,-5.61978,-3.41916,-2.51688,-2.51688,3
4,1,34,3.41485,1.56362,1.42834,-0.805878,1.03696,0
3,6,65,-0.375812,-1.01171,-4.11009,-0.783219,-1.01171,0
3,11,14,2.85992,3.19376,2.79075,-0.805878,3.19376,1
2,12,51,2.30736,1.57741,-3.03783,-0.448822,1.57741,0
4,5,9,-0.323307,-0.323307,2.89122,-0.805878,2.89122,2
3,13,19,2.63192,3.27803,2.73033,-0.805878,3.27803,1
4,18,89,-5.04662,-5.04662,-5.75042,-2.39784,-2.39784,3
1,20,70,0.0132565,-0.00283449,-4.23657,-1.06699,-0.00283449,0
4,14,38,-1.89425,-0.143947,0.671689,-0.230343,0.671689,2
2,12,29,3.54838,2.82543,1.67657,-0.805878,2.82543,0
1,10,11,3.90227,4.71192,2.80572,-0.805878,4.71192,1
3,11,36,1.9972,2.13837,1.45696,0.264588,2.13837,1
1,11,43,3.02112,3.48112,-0.351569,-0.382527,3.48112,1
2,10,57,-0.0808766,0.558659,-3.55909,-0.534181,-0.0808766,1
4,9,37,-1.84662,-1.84662,0.962271,-0.077702,-0.077702,2
4,4,31,0.0424672,2.70646,1.72456,-0.805878,1.72456,1
3,9,11,1.78673,2.78288,2.80572,-0.805878,2.78288,2
2,3,90,0.12312,0.358546,-6.05291,-2.36134,0.358546,1
4,12,40,-2.00091,0.0775368,0.424054,-0.32524,0.424054,2
2,14,47,0.996988,2.0246,-1.66582,-0.377744,2.0246,1
1,11,98,-0.673149,0.567921,-3.41916,-3.12829,0.567921,1
1,8,38,3.96774,3.88882,0.671689,-0.230343,3.88882,0
4,16,44,-2.26409,-2.03385,-0.646582,-0.45329,-0.45329,3
3,16,36,0.348893,2.09611,1.45696,0.264588,2.09611,1
2,1,24,4.50177,3.80466,2.20454,-0.805878,3.80466,0
2,14,41,2.31391,2.45584,0.201755,-0.28101,2.45584,1
1,11,96,-0.509491,0.717916,-3.41916,-2.99602,0.717916,1
1,8,36,3.96647,3.80744,1.45696,0.264588,3.80744,0
4,16,46,-2.41163,-2.41163,-1.27338,-0.395639,-0.395639,3
3,19,58,-0.507946,0.050018,-3.5329,-0.497556,0.050018,1
4,19,34,-1.65275,-1.65275,1.42834,-0.805878,1.42834,2
4,13,90,-5.22327,-5.22327,-6.05291,-2.36134,-2.36134,3
1,11,68,0.400934,0.811029,-4.27007,-1.01066,0.811029,1
4,10,95,-5.55605,-5.55605,-3.41916,-2.85377,-2.85377,3
4,4,34,0.483096,1.4824,1.42834,-0.805878,1.42834,1
2,7,67,0.184568,0.844615,-4.33476,-0.933887,0.844615,1
2,17,94,-2.10466,-1.75179,-3.41916,-2.55553,-1.75179,1
4,1,1,3.01225,3.6146,3,-0.805878,3.01225,1
1,17,38,3.40901,3.62124,0.671689,-0.230343,3.62124,1
2,2,61,1.34188,1.9875,-3.77303,-0.607646,1.9875,1
1,12,17,4.06997,4.94539,2.67763,-0.805878,4.94539,1
3,2,44,1.68659,1.42468,-0.646582,-0.45329,1.42468,0
1,7,34,3.37755,3.16846,1.42834,-0.805878,3.16846,0
3,4,27,3.18592,3.43984,1.79261,-0.805878,3.43984,1
3,5,28,2.04915,2.70219,1.70711,-0.805878,2.70219,1
1,19,41,2.42953,2.21557,0.201755,-0.28101,2.21557,0
3,10,86,-2.12722,-0.337826,-5.61978,-2.01828,-0.337826,1
3,6,29,2.11607,3.91765,1.67657,-0.805878,3.91765,1
4,5,12,-0.438248,6.26678,2.93608,-0.805878,2.93608,1
2,14,61,0.364875,0.197206,-3.77303,-0.607646,0.197206,0
4,10,33,-1.57416,-1.57416,1.60775,-0.805878,1.60775,2
2,20,68,-0.805094,0.0373069,-4.27007,-1.01066,0.0373069,1
4,4,33,0.588604,1.50022,1.60775,-0.805878,1.60775,2
4,1,33,3.71711,1.74356,1.60775,-0.805878,0.693697,0
3,6,64,-0.198619,-0.561396,-3.84075,-0.813937,-0.561396,0
3,11,15,2.74433,3.65913,2.8676,-0.805878,3.65913,1
2,12,52,2.26091,1.42166,-3.16282,-0.404636,1.42166,0
2,2,93,0.157774,0.346172,-3.41916,-2.51688,0.346172,1
2,14,40,2.4734,2.51566,0.424054,-0.32524,2.51566,1
1,11,97,-0.549573,0.694467,-3.41916,-2.81209,0.694467,1
1,8,37,3.82522,3.60241,0.962271,-0.077702,3.60241,0
4,16,45,-2.28561,-2.28561,-0.989663,-0.351506,-0.351506,3
3,18,80,-1.70262,-2.02435,-4.82344,-1.66435,-2.02435,3
4,18,45,-2.28561,-2.28561,-0.989663,-0.351506,-0.989663,3
3,13,31,1.7132,3.31736,1.72456,-0.805878,3.31736,1
4,13,89,-5.04662,-5.04662,-5.75042,-2.39784,-2.39784,3
2,13,97,-1.19883,-0.880478,-3.41916,-2.81209,-0.880478,1
1,11,67,0.654676,0.891404,-4.33476,-0.933887,0.891404,1
4,10,92,-5.14185,-5.14185,-6.43894,-2.39982,-2.39982,3
2,17,83,-1.26684,-1.03869,-5.22327,-1.89942,-1.03869,1
4,1,4,3.47014,2.31163,2.97261,-0.805878,1.79192,0
1,17,33,3.53258,4.67137,1.60775,-0.805878,4.67137,1
3,19,76,-0.989415,-1.41129,-4.75214,-1.45125,-1.41129,0
3,3,25,3.54294,3.40393,2.04479,-0.805878,3.40393,0
3,5,27,3.36988,2.78636,1.79261,-0.805878,2.78636,0
1,19,54,1.40037,1.54001,-3.28628,-0.56961,1.54001,1
3,10,81,-1.02016,-1.14407,-4.70389,-1.77463,-1.14407,0
3,6,28,2.25853,3.82558,1.70711,-0.805878,3.82558,1
3,14,17,1.48526,3.79904,2.67763,-0.805878,3.79904,1
3,6,38,0.948868,2.59183,0.671689,-0.230343,2.59183,1
4,3,18,-0.605249,5.51051,2.65786,-0.805878,2.65786,1
1,6,73,1.09463,1.25118,-4.58061,-1.30758,1.25118,1
4,2,28,1.95096,4.12706,1.70711,-0.805878,-0.453525,1
4,11,33,-1.57416,-1.57416,1.60775,-0.805878,1.60775,2
4,5,15,-0.479294,-0.479294,2.8676,-0.805878,2.8676,2
3,13,21,1.17001,3.35136,2.59473,-0.805878,3.35136,1
4,18,39,-1.93459,-1.59169,0.982003,-0.317489,-0.317489,2
1,20,64,0.451831,0.463096,-3.84075,-0.813937,0.463096,1
4,14,36,-1.77946,-0.140979,1.45696,0.264588,1.45696,2
2,2,84,1.11835,0.964766,-5.35927,-2.00544,0.964766,0
2,7,10,3.51913,5.15691,2.9161,-0.805878,5.15691,1
4,12,24,-1.02966,-0.188663,2.20454,-0.805878,2.20454,2
3,2,68,-0.403103,0.240635,-4.27007,-1.01066,0.240635,1
2,14,60,0.795752,0.264362,-3.62281,-0.563066,0.264362,0
4,10,32,-1.51638,-1.62698,1.7249,-0.805878,1.7249,2
2,12,16,3.71108,3.52825,2.59926,-0.805878,3.52825,0
1,10,12,3.75865,4.10018,2.93608,-0.805878,4.10018,1
3,11,35,1.70512,2.04557,1.44812,-0.805878,2.04557,1
1,11,46,2.98709,2.63794,-1.27338,-0.395639,2.63794,0
2,10,62,-0.905759,-0.145198,-3.86868,-0.735614,-0.145198,1
4,9,32,-1.51638,-1.81672,1.7249,-0.805878,1.7249,2
2,20,71,-0.662769,-0.602743,-4.4203,-1.13959,-0.602743,1
4,1,32,3.12692,3.11258,1.7249,-0.805878,1.66898,0
3,14,73,-0.501934,-0.108773,-4.58061,-1.30758,-0.108773,1
2,19,54,0.218383,1.1051,-3.28628,-0.56961,1.1051,1
3,11,48,0.534428,0.31886,-2.02538,-0.386848,0.31886,0
1,10,31,3.63879,4.64406,1.72456,-0.805878,4.64406,1
2,17,92,-1.96908,-1.55782,-6.43894,-2.39982,-1.55782,1
4,1,7,-0.323307,6.945,2.92731,-0.805878,4.66513,1
1,17,32,3.02958,2.99294,1.7249,-0.805878,2.99294,0
3,5,26,3.32474,2.84921,2.08517,-0.805878,2.84921,0
4,18,40,-2.00091,-1.66158,0.424054,-0.32524,-0.32524,2
3,13,34,1.52107,2.18129,1.42834,-0.805878,2.18129,1
4,16,37,-1.84662,-1.77899,0.962271,-0.077702,0.962271,2
1,19,51,2.79267,1.90504,-3.03783,-0.448822,2.79267,0
3,10,76,-1.77563,-2.15312,-4.75214,-1.45125,-2.15312,3
3,6,27,3.0956,3.64264,1.79261,-0.805878,3.64264,1
1,16,76,0.000175343,0.254909,-4.75214,-1.45125,0.254909,1
1,5,40,3.76196,3.62125,0.424054,-0.32524,3.76196,0
1,6,46,2.1483,2.69471,-1.27338,-0.395639,2.69471,1
4,4,32,0.0592515,2.72281,1.7249,-0.805878,1.7249,1
2,7,9,1.54937,1.69456,2.89122,-0.805878,1.69456,2
4,12,25,-1.10732,-0.261667,2.04479,-0.805878,2.04479,2
3,8,34,1.39744,2.592,1.42834,-0.805878,2.592,1
3,2,89,-0.241589,-0.795098,-5.75042,-2.39784,-0.795098,0
2,1,22,4.60726,4.49674,2.39276,-0.805878,4.60726,0
3,1,87,0.715473,-0.393685,-5.60239,-2.09737,-0.393685,0
2,10,30,3.64373,4.35475,1.53923,-0.805878,4.35475,1
4,8,31,-1.46886,-1.54874,1.72456,-0.805878,1.72456,2
2,5,14,5.02141,5.54644,2.79075,-0.805878,5.54644,1
4,7,31,-1.46886,0.365973,1.72456,-0.805878,1.72456,2
4,6,31,-1.46886,2.52958,1.72456,-0.805878,1.72456,1
4,5,31,-1.46886,2.32416,1.72456,-0.805878,1.72456,1
1,10,26,4.66607,4.3337,2.08517,-0.805878,4.3337,0
2,12,14,2.7028,4.06405,2.79075,-0.805878,2.7028,1
3,14,78,-0.846079,-0.496317,-4.65291,-1.66623,-0.496317,1
2,19,57,-0.0498853,0.616788,-3.55909,-0.534181,0.616788,1
3,11,49,0.392809,0.0544271,-2.3856,-0.416188,0.0544271,0
2,2,91,0.196367,0.482119,-6.29331,-2.45927,0.196367,1
2,14,42,2.13177,2.55876,-0.0637023,-0.353411,2.55876,1
1,8,43,3.04073,3.27201,-0.351569,-0.382527,3.27201,1
4,16,47,-2.47724,-2.47724,-1.66582,-0.377744,-0.377744,3
4,7,10,-0.318694,5.49714,2.9161,-0.805878,2.9161,1
2,5,25,3.89273,4.33257,2.04479,-0.805878,4.33257,1
1,11,47,2.81444,2.41443,-1.66582,-0.377744,2.41443,0
2,10,61,-0.169192,0.241555,-3.77303,-0.607646,0.241555,1
4,9,33,-1.57416,-1.57416,1.60775,-0.805878,1.60775,2
2,12,17,3.50611,4.4023,2.67763,-0.805878,4.4023,1
1,10,15,4.73787,5.04022,2.8676,-0.805878,5.04022,1
3,11,32,1.98256,1.95305,1.7249,-0.805878,1.95305,0
4,13,95,-5.55605,-5.55605,-3.41916,-2.85377,-2.85377,3
1,16,61,0.766832,1.09143,-3.77303,-0.607646,1.09143,1
1,6,25,4.74108,3.87527,2.04479,-0.805878,3.87527,0
4,2,44,0.3446,1.91318,-0.646582,-0.45329,0.138328,1
3,2,45,3.00697,0.609898,-0.989663,-0.351506,0.609898,0
1,7,33,3.33061,3.27132,1.60775,-0.805878,3.27132,0
3,4,26,3.37663,3.83544,2.08517,-0.805878,3.83544,1
4,1,10,5.9302,5.75995,2.9161,-0.805878,4.44642,0
1,17,51,2.1148,1.75219,-3.03783,-0.448822,1.75219,0
2,9,33,3.17603,3.31603,1.60775,-0.805878,3.31603,1
4,6,16,-0.543395,-0.543395,2.59926,-0.805878,2.59926,2
3,12,96,-2.40154,-2.06109,-3.41916,-2.99602,-2.06109,1
2,3,5,5.51637,5.79876,2.97834,-0.805878,5.79876,1
3,5,25,3.32933,2.84401,2.04479,-0.805878,2.84401,0
4,18,43,-2.24665,-1.85439,-0.351569,-0.382527,-0.351569,2
3,13,33,1.69552,2.25666,1.60775,-0.805878,2.25666,1
1,19,48,0.64174,3.00723,-2.02538,-0.386848,3.00723,1
3,10,79,-1.72683,-2.44066,-4.30456,-1.7295,-2.44066,0
3,6,26,3.07036,3.87653,2.08517,-0.805878,3.87653,1
2,17,75,-0.665688,-0.547276,-4.90201,-1.41384,-0.547276,1
3,14,15,2.88404,2.88139,2.8676,-0.805878,2.88139,0
3,6,40,1.07949,1.24596,0.424054,-0.32524,1.24596,1
1,6,67,2.26653,1.57265,-4.33476,-0.933887,1.57265,0
4,2,22,3.26078,4.14856,2.39276,-0.805878,2.39276,1
4,11,31,-1.46886,-1.46886,1.72456,-0.805878,1.72456,2
3,8,92,-1.76151,-1.67956,-6.43894,-2.39982,-1.67956,1
1,10,64,0.929956,1.55113,-3.84075,-0.813937,1.55113,1
1,16,79,-0.17821,-0.0503748,-4.30456,-1.7295,-0.0503748,1
1,5,47,2.75921,2.60282,-1.66582,-0.377744,2.60282,0
1,6,47,2.09148,2.60998,-1.66582,-0.377744,2.60998,1
4,4,35,0.355208,1.48607,1.44812,-0.805878,1.44812,1
2,1,21,4.63637,4.56312,2.59473,-0.805878,4.63637,0
3,1,86,0.740405,-0.374275,-5.61978,-2.01828,-0.374275,0
2,10,29,3.69289,4.24266,1.67657,-0.805878,4.24266,1
4,8,30,-1.41916,-1.48484,1.53923,-0.805878,1.53923,2
2,5,13,4.88309,4.48825,2.91513,-0.805878,4.48825,0
4,7,30,-1.41916,0.376181,1.53923,-0.805878,1.53923,2
4,5,30,-1.41916,2.39835,1.53923,-0.805878,1.53923,1
4,4,30,-0.0888885,2.79214,1.53923,-0.805878,1.53923,1
1,12,87,0.857587,0.261645,-5.60239,-2.09737,0.261645,0
4,15,41,-2.08792,-1.57068,0.201755,-0.28101,-0.28101,2
3,14,75,-0.99486,-0.797842,-4.90201,-1.41384,-0.797842,1
2,19,52,0.184748,1.25258,-3.16282,-0.404636,1.25258,1
3,11,50,0.262249,0.227663,-2.70986,-0.510597,0.227663,0
2,12,15,2.93342,4.70338,2.8676,-0.805878,4.70338,1
1,10,29,4.26077,4.7279,1.67657,-0.805878,4.7279,1
2,14,37,2.78354,2.3169,0.962271,-0.077702,2.3169,0
1,8,40,3.68017,3.56126,0.424054,-0.32524,3.56126,0
4,16,42,-2.16262,-1.9049,-0.0637023,-0.353411,-0.353411,2
4,9,65,-3.47941,-3.01307,-4.11009,-0.783219,-4.11009,3
3,2,46,3.11895,1.04777,-1.27338,-0.395639,1.04777,0
1,7,32,4.17889,4.24204,1.7249,-0.805878,4.24204,1
3,4,25,3.31223,3.55928,2.04479,-0.805878,3.55928,1
4,1,21,1.04314,1.61204,2.59473,-0.805878,0.705283,2
1,17,50,2.66615,2.30268,-2.70986,-0.510597,2.66615,0
4,6,23,-0.967684,1.11457,2.09672,-0.805878,2.09672,2
3,12,99,-2.71449,-2.42957,-3.41916,-3.35117,-2.42957,1
2,9,46,2.3851,2.41448,-1.27338,-0.395639,2.41448,1
2,3,4,6.01388,5.89036,2.97261,-0.805878,5.89036,0
3,5,24,3.50892,2.92957,2.20454,-0.805878,2.92957,0
3,8,83,-1.50205,-1.54222,-5.22327,-1.89942,-1.54222,0
2,19,55,0.247808,0.856348,-3.26052,-0.458097,0.856348,1
3,14,72,-0.483815,0.0491271,-4.69937,-1.21867,0.0491271,1
4,18,42,-2.16262,-1.78567,-0.0637023,-0.353411,-0.353411,2
3,13,32,1.69627,3.5101,1.7249,-0.805878,3.5101,1
2,14,46,1.41941,2.19513,-1.27338,-0.395639,2.19513,1
1,11,99,-0.768543,0.390356,-3.41916,-3.35117,0.390356,1
1,8,39,3.66042,3.54837,0.982003,-0.317489,3.54837,0
4,16,35,-1.73068,-1.63938,1.44812,-0.805878,1.44812,2
2,2,25,4.0499,3.81806,2.04479,-0.805878,4.0499,0
2,17,70,-0.50996,-0.347654,-4.23657,-1.06699,-0.347654,1
1,10,16,4.67554,4.82972,2.59926,-0.805878,4.67554,1
3,20,39,0.555312,0.825657,0.982003,-0.317489,0.825657,2
1,19,53,1.94437,1.56728,-3.24637,-0.595251,1.56728,0
3,10,82,-1.01511,-0.842586,-5.04662,-1.89873,-0.842586,1
3,6,25,3.19671,3.92524,2.04479,-0.805878,3.92524,1
4,7,11,-0.381377,-0.805878,2.80572,-0.805878,2.80572,2
2,5,26,3.20326,4.33234,2.08517,-0.805878,4.33234,1
3,10,29,2.50385,3.07895,1.67657,-0.805878,3.07895,1
4,16,27,-1.19634,-1.19634,1.79261,-0.805878,1.79261,2
3,11,79,-0.515247,-0.153506,-4.30456,-1.7295,-0.153506,1
3,12,31,1.7805,2.44396,1.72456,-0.805878,2.44396,1
2,1,14,4.84145,6.11858,2.79075,-0.805878,4.84145,1
3,6,54,0.140928,0.174329,-3.28628,-0.56961,0.174329,1
3,14,33,1.8158,1.80972,1.60775,-0.805878,1.80972,0
3,18,83,-1.61149,-2.08764,-5.22327,-1.89942,-2.08764,0
4,5,8,-0.304695,1.19243,2.93668,-0.805878,-0.139242,2
3,13,18,2.65786,2.67225,2.65786,-0.805878,2.67225,1
4,18,88,-4.70389,-4.70389,-5.55605,-2.24038,-2.24038,3
3,20,21,2.72742,2.87917,2.59473,-0.805878,2.87917,1
1,20,71,-0.0985604,-0.402401,-4.4203,-1.13959,-0.402401,0
4,14,33,-1.57416,0.0426901,1.60775,-0.805878,1.60775,2
3,8,32,2.0658,4.20283,1.7249,-0.805878,4.20283,1
4,16,33,-1.57416,-1.51274,1.60775,-0.805878,1.60775,2
1,8,33,3.75755,4.28198,1.60775,-0.805878,4.28198,1
3,2,95,-0.557371,-1.09632,-3.41916,-2.85377,-1.09632,0
4,7,29,-1.34672,0.530815,1.67657,-0.805878,1.67657,2
4,5,29,-1.34672,2.3247,1.67657,-0.805878,0.238169,1
4,4,29,0.19084,2.689,1.67657,-0.805878,1.67657,1
1,12,86,1.03064,0.398652,-5.61978,-2.01828,0.398652,0
4,15,42,-2.16262,-1.62932,-0.0637023,-0.353411,-0.353411,2
3,11,51,0.317032,-0.853752,-3.03783,-0.448822,-0.853752,0
1,10,28,4.32006,5.01742,1.70711,-0.805878,5.01742,1
2,14,36,2.69978,2.61098,1.45696,0.264588,2.61098,0
1,8,41,3.58765,3.57327,0.201755,-0.28101,3.57327,0
4,16,41,-2.08792,-1.8458,0.201755,-0.28101,-0.28101,2
4,7,20,-0.805878,-0.760146,2.55099,-0.805878,2.55099,2
2,5,23,4.1216,5.04502,2.09672,-0.805878,5.04502,1
1,11,45,3.47449,2.57175,-0.989663,-0.351506,2.57175,0
2,10,63,-0.197255,0.297896,-4.03562,-0.692524,0.297896,1
4,9,39,-1.93459,0.15896,0.982003,-0.317489,0.982003,2
2,12,31,2.96195,2.65805,1.72456,-0.805878,2.65805,0
1,10,13,4.32872,4.05006,2.91513,-0.805878,4.05006,0
3,11,34,2.32204,2.36963,1.42834,-0.805878,2.36963,1
4,9,66,-3.55036,-3.06239,-4.06104,-0.806488,-0.806488,3
3,1,85,-0.158387,1.26789,-5.14185,-2.10808,1.26789,1
4,8,25,-1.10732,-1.27078,2.04479,-0.805878,2.04479,2
2,10,28,3.94051,4.21636,1.70711,-0.805878,4.21636,1
1,11,18,5.35078,5.64582,2.65786,-0.805878,5.64582,1
4,10,13,-0.496319,-0.496319,2.91513,-0.805878,2.91513,2
3,2,47,3.07063,1.05507,-1.66582,-0.377744,1.05507,0
3,4,24,3.48603,3.88952,2.20454,-0.805878,3.88952,1
2,17,71,-0.519431,-0.396314,-4.4203,-1.13959,-0.396314,1
4,1,8,5.8498,-0.304695,2.93668,-0.805878,-0.395837,0
4,9,27,-1.19634,0.966629,1.79261,-0.805878,1.79261,2
2,7,27,4.59898,4.51305,1.79261,-0.805878,4.51305,0
1,7,45,3.45452,2.89377,-0.989663,-0.351506,2.89377,0
3,4,22,4.70577,3.00603,2.39276,-0.805878,3.00603,0
1,10,56,1.69253,2.15684,-3.43957,-0.474568,2.15684,1
1,1,56,2.20851,2.84239,-3.43957,-0.474568,2.84239,1
3,5,23,3.29506,5.20165,2.09672,-0.805878,5.20165,1
1,19,50,0.402946,2.68775,-2.70986,-0.510597,2.68775,1
3,10,77,-1.33387,-0.717798,-4.67517,-1.58996,-0.717798,1
3,6,24,3.2927,3.9801,2.20454,-0.805878,3.9801,1
1,8,32,3.61722,3.56345,1.7249,-0.805878,3.56345,0
4,16,34,-1.65275,-1.57321,1.42834,-0.805878,1.42834,2
4,7,8,-0.304695,-0.321115,2.93668,-0.805878,2.93668,2
2,5,27,3.80377,4.21111,1.79261,-0.805878,3.80377,1
3,10,28,2.60125,2.80744,1.70711,-0.805878,2.80744,1
2,12,38,2.54213,3.61539,0.671689,-0.230343,3.61539,1
1,10,50,2.18195,2.22773,-2.70986,-0.510597,2.22773,1
3,11,29,1.99117,2.35258,1.67657,-0.805878,2.35258,1
4,16,36,-1.77946,-1.70555,1.45696,0.264588,1.45696,2
3,11,78,-1.04929,-0.254073,-4.65291,-1.66623,-0.254073,1
3,12,30,1.97627,2.29008,1.53923,-0.805878,2.29008,1
2,1,15,4.96266,4.91031,2.8676,-0.805878,4.91031,0
4,5,11,-0.381377,-0.564593,2.80572,-0.805878,2.80572,2
4,13,13,-0.496319,-0.496319,2.91513,-0.805878,2.91513,2
3,20,20,2.55099,2.58089,2.55099,-0.805878,2.58089,1
3,13,17,6.4239,4.99469,2.67763,-0.805878,4.99469,0
4,18,91,-5.35927,-5.35927,-6.29331,-2.45927,-2.45927,3
1,20,68,0.084098,0.0332552,-4.27007,-1.01066,0.0332552,0
4,14,32,-1.51638,-1.51638,1.7249,-0.805878,1.7249,2
3,4,44,1.03897,2.89874,-0.646582,-0.45329,2.89874,1
1,12,77,0.912306,0.460752,-4.67517,-1.58996,0.460752,0
4,15,83,-4.75214,-4.39388,-5.22327,-1.89942,-1.89942,3
4,19,28,-1.27956,-1.27956,1.70711,-0.805878,1.70711,2
2,1,23,4.5796,4.6782,2.09672,-0.805878,4.6782,1
2,10,31,3.12464,3.6728,1.72456,-0.805878,3.6728,1
4,8,28,-1.27956,-1.35202,1.70711,-0.805878,1.70711,2
2,5,15,4.60432,4.77995,2.8676,-0.805878,4.77995,1
4,7,28,-1.27956,0.527834,1.70711,-0.805878,1.70711,2
4,5,28,-1.27956,2.54326,1.70711,-0.805878,2.54326,1
1,12,85,0.590167,0.0773036,-5.14185,-2.10808,0.0773036,0
4,15,43,-2.24665,-1.68921,-0.351569,-0.382527,-0.351569,2
3,11,52,0.149656,-0.859358,-3.16282,-0.404636,-0.859358,0
2,12,13,3.78784,3.34427,2.91513,-0.805878,3.34427,0
1,10,27,4.71125,4.46744,1.79261,-0.805878,4.46744,0
4,7,23,-0.967684,1.70293,2.09672,-0.805878,2.09672,2
2,5,22,4.30547,5.03381,2.39276,-0.805878,5.03381,1
1,10,57,1.59997,1.93902,-3.55909,-0.534181,1.93902,1
1,1,57,2.32524,2.67149,-3.55909,-0.534181,2.67149,1
3,5,22,3.3756,5.16347,2.39276,-0.805878,5.16347,1
4,1,11,5.33124,6.52507,2.80572,-0.805878,1.40987,1
1,17,60,0.683979,0.279386,-3.62281,-0.563066,0.279386,0
3,10,72,-1.77477,-1.922,-4.69937,-1.21867,-1.922,3
3,6,23,3.27449,4.65988,2.09672,-0.805878,4.65988,1
2,12,37,2.75934,3.8566,0.962271,-0.077702,3.8566,1
1,10,51,1.98131,2.53473,-3.03783,-0.448822,2.53473,1
3,11,28,2.52989,2.34737,1.70711,-0.805878,2.34737,0
4,16,25,-1.10732,-1.10732,2.04479,-0.805878,2.04479,2
3,3,33,3.66811,3.4415,1.60775,-0.805878,3.4415,0
3,17,42,0.0502388,1.03233,-0.0637023,-0.353411,1.03233,1
2,11,14,3.40817,3.28918,2.79075,-0.805878,3.28918,0
3,11,77,-1.04034,-0.362742,-4.67517,-1.58996,-0.362742,1
3,12,29,1.97404,2.43555,1.67657,-0.805878,2.43555,1
4,12,29,-1.34672,-1.34672,1.67657,-0.805878,1.67657,2
3,8,93,-1.97333,-1.75027,-3.41916,-2.51688,-1.75027,1
3,19,48,-0.410877,1.24904,-2.02538,-0.386848,1.24904,1
4,19,40,-2.00091,-1.90863,0.424054,-0.32524,-0.32524,2
3,8,38,1.93759,2.28928,0.671689,-0.230343,2.28928,1
3,2,93,-0.483239,-0.903138,-3.41916,-2.51688,-0.903138,0
2,1,26,4.18343,3.94666,2.08517,-0.805878,4.18343,0
3,1,83,-0.0347497,1.10348,-5.22327,-1.89942,1.10348,1
2,10,18,1.7567,3.42364,2.65786,-0.805878,3.42364,1
4,8,27,-1.19634,-1.41016,1.79261,-0.805878,1.79261,2
4,15,21,-0.867753,-0.867753,2.59473,-0.805878,2.59473,2
1,16,78,-0.233251,0.23508,-4.65291,-1.66623,0.23508,1
1,6,44,2.5372,3.4755,-0.646582,-0.45329,3.4755,1
1,5,46,2.81779,2.91587,-1.27338,-0.395639,2.91587,1
2,12,43,2.11133,1.80005,-0.351569,-0.382527,1.80005,0
2,5,10,5.33641,5.39205,2.9161,-0.805878,5.39205,1
4,7,27,-1.19634,-1.19634,1.79261,-0.805878,1.79261,2
2,9,95,-0.903162,-0.650481,-3.41916,-2.85377,-0.650481,1
4,6,27,-1.19634,1.14724,1.79261,-0.805878,1.79261,2
4,5,27,-1.13241,0.317748,1.79261,-0.805878,1.79261,2
3,6,47,0.882768,1.37701,-1.66582,-0.377744,1.37701,1
3,10,64,0.461935,-1.21584,-3.84075,-0.813937,-1.21584,0
2,14,84,-1.62137,-1.38024,-5.35927,-2.00544,-1.38024,1
3,7,16,3.66469,3.44235,2.59926,-0.805878,3.44235,0
3,1,12,4.58325,4.62411,2.93608,-0.805878,4.62411,1
2,2,41,2.76451,2.60332,0.201755,-0.28101,2.60332,0
4,14,97,-6.05291,-6.05291,-3.41916,-2.81209,-2.81209,3
4,6,6,-0.0435823,3.66771,2.97518,-0.805878,2.97518,1
3,11,53,-0.609662,-0.950385,-3.24637,-0.595251,-0.950385,3
4,17,19,-0.760146,-0.760146,2.73033,-0.805878,2.73033,2
1,10,60,1.39638,1.86032,-3.62281,-0.563066,1.86032,1
1,1,52,2.51941,3.12912,-3.16282,-0.404636,3.12912,1
3,5,19,3.55596,3.3961,2.73033,-0.805878,3.3961,0
2,9,59,0.411833,-0.0596973,-3.59803,-0.651593,-0.0596973,0
2,3,19,4.64325,5.37533,2.73033,-0.805878,5.37533,1
3,2,56,0.534523,1.49712,-3.43957,-0.474568,1.49712,1
3,4,55,0.754935,-0.579713,-3.26052,-0.458097,-0.579713,0
2,3,31,4.284,3.78135,1.72456,-0.805878,3.78135,0
2,9,39,2.85737,3.3227,0.982003,-0.317489,3.3227,1
3,15,31,1.70773,1.78901,1.72456,-0.805878,1.78901,1
4,9,68,-3.60629,-3.25025,-4.27007,-1.01066,-3.25025,3
4,8,19,-0.760146,-0.700413,2.73033,-0.805878,2.73033,2
2,10,26,4.34271,3.65729,2.08517,-0.805878,3.65729,0
2,14,38,2.67397,2.2255,0.671689,-0.230343,2.2255,0
1,8,47,1.87335,3.33694,-1.66582,-0.377744,3.33694,1
4,16,43,-2.24665,-1.96988,-0.351569,-0.382527,-0.351569,2
3,5,21,3.56966,5.23834,2.59473,-0.805878,5.23834,1
3,10,31,2.6149,2.77683,1.72456,-0.805878,2.77683,1
4,11,87,-4.82344,-4.82344,-5.60239,-2.09737,-2.09737,3
4,2,78,1.21313,-0.636724,-4.65291,-1.66623,-0.636724,0
3,1,3,6.6293,3.17269,3,-0.805878,3.17269,0
3,7,23,2.84061,2.92029,2.09672,-0.805878,2.92029,1
3,4,45,1.67591,2.17514,-0.989663,-0.351506,2.17514,1
1,12,78,0.679645,0.093761,-4.65291,-1.66623,0.093761,0
4,15,82,-4.90201,-4.38535,-5.04662,-1.89873,-1.89873,3
4,19,29,-1.34672,-1.34672,1.67657,-0.805878,1.67657,2
2,17,69,-0.77881,-0.530195,-4.38821,-0.937499,-0.530195,1
4,1,14,3.36646,5.46882,2.79075,-0.805878,4.42304,1
1,19,60,0.747584,0.779732,-3.62281,-0.563066,0.747584,1
3,10,75,-0.931623,-0.578549,-4.90201,-1.41384,-0.578549,1
3,6,22,3.35444,4.49894,2.39276,-0.805878,4.49894,1
3,7,52,-0.558916,0.365666,-3.16282,-0.404636,0.365666,1
3,1,32,4.25345,1.49499,1.7249,-0.805878,1.49499,0
2,12,24,3.95271,3.78958,2.20454,-0.805878,3.78958,0
1,10,52,1.92204,2.30048,-3.16282,-0.404636,2.30048,1
3,11,27,2.55151,2.0393,1.79261,-0.805878,2.0393,0
4,16,26,-1.12974,-1.12974,2.08517,-0.805878,2.08517,2
2,11,15,3.69284,3.98788,2.8676,-0.805878,3.98788,1
3,11,76,-0.524038,-0.505589,-4.75214,-1.45125,-0.505589,1
3,12,28,2.04322,2.51612,1.70711,-0.805878,2.51612,1
3,8,94,-1.96552,-1.84102,-3.41916,-2.55553,-1.84102,1
2,19,56,0.129509,0.733023,-3.43957,-0.474568,0.733023,1
3,14,79,-1.49318,-0.995465,-4.30456,-1.7295,-0.995465,1
4,15,96,-5.75042,-5.75042,-3.41916,-2.99602,-2.99602,3
3,19,51,-0.32389,0.702963,-3.03783,-0.448822,0.702963,1
4,19,43,-2.24665,-2.11661,-0.351569,-0.382527,-0.382527,2
3,16,37,0.345191,1.51863,0.962271,-0.077702,1.51863,1
2,1,25,4.28469,3.84998,2.04479,-0.805878,3.84998,0
3,1,82,-0.00508038,1.67004,-5.04662,-1.89873,1.67004,1
2,10,17,4.35553,4.13647,2.67763,-0.805878,4.13647,0
4,8,26,-1.12974,-1.33907,2.08517,-0.805878,2.08517,2
2,5,9,3.8632,4.83585,2.89122,-0.805878,3.8632,1
4,7,26,-1.12974,-1.12974,2.08517,-0.805878,2.08517,2
4,6,26,-1.12974,1.35044,2.08517,-0.805878,2.08517,2
4,5,26,-1.06421,0.450179,2.08517,-0.805878,2.08517,2
3,6,44,0.661297,0.0418144,-0.646582,-0.45329,0.0418144,0
3,10,65,0.264369,-1.3426,-4.11009,-0.783219,-1.3426,0
3,14,16,2.88376,2.38425,2.59926,-0.805878,2.38425,0
3,6,39,1.66656,1.30591,0.982003,-0.317489,1.30591,0
4,3,19,-0.728975,-0.760146,2.73033,-0.805878,2.73033,2
1,6,78,0.996868,1.17335,-4.65291,-1.66623,1.17335,1
4,2,29,2.02238,4.06874,1.67657,-0.805878,0.00632872,1
4,11,32,-1.51638,-1.51638,1.7249,-0.805878,1.7249,2
4,14,96,-5.75042,-5.75042,-3.41916,-2.99602,-2.99602,3
4,6,7,-0.247152,-0.247152,2.92731,-0.805878,2.92731,2
3,11,54,-0.339694,-0.939856,-3.28628,-0.56961,-0.939856,0
1,10,25,4.07162,3.63932,2.04479,-0.805878,4.07162,0
1,10,61,1.14295,1.76049,-3.77303,-0.607646,1.76049,1
1,1,53,2.35056,3.0582,-3.24637,-0.595251,3.0582,1
3,5,18,2.00209,4.16509,2.65786,-0.805878,4.16509,1
2,20,95,-1.95665,-1.62848,-3.41916,-2.85377,-1.62848,1
2,10,70,-0.476091,0.0763565,-4.23657,-1.06699,0.0763565,1
4,9,24,-1.02966,1.05509,2.20454,-0.805878,2.20454,2
4,12,12,-0.438248,-0.438248,2.93608,-0.805878,2.93608,2
2,7,22,3.32569,3.13482,2.39276,-0.805878,3.13482,0
4,15,97,-6.05291,-6.05291,-3.41916,-2.81209,-2.81209,3
3,19,50,-0.388182,0.998911,-2.70986,-0.510597,0.998911,1
4,19,42,-2.16262,-2.05079,-0.0637023,-0.353411,-0.353411,2
4,18,46,-2.41163,-2.41163,-1.27338,-0.395639,-0.395639,3
3,13,28,2.04871,3.49296,1.70711,-0.805878,3.49296,1
4,16,31,-1.46886,-1.46886,1.72456,-0.805878,1.72456,2
3,3,47,2.40244,-0.658895,-1.66582,-0.377744,-0.658895,0
3,17,40,1.1355,1.10804,0.424054,-0.32524,1.10804,0
2,11,12,3.32392,3.24659,2.93608,-0.805878,3.24659,0
3,11,75,-0.304755,0.204491,-4.90201,-1.41384,0.204491,1
3,12,27,2.40457,2.43053,1.79261,-0.805878,2.43053,1
2,7,11,3.54262,4.99873,2.80572,-0.805878,4.99873,1
4,12,27,-1.19634,-0.295808,1.79261,-0.805878,1.79261,2
2,10,24,2.79649,3.19138,2.20454,-0.805878,2.79649,1
4,8,29,-1.34672,-1.42558,1.67657,-0.805878,1.67657,2
2,1,16,3.80393,4.38892,2.59926,-0.805878,3.80393,1
3,4,46,1.46878,1.9402,-1.27338,-0.395639,1.9402,1
1,12,79,0.888858,0.459028,-4.30456,-1.7295,0.459028,0
4,15,81,-4.86797,-4.3205,-4.70389,-1.77463,-1.77463,3
4,19,26,-1.12974,-1.12974,2.08517,-0.805878,2.08517,2
4,13,16,-0.543395,0.872736,2.59926,-0.805878,2.59926,2
1,20,78,-0.466926,-0.842349,-4.65291,-1.66623,-0.842349,0
4,14,46,-2.41163,-2.41163,-1.27338,-0.395639,-1.27338,3
3,13,27,2.39857,2.14789,1.79261,-0.805878,2.14789,0
4,18,33,-1.57416,4.60674,1.60775,-0.805878,1.60775,1
4,1,9,1.88227,-0.323307,2.89122,-0.805878,-0.363541,2
2,20,89,-1.6318,-1.58767,-5.75042,-2.39784,-1.58767,1
3,15,33,1.05649,1.55845,1.60775,-0.805878,1.55845,2
4,7,66,-0.186732,-0.342321,-4.06104,-0.806488,-0.806488,0
2,7,24,4.87137,4.82311,2.20454,-0.805878,4.87137,0
3,2,36,2.95768,3.06568,1.45696,0.264588,3.06568,1
1,7,42,3.45809,3.23831,-0.0637023,-0.353411,3.23831,0
3,4,19,3.4569,3.33325,2.73033,-0.805878,3.33325,0
4,5,56,-0.0881025,0.439444,-3.43957,-0.474568,-3.43957,1
3,5,20,4.67797,4.10526,2.55099,-0.805878,4.10526,0
1,19,49,0.477112,2.93855,-2.3856,-0.416188,2.93855,1
3,10,78,-0.873069,-0.741027,-4.65291,-1.66623,-0.741027,1
3,6,21,3.64547,4.38652,2.59473,-0.805878,4.38652,1
3,8,36,1.98484,2.68545,1.45696,0.264588,2.68545,1
3,2,83,0.166077,-0.437507,-5.22327,-1.89942,-0.437507,0
2,1,20,4.69318,3.67728,2.55099,-0.805878,4.69318,0
2,5,12,4.22957,4.80536,2.93608,-0.805878,4.80536,1
4,7,25,-1.10732,-1.10732,2.04479,-0.805878,2.04479,2
4,12,73,-4.06104,-0.952099,-4.58061,-1.30758,-1.30758,1
3,5,8,2.43801,1.29714,2.93668,-0.805878,1.29714,2
4,17,22,-0.882782,-0.882782,2.39276,-0.805878,2.39276,2
4,6,25,-1.10732,1.44179,2.04479,-0.805878,2.04479,2
4,5,25,-1.01628,0.608376,2.04479,-0.805878,2.04479,2
3,14,14,2.87854,3.2185,2.79075,-0.805878,3.2185,1
3,6,41,1.16961,1.11883,0.201755,-0.28101,1.11883,0
3,10,66,0.401697,-0.396447,-4.06104,-0.806488,-0.396447,0
3,11,55,0.122972,-0.967041,-3.26052,-0.458097,-0.967041,0
1,7,7,5.90461,6.29409,2.92731,-0.805878,6.29409,1
2,12,12,4.0799,4.00748,2.93608,-0.805878,4.0799,0
1,10,24,3.82775,3.30771,2.20454,-0.805878,3.30771,0
2,2,26,4.15839,4.05865,2.08517,-0.805878,4.05865,0
3,1,28,3.93168,1.72027,1.70711,-0.805878,1.72027,0
3,7,32,1.9748,1.95419,1.7249,-0.805878,1.95419,0
2,2,23,4.608,4.91788,2.09672,-0.805878,4.91788,1
2,10,69,-0.414359,-0.197552,-4.38821,-0.937499,-0.197552,1
4,12,13,-0.496319,-0.496319,2.91513,-0.805878,2.91513,2
2,7,21,2.69515,3.57983,2.59473,-0.805878,3.57983,1
4,9,25,-1.10732,0.944563,2.04479,-0.805878,2.04479,2
3,15,29,1.83697,1.60092,1.67657,-0.805878,1.60092,0
4,15,29,-1.34672,-1.34672,1.67657,-0.805878,1.67657,2
4,1,59,1.51709,-1.34415,-3.59803,-0.651593,-1.34415,0
2,17,80,-0.857723,-1.22424,-4.82344,-1.66435,-1.22424,0
4,20,67,-3.62281,-3.42315,-4.33476,-0.933887,-0.933887,3
1,17,44,2.42857,1.72057,-0.646582,-0.45329,1.72057,0
4,11,90,-5.22327,-5.22327,-6.05291,-2.36134,-2.36134,3
4,2,75,1.55122,-0.547885,-4.90201,-1.41384,-1.41384,0
3,7,20,2.40533,2.13516,2.55099,-0.805878,2.13516,2
3,10,24,1.80099,3.41633,2.20454,-0.805878,3.41633,1
1,3,76,1.14627,0.357774,-4.75214,-1.45125,0.357774,0
4,17,68,-3.77303,-1.73206,-4.27007,-1.01066,-1.01066,3
3,3,68,0.109504,-0.951408,-4.27007,-1.01066,0.109504,0
3,17,65,-0.889663,0.987174,-4.11009,-0.783219,0.987174,1
3,1,96,0.399846,-1.12705,-3.41916,-2.99602,-1.12705,0
4,8,20,-0.805878,-0.805878,2.55099,-0.805878,2.55099,2
3,20,44,-0.31118,0.00555311,-0.646582,-0.45329,0.00555311,1
4,9,18,-0.728975,-0.728975,2.65786,-0.805878,2.65786,2
2,2,16,4.38373,4.23,2.59926,-0.805878,4.23,0
3,4,47,1.16994,1.80355,-1.66582,-0.377744,1.80355,1
1,12,64,0.866805,0.497318,-3.84075,-0.813937,0.497318,0
4,15,80,-4.58061,-4.10171,-4.82344,-1.66435,-1.66435,3
4,19,27,-1.19634,-1.19634,1.79261,-0.805878,1.79261,2
4,8,81,-4.86797,-4.58813,-4.70389,-1.77463,-1.77463,3
3,2,16,1.44297,3.66287,2.59926,-0.805878,3.66287,1
4,1,58,1.67046,-1.12083,-3.5329,-0.497556,-0.894152,0
2,17,81,-0.72203,-1.003,-4.70389,-1.77463,-1.003,0
1,17,35,3.85571,4.45479,1.44812,-0.805878,4.45479,1
3,10,25,2.1645,3.34499,2.04479,-0.805878,3.34499,1
4,11,85,-4.65291,-3.55065,-5.14185,-2.10808,-2.10808,3
4,2,72,1.35607,-0.427616,-4.69937,-1.21867,-4.69937,0
3,1,1,5.00604,4.62975,3,-0.805878,5.00604,0
3,7,21,2.34499,2.92012,2.59473,-0.805878,2.92012,1
3,1,93,0.366757,-0.827735,-3.41916,-2.51688,-0.827735,0
3,7,97,-1.29576,-1.30596,-3.41916,-2.81209,-1.30596,0
3,18,88,-2.56989,-1.95538,-5.55605,-2.24038,-2.56989,1
4,2,4,2.31163,4.60899,2.97261,-0.805878,0.396971,1
3,2,42,1.46628,1.67998,-0.0637023,-0.353411,1.67998,1
1,11,21,4.43604,5.10231,2.59473,-0.805878,5.10231,1
4,10,14,-0.580929,-0.580929,2.79075,-0.805878,2.79075,2
3,8,19,3.49719,3.82192,2.73033,-0.805878,3.82192,1
2,17,91,-1.99221,-1.57164,-6.29331,-2.45927,-1.57164,1
4,1,12,4.7825,5.6877,2.93608,-0.805878,3.5229,1
1,17,57,0.930939,0.809824,-3.55909,-0.534181,0.809824,0
3,1,29,4.2123,1.5696,1.67657,-0.805878,4.2123,0
3,7,33,1.1809,1.69386,1.60775,-0.805878,1.69386,1
2,2,22,4.35275,4.88331,2.39276,-0.805878,4.88331,1
2,1,27,4.0544,3.61597,1.79261,-0.805878,3.61597,0
3,1,84,0.125774,1.67417,-5.35927,-2.00544,0.125774,1
2,10,19,4.29979,4.22852,2.73033,-0.805878,4.22852,0
4,8,24,-1.02966,-1.23687,2.20454,-0.805878,2.20454,2
4,6,24,-1.02966,1.57708,2.20454,-0.805878,2.20454,2
3,6,46,1.34477,1.41798,-1.27338,-0.395639,1.41798,1
3,10,67,0.163955,-0.448619,-4.33476,-0.933887,-0.448619,0
1,3,77,1.36095,0.508971,-4.67517,-1.58996,0.508971,0
4,17,71,-3.84075,-3.84075,-4.4203,-1.13959,-1.13959,3
4,8,23,-0.967684,3.14866,2.09672,-0.805878,2.09672,1
4,6,29,-1.34672,2.72938,1.67657,-0.805878,1.67657,1
4,17,18,-0.728975,-0.728975,2.65786,-0.805878,2.65786,2
1,10,63,1.16473,1.77007,-4.03562,-0.692524,1.77007,1
1,1,51,2.78506,3.31476,-3.03783,-0.448822,3.31476,1
3,5,12,3.65815,3.92539,2.93608,-0.805878,3.92539,1
2,9,58,0.236148,-1.31445,-3.5329,-0.497556,-1.31445,0
2,3,16,4.47825,4.83553,2.59926,-0.805878,4.83553,1
2,14,35,2.91165,2.62618,1.44812,-0.805878,2.62618,0
3,8,89,-1.65471,-1.48091,-5.75042,-2.39784,-1.48091,1
2,19,61,-0.0903021,0.362695,-3.77303,-0.607646,0.362695,1
3,14,82,-1.09803,-0.636004,-5.04662,-1.89873,-0.636004,1
4,15,99,-6.43894,-6.43894,-3.41916,-3.35117,-3.35117,3
2,12,44,2.34007,2.08332,-0.646582,-0.45329,2.08332,0
4,15,22,-0.882782,-0.882782,2.39276,-0.805878,2.39276,2
2,17,68,-0.439464,-0.375646,-4.27007,-1.01066,-0.375646,1
4,1,15,3.57075,-0.479294,2.8676,-0.805878,-0.483328,0
1,17,56,1.02528,0.760125,-3.43957,-0.474568,0.760125,0
2,14,86,-0.778854,-0.330188,-5.61978,-2.01828,-0.778854,1
3,7,18,3.8043,4.41886,2.65786,-0.805878,4.41886,1
3,1,14,3.94484,5.71106,2.79075,-0.805878,5.71106,1
1,10,20,4.30441,4.01497,2.55099,-0.805878,4.30441,0
3,20,35,1.48907,1.57036,1.44812,-0.805878,1.57036,1
2,2,29,3.75543,3.70076,1.67657,-0.805878,3.70076,0
4,7,64,-0.151554,-0.112105,-3.84075,-0.813937,-0.813937,1
3,15,35,0.968066,1.82044,1.44812,-0.805878,1.82044,1
4,9,23,-0.967684,3.63289,2.09672,-0.805878,2.09672,1
2,10,14,3.17747,3.68452,2.79075,-0.805878,3.68452,1
4,9,54,-2.88948,-2.44253,-3.28628,-0.56961,-3.28628,3
1,11,28,3.95384,4.68614,1.70711,-0.805878,4.68614,1
4,8,77,-4.23657,-4.16279,-4.67517,-1.58996,-1.58996,3
2,10,40,2.96629,3.38997,0.424054,-0.32524,3.38997,1
4,4,23,-0.00382292,0.874827,2.09672,-0.805878,2.09672,2
2,12,22,3.35868,3.81598,2.39276,-0.805878,3.81598,1
4,8,22,-0.882782,3.2008,2.39276,-0.805878,2.39276,1
2,1,13,4.65983,5.65764,2.91513,-0.805878,5.65764,1
2,2,24,4.29894,3.96036,2.20454,-0.805878,3.96036,0
3,20,43,-0.306809,0.476237,-0.351569,-0.382527,0.476237,1
2,10,71,0.0780668,0.685738,-4.4203,-1.13959,0.685738,1
4,12,15,-0.479294,-0.479294,2.8676,-0.805878,2.8676,2
2,7,23,4.43549,3.65917,2.09672,-0.805878,4.43549,0
4,9,31,-1.46886,-1.75929,1.72456,-0.805878,1.72456,2
3,1,30,4.46805,1.6869,1.53923,-0.805878,1.6869,0
3,7,34,1.30163,1.66161,1.42834,-0.805878,1.66161,1
2,2,21,4.45401,5.13896,2.59473,-0.805878,5.13896,1
3,15,27,2.33547,3.0887,1.79261,-0.805878,3.0887,1
2,16,21,2.50477,3.39711,2.59473,-0.805878,3.39711,1
4,3,38,0.321357,2.35009,0.671689,-0.230343,-0.0786095,1
3,7,25,4.01532,3.89467,2.04479,-0.805878,3.89467,0
3,10,13,2.78356,3.12632,2.91513,-0.805878,3.12632,1
4,1,54,1.74472,-0.89504,-3.28628,-0.56961,1.74472,0
3,8,90,-1.65502,-1.64866,-6.05291,-2.36134,-1.64866,1
2,19,60,-0.207057,0.37986,-3.62281,-0.563066,0.37986,1
3,14,83,-1.16977,-0.99381,-5.22327,-1.89942,-0.99381,1
4,1,56,1.87873,-1.01522,-3.43957,-0.474568,-0.886497,0
2,17,87,-1.90884,-1.70063,-5.60239,-2.09737,-1.70063,1
4,20,66,-3.59803,-3.3736,-4.06104,-0.806488,-0.806488,3
1,17,45,3.10138,2.81423,-0.989663,-0.351506,2.81423,0
3,19,72,-1.52982,-0.98905,-4.69937,-1.21867,-1.52982,1
3,3,5,5.32391,4.61415,2.97834,-0.805878,5.32391,0
3,10,27,2.74022,2.9583,1.79261,-0.805878,2.9583,1
4,11,91,-5.35927,-5.35927,-6.29331,-2.45927,-2.45927,3
4,2,74,1.01779,-0.678292,-4.86797,-1.45906,-0.678292,0
3,1,15,4.73209,1.08233,2.8676,-0.805878,4.73209,0
3,7,19,3.18975,2.79265,2.73033,-0.805878,2.79265,0
4,15,16,-0.543395,-0.543395,2.59926,-0.805878,2.59926,2
4,3,33,0.670498,2.64367,1.60775,-0.805878,1.60775,1
2,16,22,2.18984,3.4353,2.39276,-0.805878,3.4353,1
1,6,64,2.33388,2.02131,-3.84075,-0.813937,2.02131,0
4,11,30,-1.41916,-1.41916,1.53923,-0.805878,1.53923,2
4,2,23,3.32405,4.18631,2.09672,-0.805878,-0.182119,1
4,15,98,-6.29331,-6.29331,-3.41916,-3.12829,-3.12829,3
3,19,45,-0.31118,1.61718,-0.989663,-0.351506,1.61718,1
4,19,45,-2.28561,-2.28561,-0.989663,-0.351506,-0.351506,3
3,18,84,-1.6497,-1.95648,-5.35927,-2.00544,-1.95648,0
4,15,27,-1.19634,-1.19634,1.79261,-0.805878,1.79261,2
3,8,59,-0.248909,0.307741,-3.59803,-0.651593,0.307741,1
3,2,82,0.506235,-0.35962,-5.04662,-1.89873,-0.35962,0
3,2,43,1.68127,1.89874,-0.351569,-0.382527,1.89874,1
1,7,59,1.81019,2.26397,-3.59803,-0.651593,2.26397,1
3,4,4,3.19789,3.56638,2.97261,-0.805878,3.56638,1
2,9,40,2.70004,2.97339,0.424054,-0.32524,2.97339,1
2,2,28,3.98296,3.69999,1.70711,-0.805878,3.69999,0
4,7,67,-0.281743,-0.543036,-4.33476,-0.933887,-0.738461,0
3,15,34,1.07719,1.79421,1.42834,-0.805878,1.79421,1
4,9,22,-0.882782,3.53278,2.39276,-0.805878,2.39276,1
2,10,15,4.42962,4.71302,2.8676,-0.805878,4.71302,1
2,5,21,4.49272,5.10004,2.59473,-0.805878,5.10004,1
4,7,22,-0.882782,1.75186,2.39276,-0.805878,2.39276,2
4,9,53,-2.82136,-2.26515,-3.24637,-0.595251,-0.595251,3
4,4,22,0.102519,0.897277,2.39276,-0.805878,2.39276,2
4,8,17,-0.64769,-0.64769,2.67763,-0.805878,2.67763,2
2,1,12,5.45919,6.09628,2.93608,-0.805878,5.45919,1
3,5,39,2.49741,2.04378,0.982003,-0.317489,2.04378,0
2,3,15,5.36389,4.67265,2.8676,-0.805878,4.67265,0
2,2,13,4.78693,5.20316,2.91513,-0.805878,5.20316,1
3,20,40,-0.141308,0.719274,0.424054,-0.32524,0.719274,1
2,10,64,-0.0841585,-0.0681981,-3.84075,-0.813937,-0.0841585,1
4,12,14,-0.580929,-0.580929,2.79075,-0.805878,2.79075,2
2,7,16,4.63872,4.73907,2.59926,-0.805878,4.73907,1
4,9,30,-1.41916,-1.69815,1.53923,-0.805878,1.53923,2
2,2,20,4.50533,4.02265,2.55099,-0.805878,4.50533,0
3,15,26,2.47907,3.3192,2.08517,-0.805878,3.3192,1
4,2,73,1.44103,-0.356889,-4.58061,-1.30758,-4.58061,0
4,11,84,-4.67517,-3.72707,-5.35927,-2.00544,-2.00544,3
2,16,20,4.43817,2.5216,2.55099,-0.805878,2.5216,0
4,3,39,-0.0406807,2.07244,0.982003,-0.317489,0.982003,1
3,7,26,3.77549,3.86475,2.08517,-0.805878,3.86475,1
3,10,18,2.18426,3.55012,2.65786,-0.805878,2.18426,1
4,1,49,0.623269,2.62068,-2.3856,-0.416188,1.55774,1
3,8,33,1.96811,2.8266,1.60775,-0.805878,2.8266,1
3,2,88,-0.215723,-0.716268,-5.55605,-2.24038,-0.716268,0
1,8,71,1.18223,0.739272,-4.4203,-1.13959,0.739272,0
2,14,24,3.86099,3.1254,2.20454,-0.805878,3.1254,0
4,10,28,-1.27956,-1.38901,1.70711,-0.805878,1.70711,2
4,5,63,-0.26039,0.0537744,-4.03562,-0.692524,-0.692524,1
3,20,24,2.09672,2.36939,2.20454,-0.805878,2.36939,1
4,18,87,-4.82344,-4.82344,-5.60239,-2.09737,-2.09737,3
4,14,52,-2.89315,-2.70083,-3.16282,-0.404636,-0.404636,3
2,1,1,5.26087,6.35489,3,-0.805878,6.35489,1
4,1,61,1.35128,-1.50177,-3.77303,-0.607646,-0.607646,0
1,17,42,2.90159,2.003,-0.0637023,-0.353411,2.003,0
3,19,71,-1.47445,-1.08081,-4.4203,-1.13959,-1.47445,1
3,3,14,3.24826,6.38443,2.79075,-0.805878,6.38443,1
1,17,31,3.09522,2.97766,1.72456,-0.805878,2.97766,0
2,13,31,2.60824,3.23201,1.72456,-0.805878,3.23201,1
3,2,48,2.65628,0.973885,-2.02538,-0.386848,0.973885,0
1,7,54,2.82409,2.56412,-3.28628,-0.56961,2.56412,0
3,4,15,3.69609,3.18859,2.8676,-0.805878,3.18859,0
4,1,57,1.77017,-1.027,-3.55909,-0.534181,-0.780593,0
2,17,86,-1.48656,-1.27564,-5.61978,-2.01828,-1.27564,1
4,20,65,-3.5329,-3.30701,-4.11009,-0.783219,-0.783219,3
3,10,26,2.44548,3.13375,2.08517,-0.805878,3.13375,1
2,9,72,-0.297471,1.10658,-4.69937,-1.21867,-0.297471,1
1,4,4,6.05321,6.4239,2.97261,-0.805878,6.4239,1
1,17,48,2.69739,2.41522,-2.02538,-0.386848,2.41522,0
4,1,23,0.912983,1.97502,2.09672,-0.805878,1.60438,2
2,16,18,2.48241,2.93547,2.65786,-0.805878,2.93547,1
4,3,37,0.458046,2.52937,0.962271,-0.077702,0.183005,1
4,2,95,-5.55605,-5.55605,-3.41916,-2.85377,-2.85377,3
3,7,24,4.13753,4.14928,2.20454,-0.805878,4.14928,1
3,10,12,2.8633,3.30508,2.93608,-0.805878,3.30508,1
4,1,55,1.79977,-0.921905,-3.26052,-0.458097,-0.829157,0
3,10,74,-0.535131,-0.490657,-4.86797,-1.45906,-0.490657,1
3,6,17,3.58471,3.8934,2.67763,-0.805878,3.8934,1
4,15,31,-1.46886,-1.46886,1.72456,-0.805878,1.72456,2
4,3,34,0.629897,2.64227,1.42834,-0.805878,0.918196,1
2,16,41,2.13874,2.5575,0.201755,-0.28101,2.5575,1
2,17,72,-0.678428,-0.33962,-4.69937,-1.21867,-0.33962,1
3,4,37,1.92176,3.31686,0.962271,-0.077702,3.31686,1
3,2,10,4.50439,5.6514,2.9161,-0.805878,4.50439,1
1,12,70,1.08289,1.45884,-4.23657,-1.06699,1.45884,1
4,15,90,-5.22327,-5.22327,-6.05291,-2.36134,-2.36134,3
4,19,21,-0.867753,-0.867753,2.59473,-0.805878,2.59473,2
4,13,47,-2.47724,-2.47724,-1.66582,-0.377744,-0.377744,3
4,5,37,-1.90873,0.666133,0.962271,-0.077702,0.962271,2
4,18,21,-0.867753,-0.867753,2.59473,-0.805878,2.59473,2
4,12,74,-4.33476,-1.19787,-4.86797,-1.45906,-1.45906,1
1,10,62,0.716593,1.53599,-3.86868,-0.735614,1.53599,1
1,1,50,2.62705,3.72725,-2.70986,-0.510597,2.62705,1
3,5,13,3.82386,4.01075,2.91513,-0.805878,4.01075,1
2,9,61,-0.0552027,-1.49754,-3.77303,-0.607646,-1.49754,0
2,3,17,2.87938,4.0197,2.67763,-0.805878,2.87938,1
4,17,21,-0.867753,-0.867753,2.59473,-0.805878,2.59473,2
2,2,27,4.009,3.94179,1.79261,-0.805878,3.94179,0
3,3,92,-0.950174,-0.949012,-6.43894,-2.39982,-0.949012,1
4,19,73,-4.06104,-4.06104,-4.58061,-1.30758,-1.30758,3
1,10,18,4.71079,4.21985,2.65786,-0.805878,4.21985,0
3,20,33,1.77823,1.74276,1.60775,-0.805878,1.74276,0
4,9,21,-0.867753,3.65062,2.59473,-0.805878,2.59473,1
2,1,8,5.48484,4.20966,2.93668,-0.805878,4.20966,0
1,3,79,1.24686,0.351133,-4.30456,-1.7295,0.351133,0
4,17,69,-3.86868,-1.3665,-4.38821,-0.937499,-0.937499,3
3,3,71,0.230836,-0.467763,-4.4203,-1.13959,-0.467763,0
4,19,78,-4.4203,-4.4203,-4.65291,-1.66623,-1.66623,3
3,17,64,-0.319709,1.04944,-3.84075,-0.813937,1.04944,1
3,1,97,0.416803,-0.940872,-3.41916,-2.81209,-0.940872,0
4,8,21,-0.867753,3.23285,2.59473,-0.805878,2.59473,1
2,10,12,3.22959,4.3865,2.93608,-0.805878,4.3865,1
2,5,24,3.80849,4.46235,2.20454,-0.805878,4.46235,1
4,7,21,-0.867753,1.77211,2.59473,-0.805878,2.59473,2
4,4,21,0.111976,0.733142,2.59473,-0.805878,2.59473,2
2,5,38,3.75125,3.9233,0.671689,-0.230343,3.9233,1
4,20,93,-5.61978,-5.61978,-3.41916,-2.51688,-2.51688,3
2,17,74,-0.44546,-0.661111,-4.86797,-1.45906,-0.661111,0
3,6,43,1.18259,0.974109,-0.351569,-0.382527,0.974109,0
1,6,66,2.26132,1.79767,-4.06104,-0.806488,1.79767,0
4,2,17,2.24841,4.78139,2.67763,-0.805878,2.67763,1
4,11,28,-1.27956,-1.27956,1.70711,-0.805878,1.70711,2
2,2,53,1.74259,2.8246,-3.24637,-0.595251,2.8246,1
4,18,85,-4.65291,-4.65291,-5.14185,-2.10808,-2.10808,3
4,14,58,-3.03783,-3.19493,-3.5329,-0.497556,-0.497556,3
3,20,30,1.69438,2.03638,1.53923,-0.805878,2.03638,1
3,8,21,2.91248,3.07759,2.59473,-0.805878,3.07759,1
3,5,38,1.96961,3.30401,0.671689,-0.230343,3.30401,1
2,3,14,5.34167,5.70251,2.79075,-0.805878,5.70251,1
2,2,12,5.21079,4.89266,2.93608,-0.805878,4.89266,0
3,1,16,3.2068,1.7869,2.59926,-0.805878,1.7869,0
3,7,36,1.54527,1.72023,1.45696,0.264588,1.72023,1
1,12,90,0.539429,-0.0159539,-6.05291,-2.36134,-0.0159539,0
4,15,38,-1.89425,1.78907,0.671689,-0.230343,0.671689,1
3,10,73,-0.769804,-0.354642,-4.58061,-1.30758,-0.354642,1
3,6,20,3.17297,2.74167,2.55099,-0.805878,2.74167,0
2,16,23,2.46428,3.10364,2.09672,-0.805878,3.10364,1
4,3,32,-0.48879,2.59359,1.7249,-0.805878,1.7249,1
3,7,27,3.95496,3.75009,1.79261,-0.805878,3.75009,0
3,10,19,2.7572,3.58819,2.73033,-0.805878,3.58819,1
4,1,48,0.804164,2.98457,-2.02538,-0.386848,2.83583,1
4,12,68,-3.77303,-2.1655,-4.27007,-1.01066,-1.01066,3
2,9,51,1.44926,0.416293,-3.03783,-0.448822,0.416293,0
2,3,43,2.37142,2.46621,-0.351569,-0.382527,2.46621,1
3,5,11,2.8795,4.38104,2.80572,-0.805878,4.38104,1
4,17,27,-1.19634,-1.19634,1.79261,-0.805878,1.79261,2
2,1,91,0.138951,0.602812,-6.29331,-2.45927,0.602812,1
3,8,31,2.14831,4.13364,1.72456,-0.805878,4.13364,1
4,1,62,1.32976,-1.52874,-3.86868,-0.735614,-1.26443,0
2,17,85,-0.608368,-1.09959,-5.14185,-2.10808,-1.09959,0
4,20,64,-3.55909,-3.22871,-3.84075,-0.813937,-0.813937,3
1,17,47,2.89327,2.5873,-1.66582,-0.377744,2.5873,0
3,19,74,-0.807132,-1.2956,-4.86797,-1.45906,-1.2956,0
3,3,3,5.56881,3.3544,3,-0.805878,3.3544,0
3,10,21,3.76128,4.29175,2.59473,-0.805878,4.29175,1
3,1,13,4.94891,3.97545,2.91513,-0.805878,3.97545,0
3,7,17,2.55953,3.85443,2.67763,-0.805878,3.85443,1
2,16,19,4.63154,3.53853,2.73033,-0.805878,3.53853,0
4,3,36,0.577262,2.39783,1.45696,0.264588,1.23425,1
3,7,7,3.28162,3.93792,2.92731,-0.805878,3.93792,1
3,10,15,2.78076,4.32063,2.8676,-0.805878,4.32063,1
4,1,52,1.83639,-0.875098,-3.16282,-0.404636,-0.733959,0
3,13,15,2.78866,2.62636,2.8676,-0.805878,2.62636,2
4,18,93,-5.61978,-5.61978,-3.41916,-2.51688,-2.51688,3
3,20,22,2.77079,2.82805,2.39276,-0.805878,2.82805,1
4,14,34,-1.65275,0.0204918,1.42834,-0.805878,1.42834,2
4,5,5,0.084788,0.953515,2.97834,-0.805878,2.97834,2
4,13,15,-0.479294,-0.479294,2.8676,-0.805878,2.8676,2
3,20,41,0.259498,0.662024,0.201755,-0.28101,0.662024,1
2,10,65,-0.23065,0.0653414,-4.11009,-0.783219,0.0653414,1
4,9,29,-1.34672,-1.6436,1.67657,-0.805878,1.67657,2
3,20,60,-0.604891,-0.63011,-3.62281,-0.563066,-0.63011,3
2,2,19,4.71178,5.12803,2.73033,-0.805878,4.71178,1
3,15,25,2.5377,3.41037,2.04479,-0.805878,3.41037,1
2,9,80,-0.591476,0.889897,-4.82344,-1.66435,0.889897,1
4,18,38,-1.89425,4.23214,0.671689,-0.230343,-0.230343,1
3,13,20,2.67598,2.34052,2.55099,-0.805878,2.34052,0
3,1,74,0.31226,2.25152,-4.86797,-1.45906,2.25152,1
3,7,94,-1.26024,-1.1516,-3.41916,-2.55553,-1.1516,1
2,7,31,3.46143,3.41959,1.72456,-0.805878,3.41959,0
3,9,94,-2.45519,-1.72003,-3.41916,-2.55553,-1.72003,1
3,17,28,2.2975,1.46015,1.70711,-0.805878,1.46015,0
3,2,37,2.9401,2.80403,0.962271,-0.077702,2.80403,0
1,7,41,3.57044,3.30441,0.201755,-0.28101,3.30441,0
3,4,18,1.02878,3.8978,2.65786,-0.805878,3.8978,1
2,11,23,3.99728,4.30753,2.09672,-0.805878,4.30753,1
4,5,61,-0.069129,0.0669981,-3.77303,-0.607646,-0.607646,1
4,13,23,-0.967684,-0.967684,2.09672,-0.805878,2.09672,2
4,15,75,-4.27007,-3.7653,-4.90201,-1.41384,-1.41384,3
4,7,16,-0.543395,4.58472,2.59926,-0.805878,2.59926,1
2,5,19,4.55846,3.1294,2.73033,-0.805878,3.1294,0
3,11,64,-0.604715,-1.4877,-3.84075,-0.813937,-1.4877,0
2,16,66,-0.432472,-0.547309,-4.06104,-0.806488,-0.547309,0
3,13,66,-2.0499,-0.749584,-4.06104,-0.806488,-0.749584,1
1,19,47,0.552842,2.45884,-1.66582,-0.377744,0.552842,1
3,10,88,-3.17455,-0.519651,-5.55605,-2.24038,-0.519651,1
2,17,29,3.22866,3.30505,1.67657,-0.805878,3.30505,1
3,8,57,-1.66211,-0.39308,-3.55909,-0.534181,-0.39308,1
4,16,40,-2.00091,-1.7878,0.424054,-0.32524,-0.32524,2
1,8,42,3.46635,3.27897,-0.0637023,-0.353411,3.27897,0
3,2,80,-0.769512,-1.39831,-4.82344,-1.66435,-1.39831,0
2,10,13,3.38387,3.75852,2.91513,-0.805878,3.75852,1
2,9,94,-0.742161,-0.544625,-3.41916,-2.55553,-0.544625,1
4,6,20,-0.805878,-0.577519,2.55099,-0.805878,2.55099,2
4,4,20,-0.805878,4.07094,2.55099,-0.805878,2.55099,1
2,14,85,-1.37587,-0.890267,-5.14185,-2.10808,-0.890267,1
2,2,40,3.15376,2.61483,0.424054,-0.32524,2.61483,0
3,8,37,1.87095,2.14393,0.962271,-0.077702,2.14393,1
3,2,92,-0.408887,-0.852505,-6.43894,-2.39982,-0.852505,0
2,1,2,6.41164,4.40276,2.95846,-0.805878,4.40276,0
2,13,33,2.97605,3.3386,1.60775,-0.805878,3.3386,1
2,1,79,0.777045,1.48882,-4.30456,-1.7295,0.777045,1
4,16,30,-1.41916,-1.41916,1.53923,-0.805878,1.53923,2
2,14,88,-1.12606,-0.616257,-5.55605,-2.24038,-0.616257,1
3,7,28,2.01892,2.10576,1.70711,-0.805878,2.10576,1
3,1,8,5.06838,0.827881,2.93668,-0.805878,0.827881,0
1,20,26,3.01508,4.02337,2.08517,-0.805878,4.02337,1
4,16,28,-1.27956,-1.27956,1.70711,-0.805878,1.70711,2
4,8,50,-2.99027,1.17651,-2.70986,-0.510597,-2.70986,1
2,11,13,1.92306,2.83733,2.91513,-0.805878,2.83733,2
3,3,46,0.829902,-0.339793,-1.27338,-0.395639,-0.339793,0
3,17,43,-0.145411,0.976683,-0.351569,-0.382527,0.976683,1
4,5,53,0.0531632,0.681002,-3.24637,-0.595251,-0.595251,1
4,13,31,-1.46886,-1.46886,1.72456,-0.805878,1.72456,2
3,15,22,2.57286,2.6043,2.39276,-0.805878,2.6043,1
3,2,34,3.23818,2.94346,1.42834,-0.805878,2.94346,0
1,7,36,3.48143,3.25608,1.45696,0.264588,3.25608,0
3,4,29,1.84728,2.96061,1.67657,-0.805878,2.96061,1
2,13,13,3.75013,3.35021,2.91513,-0.805878,3.75013,0
2,11,18,2.96587,5.45932,2.65786,-0.805878,5.45932,1
2,16,90,-1.75568,-1.18595,-6.05291,-2.36134,-1.18595,1
3,13,74,-0.532804,-1.0369,-4.86797,-1.45906,-1.0369,0
3,11,56,-0.68607,-1.05115,-3.43957,-0.474568,-1.05115,3
1,19,39,2.61165,2.46876,0.982003,-0.317489,2.46876,0
3,20,34,1.68733,1.6426,1.42834,-0.805878,1.6426,0
1,10,23,3.46369,4.22488,2.09672,-0.805878,4.22488,1
4,17,33,-1.57416,-1.35195,1.60775,-0.805878,1.60775,2
4,12,30,-1.41916,-1.41916,1.53923,-0.805878,1.53923,2
3,20,23,1.89625,2.67506,2.09672,-0.805878,2.67506,1
3,13,16,2.84199,3.0959,2.59926,-0.805878,3.0959,1
4,18,90,-5.22327,-5.22327,-6.05291,-2.36134,-2.36134,3
1,20,69,-0.1519,-0.126761,-4.38821,-0.937499,-0.126761,1
4,14,35,-1.73068,-0.129124,1.44812,-0.805878,1.44812,2
4,5,10,-0.318694,3.7289,2.9161,-0.805878,2.9161,1
4,13,14,-0.580929,-0.580929,2.79075,-0.805878,2.79075,2
4,12,61,-3.28628,-1.59232,-3.77303,-0.607646,-0.607646,3
4,13,20,-0.805878,-0.805878,2.55099,-0.805878,2.55099,2
4,15,73,-4.06104,-3.65371,-4.58061,-1.30758,-1.30758,3
3,8,16,3.40021,3.56641,2.59926,-0.805878,3.56641,1
2,2,15,4.30654,3.81806,2.8676,-0.805878,3.81806,0
1,11,33,4.07163,4.33653,1.60775,-0.805878,4.33653,1
2,10,51,0.421817,1.21697,-3.03783,-0.448822,1.21697,1
4,9,35,-1.73068,-1.73068,1.44812,-0.805878,1.44812,2
4,13,97,-6.05291,-6.05291,-3.41916,-2.81209,-2.81209,3
2,2,52,1.60598,2.90015,-3.16282,-0.404636,2.90015,1
4,18,82,-4.90201,-4.90201,-5.04662,-1.89873,-1.89873,3
4,14,59,-3.16282,-3.18829,-3.59803,-0.651593,-0.651593,3
3,20,31,1.61934,1.96469,1.72456,-0.805878,1.96469,1
1,10,19,5.10696,4.39026,2.73033,-0.805878,5.10696,0
3,20,38,0.19184,1.10635,0.671689,-0.230343,1.10635,1
4,9,20,-0.805878,-0.805878,2.55099,-0.805878,2.55099,2
2,1,90,0.176686,0.785549,-6.05291,-2.36134,0.785549,1
2,17,30,3.04632,2.95039,1.53923,-0.805878,2.95039,0
3,8,56,-0.945879,1.07796,-3.43957,-0.474568,1.07796,1
3,2,87,-0.130621,-0.548871,-5.60239,-2.09737,-0.548871,0
2,9,81,0.0713335,1.2187,-4.70389,-1.77463,1.2187,1
4,6,21,-0.867753,1.02444,2.59473,-0.805878,2.59473,2
1,20,73,-0.721568,-0.389125,-4.58061,-1.30758,-0.389125,1
4,14,47,-2.47724,-2.47724,-1.66582,-0.377744,-1.66582,3
2,1,10,6.12997,5.3246,2.9161,-0.805878,5.3246,0
3,1,17,3.9245,4.56364,2.67763,-0.805878,4.56364,1
3,7,37,1.73315,1.35138,0.962271,-0.077702,1.35138,0
1,12,91,0.708357,0.168217,-6.29331,-2.45927,0.168217,0
4,15,37,-1.84662,1.81685,0.962271,-0.077702,0.962271,1
4,1,63,1.25525,-1.58216,-4.03562,-0.692524,-1.58216,0
3,10,20,3.17932,3.90557,2.55099,-0.805878,3.90557,1
3,10,16,2.88297,4.32517,2.59926,-0.805878,4.32517,1
4,1,51,1.90875,-0.77201,-3.03783,-0.448822,-0.517533,0
4,5,51,0.473947,0.766487,-3.03783,-0.448822,-3.03783,1
4,13,37,-1.84662,-1.82983,0.962271,-0.077702,-0.077702,2
4,18,27,-1.19634,-1.19634,1.79261,-0.805878,1.79261,2
4,6,32,-1.51638,2.27758,1.7249,-0.805878,1.7249,1
2,3,44,2.25661,2.26033,-0.646582,-0.45329,2.26033,1
2,9,54,0.821248,0.486922,-3.28628,-0.56961,0.486922,0
3,4,38,2.00929,3.1343,0.671689,-0.230343,3.1343,1
3,2,9,4.19029,0.546126,2.89122,-0.805878,0.546126,0
3,8,29,2.18863,4.09705,1.67657,-0.805878,4.09705,1
3,11,68,0.0314655,-1.68716,-4.27007,-1.01066,-1.68716,0
2,16,70,-1.02279,-1.04195,-4.23657,-1.06699,-1.04195,0
3,13,70,-0.891711,-0.953371,-4.23657,-1.06699,-0.953371,0
1,19,35,3.61144,3.08005,1.44812,-0.805878,3.08005,0
3,10,92,-2.36306,-0.705944,-6.43894,-2.39982,-0.705944,1
2,19,27,2.9832,3.03092,1.79261,-0.805878,3.03092,1
3,6,11,2.25039,3.14866,2.80572,-0.805878,3.14866,1
2,1,85,0.725654,1.17577,-5.14185,-2.10808,1.17577,1
2,9,83,-0.182778,0.978897,-5.22327,-1.89942,0.978897,1
3,1,75,0.286135,1.64857,-4.90201,-1.41384,1.64857,1
3,7,95,-1.2591,-1.47854,-3.41916,-2.85377,-1.47854,0
4,12,59,-3.16282,-1.3137,-3.59803,-0.651593,-0.651593,3
3,8,62,-0.370408,0.479355,-3.86868,-0.735614,0.479355,1
3,2,85,0.701528,-0.644134,-5.14185,-2.10808,-0.644134,0
3,20,47,-0.540654,-0.279756,-1.66582,-0.377744,-0.279756,1
4,7,68,-0.219107,-0.560837,-4.27007,-1.01066,-1.01066,0
3,15,39,0.81206,0.79313,0.982003,-0.317489,0.79313,2
2,2,17,3.59556,5.0572,2.67763,-0.805878,5.0572,1
2,10,67,-0.363268,0.181335,-4.33476,-0.933887,-0.363268,1
4,9,19,-0.760146,-0.752353,2.73033,-0.805878,2.73033,2
2,1,18,4.91747,4.56182,2.65786,-0.805878,4.56182,0
4,8,99,-6.43894,-6.43894,-3.41916,-3.35117,-3.35117,3
2,10,10,4.40119,4.67045,2.9161,-0.805878,4.67045,1
4,7,19,-0.760146,-0.606256,2.73033,-0.805878,2.73033,2
4,16,29,-1.34672,-1.34672,1.67657,-0.805878,1.67657,2
4,8,51,-2.53636,-1.57249,-3.03783,-0.448822,-3.03783,3
4,5,58,-0.162197,0.353551,-3.5329,-0.497556,-3.5329,1
4,13,30,-1.41916,-1.41916,1.53923,-0.805878,1.53923,2
3,4,51,1.50047,-0.0413716,-3.03783,-0.448822,-0.0413716,0
1,8,99,-0.0884289,0.0498315,-3.41916,-3.35117,0.0498315,1
1,11,39,3.0413,3.71658,0.982003,-0.317489,3.71658,1
4,10,96,-5.75042,-5.75042,-3.41916,-2.99602,-2.99602,3
3,2,4,2.17555,5.29601,2.97261,-0.805878,5.29601,1
2,9,87,-1.20239,-0.987735,-5.60239,-2.09737,-0.987735,1
4,6,19,-0.760146,-0.749757,2.73033,-0.805878,2.73033,2
4,4,19,-0.728975,1.65687,2.73033,-0.805878,2.73033,2
4,9,71,-3.84075,-3.65179,-4.4203,-1.13959,-1.13959,3
3,5,43,1.776,1.30201,-0.351569,-0.382527,1.30201,0
2,3,11,4.42218,5.3159,2.80572,-0.805878,5.3159,1
3,1,18,4.71055,4.32945,2.65786,-0.805878,4.71055,0
3,7,38,1.5174,1.11269,0.671689,-0.230343,1.11269,0
1,12,92,0.639506,0.0334865,-6.43894,-2.39982,0.0334865,0
4,15,36,-1.77946,1.85602,1.45696,0.264588,1.45696,1
4,13,49,-2.61941,-2.61941,-2.3856,-0.416188,-0.416188,3
4,18,23,-0.967684,-0.967684,2.09672,-0.805878,2.09672,2
4,5,39,2.94092,0.646378,0.982003,-0.317489,0.982003,0
2,12,47,1.39757,1.93139,-1.66582,-0.377744,1.93139,1
3,11,18,2.66774,4.39222,2.65786,-0.805878,4.39222,1
3,1,9,2.68488,0.24526,2.89122,-0.805878,0.24526,2
3,7,29,2.54713,2.04867,1.67657,-0.805878,2.04867,0
3,10,17,2.59723,3.4367,2.67763,-0.805878,3.4367,1
4,1,50,0.471738,2.45275,-2.70986,-0.510597,1.52673,1
1,17,43,2.64037,1.81785,-0.351569,-0.382527,2.64037,0
3,8,30,2.23743,4.4216,1.53923,-0.805878,4.4216,1
3,11,69,-0.526012,-1.77975,-4.38821,-0.937499,-1.77975,0
2,16,71,-0.87268,0.248866,-4.4203,-1.13959,0.248866,1
3,13,69,-1.97269,-0.935091,-4.38821,-0.937499,-0.935091,1
1,19,32,3.09651,3.33512,1.7249,-0.805878,3.33512,1
3,10,95,-2.55052,-0.966327,-3.41916,-2.85377,-0.966327,1
2,19,26,3.12979,2.54886,2.08517,-0.805878,2.54886,0
3,6,10,3.13292,4.56963,2.9161,-0.805878,4.56963,1
2,1,84,0.591519,1.09913,-5.35927,-2.00544,0.591519,1
2,14,89,-1.03825,-0.537509,-5.75042,-2.39784,-0.537509,1
2,12,66,1.24551,-0.0241423,-4.06104,-0.806488,-0.0241423,0
3,7,15,2.48069,3.05619,2.8676,-0.805878,3.05619,1
4,15,28,-1.27956,-1.27956,1.70711,-0.805878,1.70711,2
3,18,85,-2.00119,-2.01965,-5.14185,-2.10808,-2.01965,0
2,7,38,2.85968,2.2477,0.671689,-0.230343,2.2477,0
4,12,58,-3.03783,-1.21116,-3.5329,-0.497556,-0.497556,3
4,18,83,-4.75214,-4.75214,-5.22327,-1.89942,-1.89942,3
3,20,28,1.96326,2.21276,1.70711,-0.805878,2.21276,1
4,14,56,-3.03023,-2.98702,-3.43957,-0.474568,-0.474568,3
4,9,69,-3.67288,-3.34305,-4.38821,-0.937499,-0.937499,3
4,8,18,-0.728975,-0.728975,2.65786,-0.805878,2.65786,2
2,10,25,3.29814,3.23671,2.04479,-0.805878,3.23671,0
2,12,20,4.36362,3.46576,2.55099,-0.805878,3.46576,0
3,15,20,2.65786,2.55989,2.55099,-0.805878,2.55989,0
2,2,14,5.09137,5.61131,2.79075,-0.805878,5.61131,1
1,11,32,3.26297,4.21755,1.7249,-0.805878,4.21755,1
2,10,60,0.1425,0.535954,-3.62281,-0.563066,0.535954,1
4,9,34,-1.65275,-1.65275,1.42834,-0.805878,1.42834,2
2,12,18,1.37761,5.22059,2.65786,-0.805878,5.22059,1
1,10,14,4.35701,4.89324,2.79075,-0.805878,4.89324,1
3,11,33,2.30162,2.50247,1.60775,-0.805878,2.50247,1
4,13,96,-5.75042,-5.75042,-3.41916,-2.99602,-2.99602,3
2,2,51,2.5409,2.92296,-3.03783,-0.448822,2.92296,1
3,8,23,2.50076,3.12041,2.09672,-0.805878,3.12041,1
4,5,67,-0.61867,-0.386888,-4.33476,-0.933887,-0.933887,1
1,20,90,-1.3525,-1.09121,-6.05291,-2.36134,-1.09121,1
4,6,33,-1.64138,-0.188422,1.60775,-0.805878,1.60775,2
3,7,92,-1.06686,-1.00604,-6.43894,-2.39982,-1.00604,1
3,1,72,0.231974,1.4189,-4.69937,-1.21867,0.231974,1
4,8,60,-3.09092,-2.04824,-3.62281,-0.563066,-0.563066,3
2,11,11,4.75151,4.7607,2.80572,-0.805878,4.7607,1
4,5,55,0.0310437,0.534112,-3.26052,-0.458097,-0.458097,1
4,13,33,-1.57416,-1.55971,1.60775,-0.805878,1.60775,2
4,12,75,-4.27007,-1.09768,-4.90201,-1.41384,-1.41384,1
4,17,20,-0.805878,-0.805878,2.55099,-0.805878,2.55099,2
1,10,49,2.21543,2.05866,-2.3856,-0.416188,2.05866,0
1,1,49,3.1577,3.9746,-2.3856,-0.416188,3.9746,1
3,5,14,3.23133,5.77233,2.79075,-0.805878,5.77233,1
1,20,24,3.05717,3.86339,2.20454,-0.805878,3.86339,1
4,16,18,-0.728975,-0.728975,2.65786,-0.805878,2.65786,2
3,8,63,-0.958429,0.53583,-4.03562,-0.692524,0.53583,1
3,2,86,0.0393029,-0.464044,-5.61978,-2.01828,-0.464044,0
3,20,46,-0.359661,0.250469,-1.27338,-0.395639,0.250469,1
2,10,66,0.0284183,0.342333,-4.06104,-0.806488,0.342333,1
4,9,28,-1.27956,-1.57683,1.70711,-0.805878,1.70711,2
2,2,18,5.12735,4.54164,2.65786,-0.805878,4.54164,0
4,7,69,-0.394159,-0.658216,-4.38821,-0.937499,-4.38821,0
3,15,24,2.59047,3.58823,2.20454,-0.805878,3.58823,1
2,1,17,4.60405,4.75963,2.67763,-0.805878,4.75963,1
4,9,43,-2.24665,-0.0259078,-0.351569,-0.382527,-0.351569,1
4,8,96,-5.75042,-5.75042,-3.41916,-2.99602,-2.99602,3
2,10,11,3.9371,4.24708,2.80572,-0.805878,3.9371,1
4,7,18,-0.728975,-0.728975,2.65786,-0.805878,2.65786,2
2,9,84,-0.32295,1.01871,-5.35927,-2.00544,1.01871,1
4,6,18,-0.728975,-0.728975,2.65786,-0.805878,2.65786,2
4,4,18,-0.605249,4.71192,2.65786,-0.805878,2.65786,1
3,1,19,2.31488,5.58806,2.73033,-0.805878,5.58806,1
3,7,39,1.72682,2.61966,0.982003,-0.317489,2.61966,1
1,12,93,0.447258,-0.00919929,-3.41916,-2.51688,-0.00919929,0
4,15,35,-1.73068,1.88448,1.44812,-0.805878,1.44812,1
1,10,22,3.49449,4.46389,2.39276,-0.805878,4.46389,1
3,20,45,-0.342158,-0.00878356,-0.989663,-0.351506,-0.00878356,1
4,7,70,-0.509207,-0.74427,-4.23657,-1.06699,-1.06699,0
3,15,37,0.915127,1.52253,0.962271,-0.077702,1.52253,1
4,9,17,-0.64769,-0.64769,2.67763,-0.805878,2.67763,2
4,17,17,-0.64769,-1.19634,2.67763,-0.805878,2.67763,2
3,5,17,3.56916,4.5127,2.67763,-0.805878,4.5127,1
2,9,85,-0.51964,1.0664,-5.14185,-2.10808,1.0664,1
4,4,17,-0.543395,4.68273,2.67763,-0.805878,2.67763,1
4,5,65,-0.557672,-0.0474688,-4.11009,-0.783219,-0.783219,1
4,5,64,-0.291745,-0.0773636,-3.84075,-0.813937,-3.84075,1
1,10,17,4.64885,4.77447,2.67763,-0.805878,4.77447,1
3,20,36,-0.386964,1.3335,1.45696,0.264588,1.3335,2
4,7,7,-0.247152,-0.247152,2.92731,-0.805878,2.92731,2
4,12,67,-3.62281,-2.00707,-4.33476,-0.933887,-0.933887,3
3,13,14,2.87009,3.03413,2.79075,-0.805878,3.03413,1
4,18,92,-5.14185,-5.14185,-6.43894,-2.39982,-2.39982,3
4,14,61,-3.28628,-3.26159,-3.77303,-0.607646,-0.607646,3
4,12,28,-1.27956,-1.27956,1.70711,-0.805878,1.70711,2
3,18,94,-2.38098,-2.73953,-3.41916,-2.55553,-2.73953,0
3,2,57,0.476157,-0.222041,-3.55909,-0.534181,-0.222041,0
3,4,54,0.788334,-0.620341,-3.28628,-0.56961,-0.620341,0
2,3,28,3.54101,3.62989,1.70711,-0.805878,3.62989,1
2,9,38,3.45409,3.08235,0.671689,-0.230343,3.08235,0
3,15,16,2.8676,2.78913,2.59926,-0.805878,2.78913,0
2,2,10,5.58518,5.30128,2.9161,-0.805878,5.30128,0
4,5,17,-0.64769,2.60448,2.67763,-0.805878,2.67763,2
4,13,52,-2.89315,-1.41368,-3.16282,-0.404636,-0.404636,3
4,5,32,-1.51638,2.12275,1.7249,-0.805878,1.7249,1
2,4,7,4.67449,2.52475,2.92731,-0.805878,2.52475,0
3,16,33,0.571531,2.25271,1.60775,-0.805878,2.25271,1
2,1,29,3.79652,4.12823,1.67657,-0.805878,4.12823,1
3,20,74,-0.86167,-1.09041,-4.86797,-1.45906,-1.09041,0
2,12,34,3.01037,4.40801,1.42834,-0.805878,4.40801,1
3,11,17,4.57235,4.34213,2.67763,-0.805878,4.34213,0
2,9,24,3.40722,4.27173,2.20454,-0.805878,4.27173,1
2,3,50,1.39632,3.01776,-2.70986,-0.510597,3.01776,1
4,17,48,-2.52467,-2.52467,-2.02538,-0.386848,-0.386848,3
2,16,93,-1.87449,-1.40164,-3.41916,-2.51688,-1.40164,1
3,13,75,-1.23011,-1.58665,-4.90201,-1.41384,-1.58665,0
3,11,59,-0.259064,-1.20805,-3.59803,-0.651593,-1.20805,0
1,19,38,3.09151,2.65616,0.671689,-0.230343,2.65616,0
2,19,20,2.75172,2.91334,2.55099,-0.805878,2.91334,1
3,6,12,3.96986,3.77318,2.93608,-0.805878,3.77318,0
3,11,70,-0.66441,-1.86035,-4.23657,-1.06699,-1.86035,0
2,16,88,-1.28524,-0.797296,-5.55605,-2.24038,-0.797296,1
3,13,72,-0.682616,-1.04518,-4.69937,-1.21867,-1.04518,0
1,19,37,3.28515,2.98289,0.962271,-0.077702,2.98289,0
2,19,25,3.09625,3.16526,2.04479,-0.805878,3.16526,1
3,6,9,3.26579,3.40618,2.89122,-0.805878,3.40618,1
1,12,31,3.65634,3.84083,1.72456,-0.805878,3.84083,1
2,2,7,5.7493,5.09603,2.92731,-0.805878,5.09603,0
1,12,23,3.92049,3.81814,2.09672,-0.805878,3.81814,0
1,20,28,3.54669,3.64593,1.70711,-0.805878,3.64593,1
4,16,22,-0.882782,-0.882782,2.39276,-0.805878,2.39276,2
4,12,71,-3.84075,-0.682095,-4.4203,-1.13959,-1.13959,1
2,9,48,2.14083,1.54303,-2.02538,-0.386848,1.54303,0
2,3,42,2.32249,2.25641,-0.0637023,-0.353411,2.32249,0
4,17,24,-1.02966,-1.02966,2.20454,-0.805878,2.20454,2
3,5,10,4.82557,5.60646,2.9161,-0.805878,5.60646,1
2,1,4,5.50317,5.20082,2.97261,-0.805878,5.20082,0
4,5,48,-0.0211972,2.73027,-2.02538,-0.386848,-2.02538,1
4,18,24,-1.02966,-1.02966,2.20454,-0.805878,2.20454,2
4,13,36,-1.77946,-1.76727,1.45696,0.264588,1.45696,2
2,13,32,2.60577,3.10998,1.7249,-0.805878,3.10998,1
3,8,14,2.83578,4.20405,2.79075,-0.805878,4.20405,1
3,2,62,0.457835,-0.76729,-3.86868,-0.735614,-0.76729,0
1,7,48,2.9321,2.89622,-2.02538,-0.386848,2.89622,0
3,4,9,4.25895,4.45813,2.89122,-0.805878,4.45813,1
2,16,91,-1.5991,-1.10904,-6.29331,-2.45927,-1.10904,1
3,13,73,-0.473561,-0.925935,-4.58061,-1.30758,-0.925935,0
3,11,57,0.10714,-1.13348,-3.55909,-0.534181,-1.13348,0
1,19,36,3.51025,3.3848,1.45696,0.264588,3.3848,0
2,19,22,2.97799,3.22734,2.39276,-0.805878,3.22734,1
3,6,14,3.87527,5.48298,2.79075,-0.805878,5.48298,1
2,1,80,1.05108,1.33355,-4.82344,-1.66435,1.33355,1
3,2,41,1.30986,1.689,0.201755,-0.28101,1.689,1
1,11,20,4.86992,4.7012,2.55099,-0.805878,4.7012,0
4,10,15,-0.479294,-0.479294,2.8676,-0.805878,2.8676,2
3,8,18,2.78493,4.11137,2.65786,-0.805878,4.11137,1
2,9,26,3.97811,4.61675,2.08517,-0.805878,4.61675,1
2,3,48,2.0585,3.08314,-2.02538,-0.386848,3.08314,1
4,17,50,-2.7155,-2.7155,-2.70986,-0.510597,-0.510597,3
2,12,70,1.21965,0.0432771,-4.23657,-1.06699,1.21965,0
2,7,7,4.12756,5.68178,2.92731,-0.805878,5.68178,1
4,12,31,-1.46886,-1.46886,1.72456,-0.805878,1.72456,2
2,17,82,-0.8727,-1.41533,-5.04662,-1.89873,-1.41533,0
1,17,34,3.79751,4.6844,1.42834,-0.805878,4.6844,1
3,19,79,-1.16775,-1.46469,-4.30456,-1.7295,-1.46469,0
3,3,6,3.89751,4.20889,2.97518,-0.805878,4.20889,1
4,1,5,6.25246,6.6067,2.97834,-0.805878,2.97834,1
3,2,61,0.173856,0.999825,-3.77303,-0.607646,0.999825,1
1,7,49,3.19852,3.03443,-2.3856,-0.416188,3.03443,0
3,4,10,3.50843,4.74535,2.9161,-0.805878,4.74535,1
3,8,13,4.60322,4.19909,2.91513,-0.805878,4.19909,0
4,13,54,-2.99027,-1.36241,-3.28628,-0.56961,-0.56961,3
4,5,66,-0.595658,-0.227795,-4.06104,-0.806488,-0.806488,1
4,4,6,-0.000670205,6.82698,2.97518,-0.805878,1.73739,1
3,2,35,3.16841,2.3533,1.44812,-0.805878,2.3533,0
1,7,35,3.77819,3.57837,1.44812,-0.805878,3.57837,0
3,4,28,2.03861,3.01928,1.70711,-0.805878,3.01928,1
2,11,17,3.80725,4.75799,2.67763,-0.805878,4.75799,1
2,13,18,2.94494,3.70186,2.65786,-0.805878,3.70186,1
1,1,55,2.37472,2.71608,-3.26052,-0.458097,2.71608,1
1,10,59,1.20807,1.76947,-3.59803,-0.651593,1.76947,1
2,12,45,1.54101,1.94702,-0.989663,-0.351506,1.94702,1
4,15,23,-0.967684,-0.967684,2.09672,-0.805878,2.09672,2
4,12,65,-3.5329,-2.03224,-4.11009,-0.783219,-0.783219,3
2,7,33,2.61479,2.62461,1.60775,-0.805878,2.62461,1
4,12,63,-3.43957,-1.86448,-4.03562,-0.692524,-0.692524,3
4,18,94,-5.60239,-5.60239,-3.41916,-2.55553,-2.55553,3
4,14,63,-3.43957,-3.39565,-4.03562,-0.692524,-0.692524,3
4,5,6,0.0171194,6.945,2.97518,-0.805878,2.97518,1
4,13,18,-0.728975,-0.728975,2.65786,-0.805878,2.65786,2
4,12,66,-3.59803,-2.00095,-4.06104,-0.806488,-0.806488,3
2,9,53,1.29706,0.326946,-3.24637,-0.595251,0.326946,0
2,3,41,2.70753,2.60693,0.201755,-0.28101,2.70753,0
4,17,29,-1.34672,-1.34672,1.67657,-0.805878,1.67657,2
3,5,5,5.2331,4.90918,2.97834,-0.805878,4.90918,0
4,5,44,2.12779,0.385892,-0.646582,-0.45329,-0.333407,0
4,18,28,-1.27956,-1.27956,1.70711,-0.805878,1.70711,2
4,13,40,-2.00091,0.126264,0.424054,-0.32524,0.424054,2
3,11,58,-0.663704,-1.16494,-3.5329,-0.497556,-1.16494,3
1,19,25,3.25042,3.55675,2.04479,-0.805878,3.25042,1
2,19,21,0.828411,2.81957,2.59473,-0.805878,2.81957,1
3,6,13,3.54868,4.16694,2.91513,-0.805878,4.16694,1
3,11,63,-0.964509,-1.40779,-4.03562,-0.692524,-1.40779,3
2,12,25,3.12375,3.21886,2.04479,-0.805878,3.21886,1
1,10,55,1.94,2.21404,-3.26052,-0.458097,2.21404,1
3,11,24,2.6645,2.29956,2.20454,-0.805878,2.29956,0
4,8,16,-0.543395,2.25679,2.59926,-0.805878,2.59926,2
2,10,27,4.41523,3.98021,1.79261,-0.805878,3.98021,0
4,5,22,-0.831661,0.903252,2.39276,-0.805878,2.39276,2
2,12,33,2.79099,4.5225,1.60775,-0.805878,4.5225,1
3,11,16,2.92481,4.22995,2.59926,-0.805878,4.22995,1
4,13,51,-2.78547,-1.44151,-3.03783,-0.448822,-0.448822,3
4,5,33,-1.69496,0.923087,1.60775,-0.805878,1.60775,2
3,11,71,-0.491739,0.569936,-4.4203,-1.13959,0.569936,1
2,16,89,-1.6318,-1.0417,-5.75042,-2.39784,-1.0417,1
3,13,71,-0.297418,-1.09799,-4.4203,-1.13959,-1.09799,0
1,19,34,3.24311,2.94878,1.42834,-0.805878,3.24311,0
3,10,93,-3.06492,-0.724756,-3.41916,-2.51688,-0.724756,1
2,19,24,3.37328,3.42595,2.20454,-0.805878,3.42595,1
3,6,8,2.56898,3.30574,2.93668,-0.805878,3.30574,1
4,7,17,-0.64769,-0.64769,2.67763,-0.805878,2.67763,2
2,5,20,4.41723,4.47251,2.55099,-0.805878,4.47251,1
2,1,5,6.25763,4.80404,2.97834,-0.805878,4.80404,0
2,13,35,3.10852,2.93367,1.44812,-0.805878,2.93367,0
4,5,49,-0.41633,2.64446,-2.3856,-0.416188,-2.3856,1
4,18,25,-1.10732,-1.10732,2.04479,-0.805878,-1.10732,2
4,13,35,-1.73068,-1.7112,1.44812,-0.805878,1.44812,2
1,12,16,3.97708,3.90209,2.59926,-0.805878,3.90209,0
3,8,82,-1.4511,-1.35232,-5.04662,-1.89873,-1.35232,1
3,7,8,2.91136,2.69335,2.93668,-0.805878,2.69335,2
4,6,39,-1.93459,0.570049,0.982003,-0.317489,0.982003,2
2,3,47,2.33225,3.04703,-1.66582,-0.377744,3.04703,1
2,9,55,0.934356,-0.414315,-3.26052,-0.458097,-0.414315,0
3,4,39,1.62728,3.55497,0.982003,-0.317489,3.55497,1
1,12,88,0.846824,0.0396205,-5.55605,-2.24038,0.0396205,0
4,15,88,-4.70389,-4.70389,-5.55605,-2.24038,-2.24038,3
4,19,19,-0.760146,-0.760146,2.73033,-0.805878,2.73033,2
3,2,8,4.63123,2.4604,2.93668,-0.805878,2.4604,0
4,20,92,-5.14185,-5.14185,-6.43894,-2.39982,-2.39982,3
2,5,39,3.56885,3.00262,0.982003,-0.317489,3.56885,0
4,12,64,-3.55909,-1.97904,-3.84075,-0.813937,-0.813937,3
2,7,96,-0.0744023,-0.463671,-3.41916,-2.99602,-0.463671,0
4,12,62,-3.26052,-1.56787,-3.86868,-0.735614,-0.735614,3
3,13,13,2.93279,2.86725,2.91513,-0.805878,2.86725,0
4,18,95,-5.55605,-5.55605,-3.41916,-2.85377,-2.85377,3
4,14,60,-3.24637,-3.25351,-3.62281,-0.563066,-0.563066,3
4,5,7,-0.247152,6.945,2.92731,-0.805878,2.92731,1
4,13,17,-0.64769,-0.64769,2.67763,-0.805878,2.67763,2
3,14,77,-1.40787,-0.969569,-4.67517,-1.58996,-0.969569,1
2,19,58,-0.150309,0.387319,-3.5329,-0.497556,0.387319,1
3,11,60,0.0164361,-1.29871,-3.62281,-0.563066,-1.29871,0
1,12,72,1.10286,0.664694,-4.69937,-1.21867,0.664694,0
4,15,72,-4.11009,-3.63645,-4.69937,-1.21867,-1.21867,3
3,1,31,4.36912,2.27801,1.72456,-0.805878,2.27801,0
3,7,35,1.45291,1.70515,1.44812,-0.805878,1.70515,1
1,12,89,0.713661,0.127265,-5.75042,-2.39784,0.127265,0
4,15,39,-1.93459,-1.41672,0.982003,-0.317489,-0.317489,2
3,8,40,1.85432,2.27759,0.424054,-0.32524,2.27759,1
2,13,34,2.89403,2.80264,1.42834,-0.805878,2.80264,0
4,5,59,-0.166765,0.197108,-3.59803,-0.651593,-3.59803,1
4,13,29,-1.34672,-1.34672,1.67657,-0.805878,1.67657,2
3,8,27,2.2091,3.49151,1.79261,-0.805878,3.49151,1
2,10,20,4.13584,4.12116,2.55099,-0.805878,4.12116,0
1,12,94,0.373793,-0.142436,-3.41916,-2.55553,-0.142436,0
4,15,34,-1.65275,1.92993,1.42834,-0.805878,1.42834,1
4,7,24,-1.02966,-1.02966,2.20454,-0.805878,2.20454,2
2,5,11,4.30358,4.75991,2.80572,-0.805878,4.75991,1
4,15,30,-1.41916,-1.41916,1.53923,-0.805878,1.53923,2
4,3,35,0.674639,2.45104,1.44812,-0.805878,1.44812,1
2,16,40,1.9862,2.51827,0.424054,-0.32524,2.51827,1
3,8,61,-0.195628,0.569142,-3.77303,-0.607646,0.569142,1
3,2,84,-1.03458,-0.645122,-5.35927,-2.00544,-0.645122,1
1,8,83,0.819024,0.323934,-5.22327,-1.89942,0.323934,0
4,10,16,-0.543395,3.20086,2.59926,-0.805878,2.59926,1
2,1,19,4.68808,5.49745,2.73033,-0.805878,5.49745,1
3,7,98,-1.38852,-1.44588,-3.41916,-3.12829,-1.44588,0
3,1,94,0.413132,-0.880791,-3.41916,-2.55553,-0.880791,0
2,10,21,4.08017,4.10208,2.59473,-0.805878,4.08017,1
1,12,95,0.210735,-0.345085,-3.41916,-2.85377,-0.345085,0
4,15,33,-1.57416,1.97577,1.60775,-0.805878,0.584948,1
3,1,73,0.560246,2.26782,-4.58061,-1.30758,2.26782,1
3,7,93,-1.23954,-1.13534,-3.41916,-2.51688,-1.13534,1
1,6,77,0.844507,1.10181,-4.67517,-1.58996,1.10181,1
4,11,29,-1.34672,-1.34672,1.67657,-0.805878,1.67657,2
4,2,16,2.08426,-0.543395,2.59926,-0.805878,-0.674636,2
3,10,38,1.65005,2.71229,0.671689,-0.230343,2.71229,1
3,11,95,-2.56421,-1.61472,-3.41916,-2.85377,-1.61472,1
3,12,15,2.90184,4.22967,2.8676,-0.805878,4.22967,1
2,17,79,-1.41823,-1.19385,-4.30456,-1.7295,-1.19385,1
1,17,53,1.5099,1.5892,-3.24637,-0.595251,1.5099,1
4,1,16,1.05527,-0.543395,2.59926,-0.805878,-0.584848,2
2,4,9,4.69485,5.47283,2.89122,-0.805878,4.69485,1
3,16,47,-0.0879945,-0.293217,-1.66582,-0.377744,-0.293217,0
4,9,15,-0.479294,-0.479294,2.8676,-0.805878,2.8676,2
3,16,46,0.0142074,-0.076222,-1.27338,-0.395639,-0.076222,0
2,4,8,5.11378,3.97691,2.93668,-0.805878,3.97691,0
3,1,71,0.392247,2.02653,-4.4203,-1.13959,2.02653,1
4,8,15,-0.479294,-0.479294,2.8676,-0.805878,2.8676,2
1,7,38,3.35572,3.20481,0.671689,-0.230343,3.20481,0
3,4,31,2.02336,2.82099,1.72456,-0.805878,2.82099,1
3,2,32,3.38299,2.71065,1.7249,-0.805878,2.71065,0
2,9,75,-0.306963,0.996807,-4.90201,-1.41384,-0.306963,1
4,6,15,-0.479294,-0.479294,2.8676,-0.805878,2.8676,2
4,9,16,-0.543395,2.84825,2.59926,-0.805878,2.59926,1
2,12,32,3.02762,2.74536,1.7249,-0.805878,2.74536,0
3,11,19,2.85294,2.80946,2.73033,-0.805878,2.80946,0
4,13,50,-2.7155,-2.7155,-2.70986,-0.510597,-2.70986,3
4,18,22,-0.882782,-0.882782,2.39276,-0.805878,2.39276,2
4,5,38,-1.97519,0.370944,0.671689,-0.230343,0.671689,2
3,11,86,-1.92214,-1.06334,-5.61978,-2.01828,-1.06334,1
3,12,22,2.13415,4.05498,2.39276,-0.805878,4.05498,1
3,1,88,0.623502,-0.59743,-5.55605,-2.24038,-0.59743,0
4,8,12,-0.438248,-0.438248,2.93608,-0.805878,2.93608,2
4,9,62,-3.25967,-2.76017,-3.86868,-0.735614,-3.86868,3
2,10,32,3.23541,3.7322,1.7249,-0.805878,3.7322,1
4,4,15,0.0629234,-0.479294,2.8676,-0.805878,2.8676,2
2,12,21,3.23973,4.11689,2.59473,-0.805878,4.11689,1
4,9,70,-3.80491,-3.47154,-4.23657,-1.06699,-1.06699,3
1,12,24,4.45455,3.95169,2.20454,-0.805878,3.95169,0
4,15,24,-1.02966,-1.02966,2.20454,-0.805878,2.20454,2
3,18,81,-1.49121,-1.75887,-4.70389,-1.77463,-1.75887,0
4,12,69,-3.86868,-2.18014,-4.38821,-0.937499,-0.937499,3
2,9,50,2.25941,1.49867,-2.70986,-0.510597,1.49867,0
2,3,40,3.14641,3.12672,0.424054,-0.32524,3.14641,0
4,17,26,-1.12974,-1.12974,2.08517,-0.805878,2.08517,2
1,7,37,3.47703,3.32724,0.962271,-0.077702,3.32724,0
3,4,30,1.2501,2.671,1.53923,-0.805878,2.671,1
3,2,33,3.54161,3.36437,1.60775,-0.805878,3.36437,0
2,9,74,-0.316513,0.893709,-4.86797,-1.45906,0.893709,1
4,6,8,-0.304695,-0.0572029,2.93668,-0.805878,2.93668,2
1,12,26,3.70623,3.21245,2.08517,-0.805878,3.21245,0
4,9,72,-4.11009,-3.77489,-4.69937,-1.21867,-1.21867,3
2,10,22,3.58114,3.63769,2.39276,-0.805878,3.63769,1
1,12,80,1.01562,0.505031,-4.82344,-1.66435,0.505031,0
4,15,32,-1.51638,-1.51638,1.7249,-0.805878,1.7249,2
2,1,52,2.47721,2.61447,-3.16282,-0.404636,2.61447,1
1,12,30,3.85727,3.94632,1.53923,-0.805878,3.94632,1
2,14,92,-1.22176,-0.752345,-6.43894,-2.39982,-0.752345,1
3,10,33,2.26304,3.24426,1.60775,-0.805878,3.24426,1
3,8,26,2.23423,3.68381,2.08517,-0.805878,3.68381,1
3,4,49,1.06595,1.30411,-2.3856,-0.416188,1.30411,1
3,2,6,4.27773,3.57486,2.97518,-0.805878,4.27773,0
1,20,27,2.50443,3.93931,1.79261,-0.805878,3.93931,1
4,16,19,-0.760146,-0.760146,2.73033,-0.805878,2.73033,2
2,1,56,2.73643,2.48412,-3.43957,-0.474568,2.48412,0
3,8,15,2.59465,3.86449,2.8676,-0.805878,3.86449,1
4,16,24,-1.02966,-1.02966,2.20454,-0.805878,2.20454,2
3,11,74,-0.541311,0.107398,-4.86797,-1.45906,0.107398,1
3,12,26,1.45445,2.11002,2.08517,-0.805878,2.11002,1
3,2,63,-0.0579394,-0.945502,-4.03562,-0.692524,-0.945502,0
3,4,8,4.76825,3.88941,2.93668,-0.805878,3.88941,0
2,2,6,3.92779,4.65031,2.97518,-0.805878,4.65031,1
1,20,31,3.70547,3.61958,1.72456,-0.805878,3.61958,0
4,16,23,-0.967684,-0.967684,2.09672,-0.805878,2.09672,2
4,12,70,-4.03562,-2.22523,-4.23657,-1.06699,-1.06699,3
4,17,25,-1.10732,-1.10732,2.04479,-0.805878,2.04479,2
3,5,9,2.8682,4.2606,2.89122,-0.805878,4.2606,1
3,8,20,4.11495,3.12287,2.55099,-0.805878,3.12287,0
2,1,78,1.01515,1.41172,-4.65291,-1.66623,1.41172,1
3,2,60,0.23965,1.25783,-3.62281,-0.563066,1.25783,1
1,7,50,2.90399,3.01188,-2.70986,-0.510597,3.01188,1
3,4,11,3.66384,4.70804,2.80572,-0.805878,4.70804,1
3,8,12,2.821,3.19345,2.93608,-0.805878,3.19345,1
1,12,22,4.21992,3.84224,2.39276,-0.805878,3.84224,0
1,20,29,3.90658,3.96121,1.67657,-0.805878,3.96121,1
4,16,21,-0.867753,-0.867753,2.59473,-0.805878,2.59473,2
4,5,50,-0.503609,2.40645,-2.70986,-0.510597,0.462466,1
4,14,99,-6.43894,-6.43894,-3.41916,-3.35117,-3.35117,3
4,18,26,-1.12974,-1.12974,2.08517,-0.805878,2.08517,2
4,13,38,-1.89425,-1.88234,0.671689,-0.230343,0.671689,2
4,5,24,-0.952464,0.590969,2.20454,-0.805878,2.20454,2
4,5,45,0.190025,2.27282,-0.989663,-0.351506,-0.989663,1
4,14,98,-6.29331,-6.29331,-3.41916,-3.12829,-3.12829,3
4,18,29,-1.34672,-1.34672,1.67657,-0.805878,1.67657,2
4,13,39,-1.93459,0.322584,0.982003,-0.317489,-0.317489,2
1,12,21,4.51801,4.06665,2.59473,-0.805878,4.06665,0
4,16,20,-0.805878,-0.805878,2.55099,-0.805878,2.55099,2
4,1,53,1.94114,-0.913595,-3.24637,-0.595251,-0.911582,0
3,10,14,2.84824,3.89812,2.79075,-0.805878,3.89812,1
3,4,59,-0.12223,0.664075,-3.59803,-0.651593,0.664075,1
3,2,12,3.98246,2.66182,2.93608,-0.805878,2.66182,0
2,12,69,1.11081,0.169408,-4.38821,-0.937499,0.169408,0
3,7,12,3.41551,3.88923,2.93608,-0.805878,3.88923,1
2,1,98,-0.663337,0.244228,-3.41916,-3.12829,0.244228,1
2,4,4,4.79862,5.64379,2.97261,-0.805878,5.64379,1
3,16,34,0.362842,2.2272,1.42834,-0.805878,2.2272,1
2,2,2,5.30962,5.81145,2.95846,-0.805878,5.30962,1
2,20,99,-2.2771,-1.73549,-3.41916,-3.35117,-1.73549,1
4,9,12,-0.438248,-0.438248,2.93608,-0.805878,2.93608,2
2,9,52,1.12803,0.238179,-3.16282,-0.404636,0.238179,0
2,3,46,1.78358,3.18401,-1.27338,-0.395639,1.78358,1
4,17,28,-1.27956,-1.27956,1.70711,-0.805878,1.70711,2
3,5,6,2.77501,4.96062,2.97518,-0.805878,4.96062,1
4,5,47,0.121025,2.45245,-1.66582,-0.377744,-1.66582,1
4,18,31,-1.46886,-1.46886,1.72456,-0.805878,1.72456,2
4,13,41,-2.08792,-0.132502,0.201755,-0.28101,-0.28101,2
4,5,21,-0.779203,0.844287,2.59473,-0.805878,2.59473,2
3,10,37,1.78888,2.8012,0.962271,-0.077702,2.8012,1
3,11,80,-0.949476,-0.477712,-4.82344,-1.66435,-0.477712,1
3,12,16,2.89136,2.12955,2.59926,-0.805878,2.12955,0
2,2,4,5.80142,5.10915,2.97261,-0.805878,5.10915,0
4,9,14,-0.580929,-0.580929,2.79075,-0.805878,2.79075,2
3,1,70,-1.26497,0.229044,-4.23657,-1.06699,0.229044,1
4,8,14,-0.580929,-0.580929,2.79075,-0.805878,2.79075,2
4,6,14,-0.580929,-0.580929,2.79075,-0.805878,2.79075,2
2,19,19,2.80665,2.7982,2.73033,-0.805878,2.7982,0
3,11,87,-3.007,-1.12788,-5.60239,-2.09737,-1.12788,1
3,12,23,2.02841,3.91525,2.09672,-0.805878,3.91525,1
1,20,65,0.291652,0.173084,-4.11009,-0.783219,0.173084,0
4,14,39,-1.93459,-1.24805,0.982003,-0.317489,-0.317489,2
4,5,14,-0.496319,5.87596,2.79075,-0.805878,2.79075,1
4,9,61,-3.19067,-2.75015,-3.77303,-0.607646,-0.607646,3
4,10,12,-0.438248,-0.438248,2.93608,-0.805878,2.93608,2
1,11,19,4.65097,4.04031,2.73033,-0.805878,4.04031,0
4,8,74,-4.33476,-4.0629,-4.86797,-1.45906,-4.0629,3
2,10,33,2.69801,3.55592,1.60775,-0.805878,2.69801,1
4,4,14,0.654619,5.87596,2.79075,-0.805878,2.79075,1
4,15,74,-4.33476,-3.81052,-4.86797,-1.45906,-1.45906,3
4,15,25,-1.10732,-1.10732,2.04479,-0.805878,2.04479,2
3,1,67,-1.02788,0.329246,-4.33476,-0.933887,0.329246,1
3,7,87,-1.00805,-0.727122,-5.60239,-2.09737,-0.727122,1
3,18,86,-1.66046,-1.76147,-5.61978,-2.01828,-1.76147,0
1,7,60,2.03298,2.48222,-3.62281,-0.563066,2.48222,1
3,4,5,4.90484,4.40841,2.97834,-0.805878,4.40841,0
2,2,54,1.58601,2.80061,-3.28628,-0.56961,1.58601,1
4,18,84,-4.67517,-4.67517,-5.35927,-2.00544,-2.00544,3
4,14,53,-2.88215,-2.79846,-3.24637,-0.595251,-0.595251,3
3,20,25,2.20454,2.24169,2.04479,-0.805878,2.20454,1
4,6,12,-0.438248,4.3956,2.93608,-0.805878,2.93608,1
3,1,80,0.297553,1.71336,-4.82344,-1.66435,1.71336,1
2,10,23,3.44441,3.65015,2.09672,-0.805878,3.65015,1
2,7,68,0.167755,0.798309,-4.27007,-1.01066,0.798309,1
4,8,97,-6.05291,-6.05291,-3.41916,-2.81209,-2.81209,3
2,10,52,0.568693,1.22347,-3.16282,-0.404636,0.568693,1
4,9,42,-2.16262,-0.13174,-0.0637023,-0.353411,-0.353411,2
2,20,81,-1.06006,-1.11894,-4.70389,-1.77463,-1.11894,0
3,11,41,1.38076,0.296619,0.201755,-0.28101,0.296619,0
3,12,34,0.767041,2.24547,1.42834,-0.805878,2.24547,1
4,6,86,-4.30456,-4.30456,-5.61978,-2.01828,-2.01828,3
1,12,28,4.0405,4.02813,1.70711,-0.805878,4.02813,0
3,1,66,0.148108,0.647521,-4.06104,-0.806488,0.647521,1
3,7,86,-0.574083,-0.524975,-5.61978,-2.01828,-0.524975,1
3,18,87,-1.72768,-1.91803,-5.60239,-2.09737,-1.91803,0
4,15,26,-1.12974,-1.12974,2.08517,-0.805878,2.08517,2
2,1,62,1.90985,2.03697,-3.86868,-0.735614,2.03697,1
4,17,97,-6.05291,-6.05291,-3.41916,-2.81209,-2.81209,3
2,11,24,3.4709,4.30322,2.20454,-0.805878,4.30322,1
2,1,81,0.905596,1.35785,-4.70389,-1.77463,1.35785,1
3,2,40,2.18844,1.81644,0.424054,-0.32524,1.81644,0
3,8,17,3.30404,3.50164,2.67763,-0.805878,3.50164,1
4,6,30,-1.41916,2.3732,1.53923,-0.805878,1.53923,1
2,14,43,1.86039,2.54419,-0.351569,-0.382527,2.54419,1
3,8,10,2.77911,3.74335,2.9161,-0.805878,3.74335,1
2,2,30,4.35924,3.84694,1.53923,-0.805878,3.84694,0
2,2,11,5.29579,5.23788,2.80572,-0.805878,5.29579,0
3,5,37,2.17913,3.62966,0.962271,-0.077702,3.62966,1
2,3,9,3.8603,4.36317,2.89122,-0.805878,4.36317,1
2,1,72,0.933412,1.63036,-4.69937,-1.21867,1.63036,1
4,13,48,-2.52467,-2.52467,-2.02538,-0.386848,-2.02538,3
4,5,36,-1.86698,0.859667,1.45696,0.264588,1.45696,2
4,18,20,-0.805878,-0.805878,2.55099,-0.805878,2.55099,2
2,7,25,4.89131,4.59039,2.04479,-0.805878,4.59039,0
1,7,43,3.10253,2.86989,-0.351569,-0.382527,2.86989,0
3,4,20,3.49725,4.17082,2.55099,-0.805878,4.17082,1
3,9,92,-2.26844,-1.55736,-6.43894,-2.39982,-1.55736,1
3,17,30,1.86946,1.19419,1.53923,-0.805878,1.19419,0
1,20,30,3.76055,3.71594,1.53923,-0.805878,3.71594,0
4,16,16,-0.543395,-0.543395,2.59926,-0.805878,2.59926,2
4,17,31,-1.46886,-1.46886,1.72456,-0.805878,1.72456,2
3,5,7,3.17948,2.27305,2.92731,-0.805878,2.27305,0
4,6,38,-1.93662,-0.477884,0.671689,-0.230343,0.671689,2
3,4,56,-0.031403,-0.605734,-3.43957,-0.474568,-0.605734,0
3,2,15,4.3625,1.12778,2.8676,-0.805878,1.12778,0
3,7,9,1.76902,-1.1356,2.89122,-0.805878,-1.1356,2
4,17,30,-1.41916,-1.41916,1.53923,-0.805878,1.53923,2
2,11,19,4.42307,3.6557,2.73033,-0.805878,3.6557,0
3,9,90,-1.99999,-1.50303,-6.05291,-2.36134,-1.50303,1
3,17,24,2.4944,3.72028,2.20454,-0.805878,3.72028,1
1,12,81,0.721862,0.101758,-4.70389,-1.77463,0.101758,0
4,15,47,-2.47724,-2.47724,-1.66582,-0.377744,-0.377744,3
2,5,8,4.08153,2.92757,2.93668,-0.805878,2.92757,0
2,10,53,0.382891,0.876103,-3.24637,-0.595251,0.876103,1
4,9,41,-2.08792,0.0296176,0.201755,-0.28101,-0.28101,2
3,11,40,1.47629,0.774425,0.424054,-0.32524,0.774425,0
3,9,86,-2.17837,-1.21614,-5.61978,-2.01828,-1.21614,1
4,8,61,-3.15288,-2.13533,-3.77303,-0.607646,-0.607646,3
4,5,52,0.432548,0.556569,-3.16282,-0.404636,-3.16282,1
4,13,32,-1.51638,-1.51638,1.7249,-0.805878,1.7249,2
3,11,43,1.11049,0.129289,-0.351569,-0.382527,0.129289,0
2,10,54,0.622725,1.04107,-3.28628,-0.56961,1.04107,1
4,9,40,-2.00091,-0.0869796,0.424054,-0.32524,-0.32524,2
2,17,73,-0.377989,-0.443094,-4.58061,-1.30758,-0.443094,0
3,6,42,1.15064,1.0659,-0.0637023,-0.353411,1.0659,0
3,4,50,1.23479,1.61791,-2.70986,-0.510597,1.61791,1
3,2,5,5.17025,3.59762,2.97834,-0.805878,3.59762,0
2,1,73,1.26079,1.58034,-4.58061,-1.30758,1.58034,1
4,6,37,-1.86995,-0.40617,0.962271,-0.077702,0.962271,2
3,4,57,1.19444,0.951964,-3.55909,-0.534181,0.951964,0
3,2,14,3.18131,6.18347,2.79075,-0.805878,6.18347,1
3,1,10,4.94091,5.53728,2.9161,-0.805878,5.53728,1
3,7,30,1.91415,1.9525,1.53923,-0.805878,1.9525,1
3,10,22,3.25229,3.80911,2.39276,-0.805878,3.80911,1
2,12,71,-0.179028,-0.55126,-4.4203,-1.13959,-0.55126,0
3,7,10,1.80834,3.77636,2.9161,-0.805878,3.77636,1
3,11,20,1.79105,3.06606,2.55099,-0.805878,3.06606,1
3,1,89,0.666425,-2.03372,-5.75042,-2.39784,-2.03372,0
4,8,13,-0.496319,-0.496319,2.91513,-0.805878,2.91513,2
3,8,60,-1.82022,0.665411,-3.62281,-0.563066,0.665411,1
3,2,75,0.98573,-0.0716889,-4.90201,-1.41384,-0.0716889,0
1,8,82,0.822971,0.391062,-5.04662,-1.89873,0.391062,0
4,10,17,-0.64769,-0.64769,2.67763,-0.805878,2.67763,2
4,7,9,-0.323307,-0.323307,2.89122,-0.805878,2.89122,2
3,4,7,2.95058,1.61891,2.92731,-0.805878,1.61891,0
4,1,18,4.22535,4.71192,2.65786,-0.805878,3.92395,1
3,8,11,2.7958,2.89104,2.80572,-0.805878,2.89104,1
4,5,54,-0.18655,0.637476,-3.28628,-0.56961,-3.28628,1
4,13,34,-1.65275,-1.6331,1.42834,-0.805878,1.42834,2
2,7,32,3.12739,3.44219,1.7249,-0.805878,3.44219,1
4,12,60,-3.24637,-1.58588,-3.62281,-0.563066,-0.563066,3
4,18,81,-4.86797,-4.86797,-4.70389,-1.77463,-1.77463,3
4,14,62,-3.26052,-3.34165,-3.86868,-0.735614,-0.735614,3
4,13,19,-0.760146,-0.760146,2.73033,-0.805878,2.73033,2
2,7,28,3.54834,3.80446,1.70711,-0.805878,3.54834,1
3,9,91,-2.18877,-1.58929,-6.29331,-2.45927,-1.58929,1
3,17,27,2.33003,3.24555,1.79261,-0.805878,3.24555,1
2,11,20,4.17722,4.77215,2.55099,-0.805878,4.77215,1
4,5,62,-0.164565,0.20732,-3.86868,-0.735614,-0.735614,1
4,18,86,-4.30456,-4.30456,-5.61978,-2.01828,-2.01828,3
3,20,27,2.08517,1.4644,1.79261,-0.805878,1.4644,0
4,14,55,-3.02202,-2.93881,-3.26052,-0.458097,-0.458097,3
3,1,69,0.0383586,0.521136,-4.38821,-0.937499,0.521136,1
4,8,9,-0.323307,-0.323307,2.89122,-0.805878,2.89122,2
3,16,40,2.83229,0.237707,0.424054,-0.32524,0.237707,0
2,4,14,5.06415,5.72282,2.79075,-0.805878,5.72282,1
3,10,40,2.09538,2.31325,0.424054,-0.32524,2.31325,1
1,20,25,3.33438,3.75862,2.04479,-0.805878,3.75862,1
4,16,17,-0.64769,-1.19634,2.67763,-0.805878,2.67763,2
3,11,85,-0.988225,-0.680701,-5.14185,-2.10808,-0.680701,1
3,12,21,2.23945,4.1791,2.59473,-0.805878,4.1791,1
4,13,53,-2.88215,-1.29968,-3.24637,-0.595251,-0.595251,3
4,5,35,-1.8143,0.876889,1.44812,-0.805878,1.44812,2
3,8,39,2.00432,2.07037,0.982003,-0.317489,2.07037,1
3,2,94,-0.543115,-0.997199,-3.41916,-2.55553,-0.997199,0
3,1,81,0.0822923,1.65302,-4.70389,-1.77463,1.65302,1
2,10,16,4.12249,4.39114,2.59926,-0.805878,4.39114,1
1,12,82,0.722378,0.249546,-5.04662,-1.89873,0.249546,0
4,15,46,-2.41163,-2.41163,-1.27338,-0.395639,-0.395639,3
2,5,7,5.13696,3.69292,2.92731,-0.805878,5.13696,0
4,6,13,-0.496319,-0.496319,2.91513,-0.805878,2.91513,2
4,9,56,-3.00085,-2.49349,-3.43957,-0.474568,-0.474568,3
1,11,22,4.60047,4.82871,2.39276,-0.805878,4.82871,1
2,10,38,2.39492,3.21066,0.671689,-0.230343,3.21066,1
4,4,13,-0.496319,1.76692,2.91513,-0.805878,2.91513,2
2,12,35,3.00727,4.50762,1.44812,-0.805878,4.50762,1
3,11,30,2.02856,2.19754,1.53923,-0.805878,2.19754,1
3,1,68,-0.16389,0.273295,-4.27007,-1.01066,-0.16389,1
4,8,8,-0.304695,-0.242002,2.93668,-0.805878,2.93668,2
3,11,82,-1.57365,-0.573391,-5.04662,-1.89873,-0.573391,1
3,12,18,1.24657,3.76257,2.65786,-0.805878,3.76257,1
2,7,30,3.62242,3.55486,1.53923,-0.805878,3.55486,0
3,2,38,2.53205,2.33743,0.671689,-0.230343,2.33743,0
1,7,40,3.87859,3.39172,0.424054,-0.32524,3.39172,0
3,4,17,4.4395,3.89698,2.67763,-0.805878,3.89698,0
3,9,89,-3.19666,-1.55879,-5.75042,-2.39784,-1.55879,1
3,17,29,2.04269,1.27421,1.67657,-0.805878,1.27421,0
2,11,22,4.12954,4.39786,2.39276,-0.805878,4.39786,1
1,3,74,1.35085,0.540001,-4.86797,-1.45906,0.540001,0
4,17,70,-4.03562,-1.76758,-4.23657,-1.06699,-1.06699,3
4,5,60,-0.00241859,0.147062,-3.62281,-0.563066,-0.563066,1
1,12,83,0.716781,0.243203,-5.22327,-1.89942,0.243203,0
4,15,45,-2.28561,-2.28561,-0.989663,-0.351506,-0.351506,3
2,5,6,4.72913,4.81106,2.97518,-0.805878,4.72913,1
4,7,12,-0.438248,0.250631,2.93608,-0.805878,2.93608,2
4,5,57,-0.117792,0.346981,-3.55909,-0.534181,-3.55909,1
4,6,42,-2.16262,0.448138,-0.0637023,-0.353411,-0.0637023,1
3,4,60,0.874264,0.605055,-3.62281,-0.563066,0.605055,0
3,2,3,5.25617,3.61737,3,-0.805878,5.25617,0
2,12,68,1.37807,0.399173,-4.27007,-1.01066,0.399173,0
3,7,13,3.69188,4.09067,2.91513,-0.805878,4.09067,1
3,10,30,2.3644,2.92315,1.53923,-0.805878,2.92315,1
3,1,2,5.86674,4.85088,2.95846,-0.805878,4.85088,0
3,7,22,2.90453,2.70482,2.39276,-0.805878,2.70482,0
3,8,42,1.36646,2.02483,-0.0637023,-0.353411,2.02483,1
2,1,99,-0.728624,0.205959,-3.41916,-3.35117,0.205959,1
2,4,5,4.67882,5.02573,2.97834,-0.805878,5.02573,1
3,16,35,0.420792,2.08014,1.44812,-0.805878,2.08014,1
3,8,22,2.23554,2.85048,2.39276,-0.805878,2.85048,1
2,1,76,1.1587,1.39364,-4.75214,-1.45125,1.39364,1
4,5,34,-1.74524,0.846969,1.42834,-0.805878,1.42834,2
1,12,84,0.91455,0.374526,-5.35927,-2.00544,0.374526,0
4,15,44,-2.26409,-1.73679,-0.646582,-0.45329,-0.45329,3
2,5,5,4.44144,5.53644,2.97834,-0.805878,5.53644,1
3,11,42,0.98344,0.315905,-0.0637023,-0.353411,0.315905,0
2,20,96,-2.11478,-1.53656,-3.41916,-2.99602,-1.53656,1
4,9,13,-0.496319,-0.496319,2.91513,-0.805878,2.91513,2
2,2,3,5.88523,5.5377,3,-0.805878,5.5377,0
4,12,26,-1.12974,-0.296719,2.08517,-0.805878,2.08517,2
4,7,15,-0.479294,-0.479294,2.8676,-0.805878,2.8676,2
4,9,63,-3.27769,-2.91318,-4.03562,-0.692524,-4.03562,3
2,10,39,2.98642,3.3057,0.982003,-0.317489,3.3057,1
4,4,12,-0.370928,5.93666,2.93608,-0.805878,2.93608,1
3,8,88,-1.60187,-1.26313,-5.55605,-2.24038,-1.26313,1
3,19,75,-0.892602,-1.22569,-4.90201,-1.41384,-1.22569,0
4,9,64,-3.3202,-3.00419,-3.84075,-0.813937,-0.813937,3
2,16,31,2.79269,2.57299,1.72456,-0.805878,2.57299,0
4,3,40,-0.12988,1.88416,0.424054,-0.32524,1.88416,1
3,10,11,4.26828,3.419,2.80572,-0.805878,3.419,0
3,5,42,1.82681,1.60585,-0.0637023,-0.353411,1.60585,0
2,3,10,4.95901,5.61341,2.9161,-0.805878,4.95901,1
3,11,39,1.56437,0.994982,0.982003,-0.317489,0.994982,0
1,11,42,2.83675,3.57484,-0.0637023,-0.353411,3.57484,1
2,10,58,0.318003,0.568568,-3.5329,-0.497556,0.568568,1
4,9,36,-1.77946,-1.77946,1.45696,0.264588,0.264588,2
2,15,15,3.13069,4.02448,2.8676,-0.805878,4.02448,1
2,10,68,-0.00772347,0.199548,-4.27007,-1.01066,0.199548,1
2,7,20,3.76246,2.89972,2.55099,-0.805878,2.89972,0
4,9,26,-1.12974,0.950271,2.08517,-0.805878,2.08517,2
3,15,30,1.85254,2.36249,1.53923,-0.805878,2.36249,1
2,2,8,4.8239,4.10527,2.93668,-0.805878,4.10527,0
3,15,36,0.940409,1.79183,1.45696,0.264588,1.79183,1
4,7,65,-0.153491,-0.287172,-4.11009,-0.783219,-0.783219,0
2,7,29,3.6447,3.77759,1.67657,-0.805878,3.77759,1
3,2,39,2.31341,1.69544,0.982003,-0.317489,1.69544,0
1,7,39,3.87543,3.60779,0.982003,-0.317489,3.60779,0
3,4,16,2.75384,3.85884,2.59926,-0.805878,3.85884,1
2,13,14,3.39708,4.55562,2.79075,-0.805878,4.55562,1
3,5,16,2.15435,3.65853,2.59926,-0.805878,3.65853,1
2,9,82,-0.334397,0.991819,-5.04662,-1.89873,0.991819,1
3,9,84,-0.518297,-1.34141,-5.35927,-2.00544,-1.34141,0
4,4,16,1.00431,-0.543395,2.59926,-0.805878,2.59926,2
4,9,11,-0.381377,-0.805878,2.80572,-0.805878,2.80572,2
3,11,22,3.07034,3.65086,2.39276,-0.805878,3.65086,1
3,15,15,2.92655,2.8722,2.8676,-0.805878,2.8722,0
4,8,11,-0.381377,-0.805878,2.80572,-0.805878,2.80572,2
2,7,26,4.29086,4.536,2.08517,-0.805878,4.536,1
1,7,44,2.83273,2.59453,-0.646582,-0.45329,2.59453,0
3,4,21,5.32383,3.18435,2.59473,-0.805878,3.18435,0
3,9,93,-2.39389,-1.66331,-3.41916,-2.51688,-1.66331,1
3,17,17,2.91133,2.66261,2.67763,-0.805878,2.66261,0
3,18,93,-2.09309,-2.24545,-3.41916,-2.51688,-2.24545,0
3,11,61,0.426367,-1.38786,-3.77303,-0.607646,-1.38786,0
2,17,78,-0.68632,-0.957079,-4.65291,-1.66623,-0.957079,0
1,17,54,1.41877,1.35334,-3.28628,-0.56961,1.35334,0
4,1,17,4.88826,4.10018,2.67763,-0.805878,2.46462,0
3,11,92,-2.21113,-1.31834,-6.43894,-2.39982,-1.31834,1
3,12,12,2.80572,4.27411,2.93608,-0.805878,4.27411,1
3,11,21,3.21685,3.71268,2.59473,-0.805878,3.71268,1
4,6,11,-0.381377,-0.805878,2.80572,-0.805878,2.80572,2
4,4,11,-0.315551,3.32015,2.80572,-0.805878,2.80572,1
4,8,10,-0.318694,1.46885,2.9161,-0.805878,2.9161,2
2,9,76,-0.227763,1.11892,-4.75214,-1.45125,1.11892,1
4,6,10,-0.318694,5.04585,2.9161,-0.805878,2.9161,1
2,9,77,0.0167662,1.2005,-4.67517,-1.58996,1.2005,1
4,6,9,-0.323307,-0.323307,2.89122,-0.805878,2.89122,2
2,1,53,2.74351,2.55806,-3.24637,-0.595251,2.74351,0
4,12,72,-4.11009,-0.948025,-4.69937,-1.21867,-1.21867,1
4,17,23,-0.967684,-0.967684,2.09672,-0.805878,2.09672,2
1,10,48,2.701,2.23988,-2.02538,-0.386848,2.23988,0
1,1,48,3.24913,4.29131,-2.02538,-0.386848,4.29131,1
3,5,15,3.31579,3.04665,2.8676,-0.805878,3.04665,0
1,7,46,3.07114,2.64031,-1.27338,-0.395639,2.64031,0
3,4,23,4.64849,2.78947,2.09672,-0.805878,2.78947,0
3,10,41,1.90527,2.29946,0.201755,-0.28101,2.29946,1
3,11,84,-0.70045,-0.69092,-5.35927,-2.00544,-0.69092,1
3,12,20,2.6733,3.34229,2.55099,-0.805878,3.34229,1
4,9,60,-3.07949,-2.75435,-3.62281,-0.563066,-0.563066,3
4,8,75,-4.27007,-4.13332,-4.90201,-1.41384,-1.41384,3
2,10,34,2.61347,3.5305,1.42834,-0.805878,3.5305,1
4,4,9,-0.247152,-0.323307,2.89122,-0.805878,2.89122,2
3,11,65,-0.640131,-1.51701,-4.11009,-0.783219,-1.51701,0
2,16,67,-0.616196,-0.732334,-4.33476,-0.933887,-0.732334,0
3,13,65,-1.16964,-0.703913,-4.11009,-0.783219,-0.703913,1
1,19,44,2.18169,2.03988,-0.646582,-0.45329,2.03988,0
3,10,91,-2.18249,-0.728258,-6.29331,-2.45927,-0.728258,1
2,17,28,3.56219,3.47136,1.70711,-0.805878,3.47136,0
3,8,58,-0.169441,-0.151536,-3.5329,-0.497556,-0.151536,1
3,2,81,0.798815,-0.448115,-4.70389,-1.77463,-0.448115,0
4,9,51,-2.65144,-2.17939,-3.03783,-0.448822,-3.03783,3
4,4,8,3.19016,3.6201,2.93668,-0.805878,2.93668,1
1,17,52,1.78511,1.6116,-3.16282,-0.404636,1.6116,0
4,1,19,4.21985,-0.760146,2.73033,-0.805878,-0.769946,0
3,10,39,2.02685,2.74797,0.982003,-0.317489,2.74797,1
3,11,94,-2.75449,-2.03149,-3.41916,-2.55553,-2.03149,1
3,12,14,2.8633,3.92382,2.79075,-0.805878,3.92382,1
3,11,23,3.07163,3.8229,2.09672,-0.805878,3.8229,1
4,9,9,-0.323307,-0.323307,2.89122,-0.805878,2.89122,2
4,4,7,-0.323307,6.945,2.92731,-0.805878,2.92731,1
2,14,91,-0.989781,-0.729807,-6.29331,-2.45927,-0.729807,1
3,7,31,1.93175,1.97127,1.72456,-0.805878,1.97127,1
3,1,11,4.46257,4.89544,2.80572,-0.805878,4.89544,1
3,18,89,-1.8044,-2.26775,-5.75042,-2.39784,-1.8044,0
2,9,25,3.94481,4.61306,2.04479,-0.805878,4.61306,1
2,3,61,1.47895,0.296504,-3.77303,-0.607646,0.296504,0
4,17,49,-2.61941,-2.61941,-2.3856,-0.416188,-0.416188,3
1,17,55,1.14443,1.17211,-3.26052,-0.458097,1.17211,1
4,1,22,0.93599,1.65388,2.39276,-0.805878,0.885225,2
3,10,32,2.50785,2.9046,1.7249,-0.805878,2.9046,1
2,19,29,3.16133,3.69597,1.67657,-0.805878,3.69597,1
3,11,93,-2.39545,-1.47789,-3.41916,-2.51688,-1.47789,1
3,12,13,2.82126,2.88324,2.91513,-0.805878,2.88324,2
2,14,90,-0.88813,-0.653882,-6.05291,-2.36134,-0.653882,1
3,18,82,-1.59628,-1.84464,-5.04662,-1.89873,-1.84464,0
3,2,50,2.18754,0.631765,-2.70986,-0.510597,0.631765,0
1,7,52,2.6829,2.71912,-3.16282,-0.404636,2.71912,1
3,4,13,3.51614,5.02689,2.91513,-0.805878,5.02689,1
3,4,6,3.00815,5.10746,2.97518,-0.805878,5.10746,1
3,10,36,1.83354,2.82402,1.45696,0.264588,2.82402,1
3,11,81,-1.33627,-0.726941,-4.70389,-1.77463,-1.33627,1
3,12,17,4.63654,3.9317,2.67763,-0.805878,3.9317,0
3,11,62,0.337394,-1.44036,-3.86868,-0.735614,-1.44036,0
3,18,91,-1.97663,-1.89257,-6.29331,-2.45927,-1.89257,1
4,2,5,6.08101,5.62342,2.97834,-0.805878,2.40877,0
1,17,49,2.89115,2.51588,-2.3856,-0.416188,2.51588,0
4,1,20,-0.805878,2.25023,2.55099,-0.805878,0.552393,2
1,12,27,4.10123,3.58971,1.79261,-0.805878,3.58971,0
4,9,67,-3.55461,-3.12896,-4.33476,-0.933887,-4.33476,3
4,7,14,-0.580929,-0.580929,2.79075,-0.805878,2.79075,2
3,2,49,2.7022,0.697292,-2.3856,-0.416188,0.697292,0
1,7,53,2.71114,2.97886,-3.24637,-0.595251,2.97886,1
3,4,14,3.87919,5.89646,2.79075,-0.805878,5.89646,1
3,10,10,2.77968,3.87895,2.9161,-0.805878,3.87895,1
2,1,11,4.08587,5.34606,2.80572,-0.805878,4.08587,1
4,1,60,1.41504,-1.34042,-3.62281,-0.563066,-1.31881,0
3,10,23,3.72632,4.09944,2.09672,-0.805878,4.09944,1
4,6,36,-1.82609,-0.308955,1.45696,0.264588,1.45696,2
3,4,58,0.909493,0.899134,-3.5329,-0.497556,0.899134,0
3,2,13,3.97307,4.86878,2.91513,-0.805878,4.86878,1
3,7,11,2.02222,3.67553,2.80572,-0.805878,3.67553,1
2,12,36,3.01076,4.21739,1.45696,0.264588,4.21739,1
3,11,31,2.04189,2.19867,1.72456,-0.805878,2.19867,1
2,12,67,1.23798,0.29199,-4.33476,-0.933887,0.29199,0
3,7,14,2.81551,3.18265,2.79075,-0.805878,3.18265,1
4,6,41,-2.08792,0.622261,0.201755,-0.28101,0.201755,1
3,4,61,0.050248,0.525243,-3.77303,-0.607646,0.525243,1
2,3,21,4.83394,4.53881,2.59473,-0.805878,4.53881,0
2,9,49,2.33261,1.5755,-2.3856,-0.416188,1.5755,0
3,2,2,4.58515,4.83762,2.95846,-0.805878,4.83762,1
2,3,22,4.47197,4.41786,2.39276,-0.805878,4.41786,0
2,9,60,0.351379,-1.00806,-3.62281,-0.563066,-1.00806,0
3,4,48,1.13453,1.83148,-2.02538,-0.386848,1.83148,1
3,2,7,4.26838,4.48951,2.92731,-0.805878,4.48951,1
1,6,89,0.720793,0.688823,-5.75042,-2.39784,0.688823,0
4,11,49,-2.61941,-2.61941,-2.3856,-0.416188,-0.416188,3
4,4,10,3.46549,6.39185,2.9161,-0.805878,2.9161,1
3,19,69,-0.889231,-0.587913,-4.38821,-0.937499,-0.587913,1
4,9,10,-0.318694,4.68777,2.9161,-0.805878,2.9161,1
3,8,25,2.26453,3.86158,2.04479,-0.805878,3.86158,1
1,12,29,3.96628,4.00922,1.67657,-0.805878,4.00922,1
3,8,28,2.40303,4.44448,1.70711,-0.805878,4.44448,1
3,8,8,3.1878,4.53139,2.93668,-0.805878,4.53139,1
3,8,24,2.45526,3.58995,2.20454,-0.805878,3.58995,1
3,8,9,2.6804,2.65747,2.89122,-0.805878,2.65747,2
3,2,51,1.63905,-0.126379,-3.03783,-0.448822,-0.126379,0
1,7,51,3.14765,2.93637,-3.03783,-0.448822,2.93637,0
3,4,12,4.59908,4.06942,2.93608,-0.805878,4.06942,0
