Down,Distance,Yardline,Run_EP,Pass_EP,Kick_EP,Punt_EP,EP,Opt_Choice
1,20,99,-2.52444,-1.90962,-3.41916,-3.35117,-1.90962,1
1,19,99,-2.79128,-0.717521,-3.41916,-3.35117,-0.717521,1
1,18,99,-2.3683,-1.33169,-3.41916,-3.35117,-1.33169,1
1,17,99,-2.1302,-1.95212,-3.41916,-3.35117,-1.95212,1
1,15,99,-1.47446,-1.84122,-3.41916,-3.35117,-1.84122,0
1,13,99,-1.47341,-1.32169,-3.41916,-3.35117,-1.32169,1
1,12,99,-1.31151,-1.0707,-3.41916,-3.35117,-1.31151,1
1,10,99,-1.01596,-0.191105,-3.41916,-3.35117,-1.01596,1
1,9,99,-0.746742,-1.49231,-3.41916,-3.35117,-1.49231,0
1,7,99,-0.401282,-0.508979,-3.41916,-3.35117,-0.508979,0
1,4,99,-0.473922,-0.365284,-3.41916,-3.35117,-0.365284,1
1,3,99,-0.595968,-0.303325,-3.41916,-3.35117,-0.303325,1
1,2,99,-0.272542,-0.184893,-3.41916,-3.35117,-0.184893,1
1,1,99,-1.41042,-0.573447,-3.41916,-3.35117,-0.573447,1
1,20,98,-2.3898,-1.88807,-3.41916,-3.12829,-1.88807,1
1,19,98,-2.5305,-0.665978,-3.41916,-3.12829,-0.665978,1
1,18,98,-2.19398,-1.25348,-3.41916,-3.12829,-1.25348,1
1,17,98,-2.01881,-1.90609,-3.41916,-3.12829,-1.90609,1
1,15,98,-1.63232,-1.69979,-3.41916,-3.12829,-1.69979,0
1,13,98,-1.2868,-1.19526,-3.41916,-3.12829,-1.2868,1
1,12,98,-1.18944,-0.955775,-3.41916,-3.12829,-0.955775,1
1,9,98,-0.772262,-1.53413,-3.41916,-3.12829,-1.53413,0
1,7,98,-0.567918,-0.516005,-3.41916,-3.12829,-0.516005,1
1,4,98,-0.488963,-0.255156,-3.41916,-3.12829,-0.255156,1
1,3,98,-0.552252,-0.201202,-3.41916,-3.12829,-0.201202,1
1,2,98,-0.236268,-0.166972,-3.41916,-3.12829,-0.166972,1
1,1,98,-0.996059,-0.443245,-3.41916,-3.12829,-0.443245,1
1,20,97,-2.12083,-1.68249,-3.41916,-2.81209,-2.12083,1
1,19,97,-2.26008,-0.754524,-3.41916,-2.81209,-0.754524,1
1,18,97,-1.76465,-1.14778,-3.41916,-2.81209,-1.14778,1
1,17,97,-1.92225,-1.88824,-3.41916,-2.81209,-1.88824,1
1,15,97,-1.28675,-1.6624,-3.41916,-2.81209,-1.6624,0
1,13,97,-1.18725,-1.1895,-3.41916,-2.81209,-1.1895,0
1,12,97,-1.04929,-0.806958,-3.41916,-2.81209,-0.806958,1
1,7,97,-0.445885,-0.36031,-3.41916,-2.81209,-0.36031,1
1,4,97,-0.391089,-0.310727,-3.41916,-2.81209,-0.310727,1
1,3,97,-0.293614,-0.394347,-3.41916,-2.81209,-0.394347,0
1,2,97,-0.193509,-0.451285,-3.41916,-2.81209,-0.451285,0
1,20,96,-1.94611,-1.59069,-3.41916,-2.99602,-1.59069,1
1,19,96,-2.09581,-0.706257,-3.41916,-2.99602,-0.706257,1
1,18,96,-1.8121,-1.19443,-3.41916,-2.99602,-1.19443,1
1,17,96,-1.71013,-1.78221,-3.41916,-2.99602,-1.78221,0
1,15,96,-1.18255,-1.6288,-3.41916,-2.99602,-1.6288,0
1,13,96,-1.31785,-1.19757,-3.41916,-2.99602,-1.31785,1
1,12,96,-1.00023,-0.720053,-3.41916,-2.99602,-0.720053,1
1,9,96,-0.540499,-1.4182,-3.41916,-2.99602,-1.4182,0
1,7,96,-0.414865,-0.432231,-3.41916,-2.99602,-0.432231,0
1,4,96,-0.405757,-0.286128,-3.41916,-2.99602,-0.286128,1
1,3,96,-0.190277,-0.286622,-3.41916,-2.99602,-0.286622,0
1,2,96,-0.129125,-0.194175,-3.41916,-2.99602,-0.194175,0
1,19,95,-1.91559,-0.43192,-3.41916,-2.85377,-0.43192,1
1,17,95,-1.68414,-1.73061,-3.41916,-2.85377,-1.73061,0
1,15,95,-1.20661,-1.61276,-3.41916,-2.85377,-1.61276,0
1,13,95,-0.941009,-1.09201,-3.41916,-2.85377,-1.09201,0
1,7,95,-0.479621,-0.40264,-3.41916,-2.85377,-0.40264,1
1,4,95,-0.381303,-0.445021,-3.41916,-2.85377,-0.445021,0
1,2,95,-0.245256,-0.212079,-3.41916,-2.85377,-0.212079,1
1,1,95,-0.434938,-0.454076,-3.41916,-2.85377,-0.454076,0
1,19,94,-1.80871,-0.490963,-3.41916,-2.55553,-0.490963,1
1,17,94,-1.61753,-1.68505,-3.41916,-2.55553,-1.68505,0
1,15,94,-1.05714,-1.42219,-3.41916,-2.55553,-1.42219,0
1,13,94,-0.92291,-1.10459,-3.41916,-2.55553,-1.10459,0
1,7,94,-0.536826,-0.361004,-3.41916,-2.55553,-0.361004,1
1,4,94,-0.370489,-0.429208,-3.41916,-2.55553,-0.429208,0
1,2,94,-0.194588,-0.349799,-3.41916,-2.55553,-0.349799,0
1,1,94,-0.478393,-0.535636,-3.41916,-2.55553,-0.535636,0
1,19,93,-1.79907,-0.437023,-3.41916,-2.51688,-0.437023,1
1,17,93,-1.49113,-1.64294,-3.41916,-2.51688,-1.64294,0
1,15,93,-1.12116,-1.50505,-3.41916,-2.51688,-1.50505,0
1,13,93,-0.842397,-1.12673,-3.41916,-2.51688,-1.12673,0
1,7,93,-0.689365,-0.345414,-3.41916,-2.51688,-0.345414,1
1,4,93,-0.642611,-0.232425,-3.41916,-2.51688,-0.232425,1
1,2,93,-0.183845,-0.284562,-3.41916,-2.51688,-0.284562,0
1,1,93,-0.312009,-0.38257,-3.41916,-2.51688,-0.38257,0
1,19,92,-1.8033,-0.434932,-6.43894,-2.39982,-0.434932,1
1,17,92,-1.53981,-1.51367,-6.43894,-2.39982,-1.51367,1
1,15,92,-1.09914,-1.37499,-6.43894,-2.39982,-1.37499,0
1,13,92,-0.808753,-0.979489,-6.43894,-2.39982,-0.979489,0
1,7,92,-0.574148,-0.257946,-6.43894,-2.39982,-0.257946,1
1,4,92,-0.37313,-0.326767,-6.43894,-2.39982,-0.326767,1
1,2,92,-0.386964,-0.33435,-6.43894,-2.39982,-0.33435,1
1,1,92,-0.420213,-0.492327,-6.43894,-2.39982,-0.492327,0
1,19,91,-1.78261,-0.293232,-6.29331,-2.45927,-0.293232,1
1,17,91,-1.47916,-1.4998,-6.29331,-2.45927,-1.4998,0
1,15,91,-1.02982,-1.27268,-6.29331,-2.45927,-1.02982,0
1,13,91,-0.733496,-0.895999,-6.29331,-2.45927,-0.895999,0
1,7,91,-0.525058,-0.239945,-6.29331,-2.45927,-0.239945,1
1,4,91,-0.35612,-0.494072,-6.29331,-2.45927,-0.494072,0
1,2,91,-0.127219,-0.267775,-6.29331,-2.45927,-0.267775,0
1,1,91,-0.578094,-0.553441,-6.29331,-2.45927,-0.553441,1
1,19,90,-1.79363,-0.762302,-6.05291,-2.36134,-0.762302,1
1,17,90,-1.68239,-1.64631,-6.05291,-2.36134,-1.64631,1
1,15,90,-1.06071,-1.13177,-6.05291,-2.36134,-1.13177,0
1,13,90,-0.830497,-0.693364,-6.05291,-2.36134,-0.693364,1
1,7,90,-0.655398,-0.23038,-6.05291,-2.36134,-0.23038,1
1,4,90,-0.654151,-0.534645,-6.05291,-2.36134,-0.534645,1
1,2,90,-0.0826621,-0.407495,-6.05291,-2.36134,-0.407495,0
1,1,90,-0.397733,-0.493519,-6.05291,-2.36134,-0.493519,0
1,19,89,-1.81318,-0.553743,-5.75042,-2.39784,-0.553743,1
1,17,89,-1.42872,-1.27917,-5.75042,-2.39784,-1.42872,1
1,15,89,-0.976639,-1.25654,-5.75042,-2.39784,-1.25654,0
1,13,89,-0.681818,-0.733265,-5.75042,-2.39784,-0.733265,0
1,7,89,-0.379631,0.0328399,-5.75042,-2.39784,0.0328399,1
1,4,89,-0.522354,-0.530902,-5.75042,-2.39784,-0.530902,0
1,2,89,-0.342188,-0.315324,-5.75042,-2.39784,-0.315324,1
1,1,89,-0.196587,-0.451575,-5.75042,-2.39784,-0.451575,0
1,19,88,-1.7214,-0.448897,-5.55605,-2.24038,-1.7214,1
1,17,88,-1.65667,-1.41612,-5.55605,-2.24038,-1.41612,1
1,15,88,-1.22965,-1.24415,-5.55605,-2.24038,-1.24415,0
1,13,88,-0.715024,-0.703492,-5.55605,-2.24038,-0.703492,1
1,7,88,-0.366345,-0.0644886,-5.55605,-2.24038,-0.0644886,1
1,4,88,-0.566117,-0.449364,-5.55605,-2.24038,-0.449364,1
1,2,88,-0.206061,-0.132703,-5.55605,-2.24038,-0.132703,1
1,1,88,-0.232612,-0.409065,-5.55605,-2.24038,-0.409065,0
1,19,87,-1.5725,-0.311118,-5.60239,-2.09737,-0.311118,1
1,17,87,-1.75518,-1.46693,-5.60239,-2.09737,-1.46693,1
1,15,87,-1.00555,-0.978408,-5.60239,-2.09737,-0.978408,1
1,13,87,-0.684193,-0.726083,-5.60239,-2.09737,-0.726083,0
1,7,87,-0.168711,-0.0905949,-5.60239,-2.09737,-0.0905949,1
1,4,87,-0.551769,-0.560524,-5.60239,-2.09737,-0.560524,0
1,2,87,-0.317745,-0.445036,-5.60239,-2.09737,-0.445036,0
1,1,87,-0.375928,-0.427961,-5.60239,-2.09737,-0.427961,0
1,19,86,-1.55396,-0.3006,-5.61978,-2.01828,-0.3006,1
1,17,86,-1.18232,-1.11681,-5.61978,-2.01828,-1.18232,1
1,15,86,-1.47956,-1.30571,-5.61978,-2.01828,-1.30571,1
1,13,86,-0.918996,-0.7371,-5.61978,-2.01828,-0.918996,1
1,7,86,-0.0922863,0.104466,-5.61978,-2.01828,0.104466,1
1,4,86,-0.260864,-0.435577,-5.61978,-2.01828,-0.435577,0
1,2,86,-0.23464,-0.329357,-5.61978,-2.01828,-0.329357,0
1,1,86,-0.366688,-0.0837106,-5.61978,-2.01828,-0.0837106,1
1,19,85,-0.757337,-0.846853,-5.14185,-2.10808,-0.846853,0
1,17,85,-1.13817,-1.10001,-5.14185,-2.10808,-1.10001,1
1,15,85,-1.37655,-0.857534,-5.14185,-2.10808,-0.857534,1
1,13,85,-0.800763,-0.298596,-5.14185,-2.10808,-0.298596,1
1,7,85,-0.528511,-1.4913,-5.14185,-2.10808,-1.4913,0
1,4,85,-0.0356908,-0.975091,-5.14185,-2.10808,-0.975091,0
1,2,85,-0.394298,-0.511514,-5.14185,-2.10808,-0.511514,0
1,1,85,-0.407893,0.0521957,-5.14185,-2.10808,0.0521957,1
1,19,84,-0.913798,-1.01215,-5.35927,-2.00544,-1.01215,0
1,17,84,-1.05973,-1.13108,-5.35927,-2.00544,-1.13108,0
1,15,84,-0.904997,-0.497586,-5.35927,-2.00544,-0.497586,1
1,13,84,-1.11422,-0.516684,-5.35927,-2.00544,-0.516684,1
1,7,84,-0.454561,-1.56347,-5.35927,-2.00544,-1.56347,0
1,4,84,0.0230215,-0.936682,-5.35927,-2.00544,-0.936682,0
1,2,84,-0.31916,-0.165489,-5.35927,-2.00544,-0.165489,1
1,1,84,-0.243217,-0.0654759,-5.35927,-2.00544,-0.0654759,1
1,19,83,-0.579466,-0.694138,-5.22327,-1.89942,-0.579466,0
1,17,83,-1.02159,-1.05452,-5.22327,-1.89942,-1.05452,0
1,15,83,-0.897675,-0.443839,-5.22327,-1.89942,-0.443839,1
1,13,83,-1.38308,-0.461484,-5.22327,-1.89942,-0.461484,1
1,7,83,-0.25757,-1.4655,-5.22327,-1.89942,-1.4655,0
1,4,83,0.203194,-0.866161,-5.22327,-1.89942,-0.866161,0
1,2,83,-0.243772,-0.175491,-5.22327,-1.89942,-0.175491,1
1,1,83,-0.203986,0.144488,-5.22327,-1.89942,0.144488,1
1,19,82,-0.770241,-0.90926,-5.04662,-1.89873,-0.90926,0
1,17,82,-1.1029,-1.17905,-5.04662,-1.89873,-1.1029,0
1,15,82,-0.915172,-0.488535,-5.04662,-1.89873,-0.488535,1
1,13,82,-0.789242,-0.39113,-5.04662,-1.89873,-0.39113,1
1,9,82,-0.223023,-0.691658,-5.04662,-1.89873,-0.691658,0
1,7,82,-0.286593,-1.44918,-5.04662,-1.89873,-1.44918,0
1,4,82,0.157499,-0.970887,-5.04662,-1.89873,-0.970887,0
1,2,82,-0.0623678,-0.165957,-5.04662,-1.89873,-0.165957,0
1,1,82,-0.112409,0.216383,-5.04662,-1.89873,0.216383,1
1,19,81,-0.811802,-0.947517,-4.70389,-1.77463,-0.947517,0
1,17,81,-0.81826,-0.890289,-4.70389,-1.77463,-0.890289,0
1,15,81,-0.914067,-0.403222,-4.70389,-1.77463,-0.403222,1
1,13,81,-0.735985,-0.240304,-4.70389,-1.77463,-0.240304,1
1,7,81,-0.294879,-1.36516,-4.70389,-1.77463,-1.36516,0
1,4,81,0.0646649,-0.876593,-4.70389,-1.77463,-0.876593,0
1,2,81,-0.0194043,0.0188613,-4.70389,-1.77463,0.0188613,1
1,1,81,-0.0256247,0.319717,-4.70389,-1.77463,0.319717,1
1,19,80,-0.614374,-0.682706,-4.82344,-1.66435,-0.682706,0
1,17,80,-0.93815,-0.990767,-4.82344,-1.66435,-0.990767,0
1,15,80,-0.94001,-0.515985,-4.82344,-1.66435,-0.94001,1
1,13,80,-0.747844,-0.205498,-4.82344,-1.66435,-0.205498,1
1,7,80,-0.260194,-1.25568,-4.82344,-1.66435,-1.25568,0
1,4,80,0.21736,-0.662667,-4.82344,-1.66435,-0.662667,0
1,2,80,0.0313897,0.0769619,-4.82344,-1.66435,0.0769619,1
1,1,80,0.0351418,0.422318,-4.82344,-1.66435,0.422318,1
1,19,79,-0.323102,-0.453023,-4.30456,-1.7295,-0.453023,0
1,17,79,-1.10069,-1.05265,-4.30456,-1.7295,-1.05265,1
1,15,79,-0.56771,-0.257868,-4.30456,-1.7295,-0.257868,1
1,13,79,-0.596032,-0.111738,-4.30456,-1.7295,-0.111738,1
1,9,79,-0.23802,-0.719894,-4.30456,-1.7295,-0.719894,0
1,7,79,-0.0549896,-1.15017,-4.30456,-1.7295,-1.15017,0
1,4,79,0.350708,-0.57083,-4.30456,-1.7295,-0.57083,0
1,2,79,0.0438708,0.0643852,-4.30456,-1.7295,0.0643852,1
1,1,79,0.111848,0.375525,-4.30456,-1.7295,0.375525,1
1,19,78,-0.512354,-0.695396,-4.65291,-1.66623,-0.695396,0
1,17,78,-0.791051,-0.795464,-4.65291,-1.66623,-0.795464,0
1,15,78,-0.773559,-0.387635,-4.65291,-1.66623,-0.387635,1
1,13,78,-0.690222,-0.238703,-4.65291,-1.66623,-0.238703,1
1,9,78,0.135292,-0.505199,-4.65291,-1.66623,-0.505199,0
1,7,78,-0.355438,-1.16352,-4.65291,-1.66623,-1.16352,0
1,4,78,0.400649,-0.554756,-4.65291,-1.66623,-0.554756,0
1,2,78,0.103565,0.246023,-4.65291,-1.66623,0.246023,1
1,1,78,0.0801686,0.283228,-4.65291,-1.66623,0.283228,1
1,19,77,-0.381414,-0.491834,-4.67517,-1.58996,-0.491834,0
1,17,77,-0.555534,-0.577697,-4.67517,-1.58996,-0.577697,0
1,15,77,-0.904861,-0.279993,-4.67517,-1.58996,-0.279993,1
1,13,77,-0.384965,0.079087,-4.67517,-1.58996,0.079087,1
1,9,77,0.215612,-0.42478,-4.67517,-1.58996,-0.42478,0
1,7,77,-0.255657,-1.03713,-4.67517,-1.58996,-1.03713,0
1,4,77,0.54759,-0.463929,-4.67517,-1.58996,-0.463929,0
1,2,77,0.161308,0.37725,-4.67517,-1.58996,0.37725,1
1,1,77,0.166337,0.393692,-4.67517,-1.58996,0.393692,1
1,19,76,-0.268787,-0.253678,-4.75214,-1.45125,-0.253678,1
1,17,76,-0.761558,-0.665568,-4.75214,-1.45125,-0.665568,1
1,15,76,-0.584159,-0.00291434,-4.75214,-1.45125,-0.00291434,1
1,13,76,-0.725375,-0.097554,-4.75214,-1.45125,-0.097554,1
1,9,76,0.153589,-0.423776,-4.75214,-1.45125,-0.423776,0
1,7,76,-0.0777442,-1.0377,-4.75214,-1.45125,-1.0377,0
1,4,76,0.617044,-0.341383,-4.75214,-1.45125,-0.341383,0
1,2,76,0.246169,0.456755,-4.75214,-1.45125,0.456755,1
1,1,76,0.128715,0.420338,-4.75214,-1.45125,0.420338,1
1,19,75,-0.281341,0.0163084,-4.90201,-1.41384,0.0163084,1
1,17,75,-0.53552,-0.482729,-4.90201,-1.41384,-0.482729,1
1,15,75,-0.392209,0.142697,-4.90201,-1.41384,0.142697,1
1,13,75,-0.843769,-0.157532,-4.90201,-1.41384,-0.157532,1
1,9,75,0.29629,-0.331555,-4.90201,-1.41384,-0.331555,0
1,7,75,0.0650455,-0.856235,-4.90201,-1.41384,-0.856235,0
1,4,75,0.514865,-0.471569,-4.90201,-1.41384,-0.471569,0
1,2,75,0.267446,0.5593,-4.90201,-1.41384,0.5593,1
1,1,75,0.254554,0.538615,-4.90201,-1.41384,0.538615,1
1,19,74,-0.286064,-0.0303938,-4.86797,-1.45906,-0.0303938,1
1,17,74,-0.384022,-0.294519,-4.86797,-1.45906,-0.384022,1
1,15,74,-0.522462,0.136115,-4.86797,-1.45906,0.136115,1
1,13,74,-0.408063,0.142163,-4.86797,-1.45906,0.142163,1
1,9,74,0.134786,-0.497716,-4.86797,-1.45906,-0.497716,0
1,7,74,0.257981,-0.837663,-4.86797,-1.45906,-0.837663,0
1,4,74,0.772028,-0.459403,-4.86797,-1.45906,-0.459403,0
1,2,74,0.443015,0.60687,-4.86797,-1.45906,0.60687,1
1,1,74,0.388021,0.867314,-4.86797,-1.45906,0.867314,1
1,19,73,-0.26373,-0.042699,-4.58061,-1.30758,-0.042699,1
1,17,73,-0.02452,-0.324382,-4.58061,-1.30758,-0.324382,0
1,15,73,-0.33115,0.252253,-4.58061,-1.30758,0.252253,1
1,13,73,-0.0740647,0.354349,-4.58061,-1.30758,0.354349,1
1,9,73,0.365146,-0.248409,-4.58061,-1.30758,-0.248409,0
1,7,73,0.165237,-0.837523,-4.58061,-1.30758,-0.837523,0
1,4,73,0.0178719,-0.326923,-4.58061,-1.30758,-0.326923,0
1,2,73,0.558172,0.317978,-4.58061,-1.30758,0.317978,0
1,1,73,0.554417,0.776604,-4.58061,-1.30758,0.776604,1
1,19,72,-0.0110883,0.212963,-4.69937,-1.21867,0.212963,1
1,17,72,-0.0497825,-0.235555,-4.69937,-1.21867,-0.235555,0
1,15,72,-0.199405,0.339577,-4.69937,-1.21867,0.339577,1
1,13,72,-0.459028,0.0585748,-4.69937,-1.21867,0.0585748,1
1,9,72,0.160942,-0.447541,-4.69937,-1.21867,-0.447541,0
1,7,72,0.198222,-0.87266,-4.69937,-1.21867,-0.87266,0
1,4,72,0.48562,-0.274923,-4.69937,-1.21867,-0.274923,0
1,2,72,0.658824,0.579689,-4.69937,-1.21867,0.579689,0
1,1,72,0.636041,0.827138,-4.69937,-1.21867,0.827138,1
1,19,71,-0.269588,-0.00940548,-4.4203,-1.13959,-0.00940548,1
1,17,71,-0.184925,-0.294241,-4.4203,-1.13959,-0.184925,0
1,15,71,-0.207218,0.425103,-4.4203,-1.13959,0.425103,1
1,13,71,-0.195793,0.291607,-4.4203,-1.13959,0.291607,1
1,7,71,0.395525,-0.669464,-4.4203,-1.13959,-0.669464,0
1,4,71,0.159291,-0.0690387,-4.4203,-1.13959,-0.0690387,0
1,2,71,0.605416,0.513453,-4.4203,-1.13959,0.513453,0
1,1,71,0.77313,1.05292,-4.4203,-1.13959,1.05292,1
1,19,70,-0.0133274,-0.136049,-4.23657,-1.06699,-0.136049,0
1,17,70,-0.552893,0.189938,-4.23657,-1.06699,0.189938,1
1,15,70,0.104519,0.330348,-4.23657,-1.06699,0.330348,1
1,13,70,-1.28838,0.544576,-4.23657,-1.06699,0.544576,1
1,7,70,0.826941,0.733749,-4.23657,-1.06699,0.733749,0
1,16,86,-1.20981,-2.01453,-5.61978,-2.01828,-2.01453,0
1,5,70,0.812845,1.16754,-4.23657,-1.06699,1.16754,1
1,4,70,0.417646,1.25498,-4.23657,-1.06699,1.25498,1
1,2,70,1.09444,0.708808,-4.23657,-1.06699,0.708808,0
1,1,70,0.768227,0.622513,-4.23657,-1.06699,0.622513,0
1,19,69,0.135261,-0.0320592,-4.38821,-0.937499,-0.0320592,0
1,9,87,-0.398217,-0.812219,-5.60239,-2.09737,-0.812219,0
1,18,69,-0.6428,-0.225325,-4.38821,-0.937499,-0.225325,1
1,17,69,-0.753657,0.097096,-4.38821,-0.937499,0.097096,1
1,15,69,0.090357,0.47903,-4.38821,-0.937499,0.47903,1
1,13,69,-1.03333,0.613292,-4.38821,-0.937499,0.613292,1
1,9,69,0.404895,1.3617,-4.38821,-0.937499,1.3617,1
1,7,69,0.967292,0.693801,-4.38821,-0.937499,0.693801,0
1,16,81,-1.06667,-0.499191,-4.70389,-1.77463,-0.499191,1
1,5,69,0.981014,1.0908,-4.38821,-0.937499,1.0908,1
1,4,69,0.365109,1.07837,-4.38821,-0.937499,1.07837,1
1,2,69,1.12428,0.855527,-4.38821,-0.937499,0.855527,0
1,1,69,0.846551,0.897987,-4.38821,-0.937499,0.897987,1
1,19,68,0.0265553,-0.0596965,-4.27007,-1.01066,-0.0596965,0
1,17,68,-0.541533,0.190015,-4.27007,-1.01066,0.190015,1
1,15,68,0.341496,0.69458,-4.27007,-1.01066,0.69458,1
1,13,68,-0.9876,0.658838,-4.27007,-1.01066,0.658838,1
1,9,68,-0.00240163,1.27844,-4.27007,-1.01066,1.27844,1
1,7,68,1.2091,1.0457,-4.27007,-1.01066,1.0457,0
1,4,68,0.843269,1.29141,-4.27007,-1.01066,1.29141,1
1,2,68,1.32576,0.82955,-4.27007,-1.01066,0.82955,0
1,1,68,0.854615,0.756668,-4.27007,-1.01066,0.756668,0
1,19,67,0.22036,0.119665,-4.33476,-0.933887,0.119665,0
1,9,81,0.0832372,-0.655991,-4.70389,-1.77463,-0.655991,0
1,18,67,-0.530703,-0.213641,-4.33476,-0.933887,-0.213641,1
1,17,67,-0.469027,0.381614,-4.33476,-0.933887,0.381614,1
1,15,67,0.0354242,0.520224,-4.33476,-0.933887,0.520224,1
1,13,67,-1.01664,0.595587,-4.33476,-0.933887,0.595587,1
1,7,67,1.54387,1.13178,-4.33476,-0.933887,1.13178,0
1,4,67,0.68924,1.2618,-4.33476,-0.933887,1.2618,1
1,3,67,0.825543,0.644709,-4.33476,-0.933887,0.644709,0
1,2,67,1.54055,0.888015,-4.33476,-0.933887,0.888015,0
1,1,67,0.886685,0.894434,-4.33476,-0.933887,0.894434,1
1,19,66,0.343131,0.214448,-4.06104,-0.806488,0.214448,0
1,9,86,-0.471289,-0.676472,-5.61978,-2.01828,-0.676472,0
1,18,66,-0.438754,-0.0392354,-4.06104,-0.806488,-0.0392354,1
1,17,66,-0.535719,0.343389,-4.06104,-0.806488,-0.535719,1
1,15,66,0.314333,0.618815,-4.06104,-0.806488,0.618815,1
1,13,66,-0.810939,0.675369,-4.06104,-0.806488,0.675369,1
1,7,66,1.41691,0.89122,-4.06104,-0.806488,0.89122,0
1,4,66,0.829553,1.38341,-4.06104,-0.806488,1.38341,1
1,2,66,1.47507,1.02136,-4.06104,-0.806488,1.02136,0
1,1,66,0.806153,0.761697,-4.06104,-0.806488,0.761697,0
1,19,65,0.403382,0.398944,-4.11009,-0.783219,0.398944,0
1,9,83,-0.170321,-0.711214,-5.22327,-1.89942,-0.711214,0
1,18,65,-0.410693,0.025722,-4.11009,-0.783219,0.025722,1
1,17,65,-0.380688,0.625757,-4.11009,-0.783219,-0.380688,1
1,15,65,0.44078,0.779838,-4.11009,-0.783219,0.779838,1
1,13,65,-0.919639,0.547194,-4.11009,-0.783219,0.547194,1
1,9,65,0.596974,1.57232,-4.11009,-0.783219,1.57232,1
1,7,65,1.48661,1.09897,-4.11009,-0.783219,1.09897,0
1,16,85,-1.04524,-0.567698,-5.14185,-2.10808,-0.567698,1
1,5,65,1.34267,1.51297,-4.11009,-0.783219,1.51297,1
1,4,65,0.579804,1.69091,-4.11009,-0.783219,1.69091,1
1,3,65,0.758361,0.724924,-4.11009,-0.783219,0.724924,0
1,2,65,1.3979,0.985395,-4.11009,-0.783219,0.985395,0
1,1,65,0.919104,1.10241,-4.11009,-0.783219,1.10241,1
1,19,64,0.471384,0.442496,-3.84075,-0.813937,0.442496,0
1,9,80,-0.100112,-0.813526,-4.82344,-1.66435,-0.813526,0
1,18,64,-0.209673,0.225779,-3.84075,-0.813937,-0.209673,1
1,17,64,-0.328289,0.616882,-3.84075,-0.813937,0.616882,1
1,15,64,0.557536,1.34469,-3.84075,-0.813937,1.34469,1
1,13,64,-0.842123,0.802552,-3.84075,-0.813937,0.802552,1
1,9,64,0.461659,1.57769,-3.84075,-0.813937,1.57769,1
1,7,64,1.43383,1.21294,-3.84075,-0.813937,1.21294,0
1,4,64,0.928976,1.75114,-3.84075,-0.813937,1.75114,1
1,3,64,0.578268,0.866257,-3.84075,-0.813937,0.866257,1
1,2,64,1.4347,1.29057,-3.84075,-0.813937,1.29057,0
1,1,64,0.884501,1.14421,-3.84075,-0.813937,1.14421,1
1,20,63,0.170495,0.633905,-4.03562,-0.692524,0.633905,1
1,19,63,0.56713,0.43478,-4.03562,-0.692524,0.43478,0
1,18,63,-0.0417875,0.413288,-4.03562,-0.692524,0.413288,1
1,17,63,-0.0523535,0.717743,-4.03562,-0.692524,0.717743,1
1,15,63,0.647479,0.856565,-4.03562,-0.692524,0.856565,1
1,13,63,-0.814202,0.987404,-4.03562,-0.692524,0.987404,1
1,12,63,0.173353,0.287348,-4.03562,-0.692524,0.287348,1
1,7,63,1.6785,1.22525,-4.03562,-0.692524,1.22525,0
1,16,95,-1.29178,-2.13183,-3.41916,-2.85377,-2.13183,0
1,5,95,-0.406572,-0.411396,-3.41916,-2.85377,-0.411396,0
1,6,63,0.737175,1.01811,-4.03562,-0.692524,1.01811,1
1,5,63,1.42623,1.42572,-4.03562,-0.692524,1.42572,0
1,4,63,0.624125,1.56999,-4.03562,-0.692524,1.56999,1
1,2,63,1.57376,1.11057,-4.03562,-0.692524,1.11057,0
1,20,62,0.249756,0.668519,-3.86868,-0.735614,0.668519,1
1,19,62,0.380335,0.482162,-3.86868,-0.735614,0.482162,1
1,18,62,-0.089054,0.414311,-3.86868,-0.735614,0.414311,1
1,17,62,0.127972,0.888543,-3.86868,-0.735614,0.888543,1
1,15,62,0.582568,0.886809,-3.86868,-0.735614,0.886809,1
1,13,62,-0.58443,0.813893,-3.86868,-0.735614,0.813893,1
1,12,62,0.298911,0.487353,-3.86868,-0.735614,0.487353,1
1,7,62,1.68308,1.29082,-3.86868,-0.735614,1.29082,0
1,16,92,-1.12227,-1.92659,-6.43894,-2.39982,-1.12227,0
1,5,88,-0.464809,-0.330011,-5.55605,-2.24038,-0.330011,1
1,6,62,1.19581,1.36557,-3.86868,-0.735614,1.36557,1
1,5,62,1.1964,1.59893,-3.86868,-0.735614,1.1964,1
1,4,62,0.577318,1.84926,-3.86868,-0.735614,1.84926,1
1,2,62,1.8761,1.41816,-3.86868,-0.735614,1.41816,0
1,20,61,0.534698,0.971337,-3.77303,-0.607646,0.971337,1
1,19,61,0.367542,0.310432,-3.77303,-0.607646,0.367542,0
1,18,61,-0.159473,0.220956,-3.77303,-0.607646,0.220956,1
1,17,61,-0.0293761,1.00097,-3.77303,-0.607646,1.00097,1
1,15,61,0.886695,1.03956,-3.77303,-0.607646,1.03956,1
1,13,61,-0.667047,1.08342,-3.77303,-0.607646,1.08342,1
1,12,61,0.491158,0.747336,-3.77303,-0.607646,0.747336,1
1,7,61,1.73319,1.4341,-3.77303,-0.607646,1.4341,0
1,5,93,-0.308572,-0.417558,-3.41916,-2.51688,-0.417558,0
1,16,89,-1.13236,-1.94207,-5.75042,-2.39784,-1.94207,0
1,6,61,1.11927,1.52662,-3.77303,-0.607646,1.52662,1
1,5,61,1.43719,1.79345,-3.77303,-0.607646,1.79345,1
1,2,61,1.65264,1.44104,-3.77303,-0.607646,1.44104,0
1,20,60,0.548275,1.0117,-3.62281,-0.563066,1.0117,1
1,18,60,-0.0195404,0.300887,-3.62281,-0.563066,0.300887,1
1,15,60,1.11187,1.27871,-3.62281,-0.563066,1.27871,1
1,13,60,-0.511681,1.08661,-3.62281,-0.563066,1.08661,1
1,12,60,0.431955,0.66487,-3.62281,-0.563066,0.66487,1
1,8,24,4.5871,3.78603,2.20454,-0.805878,3.78603,0
1,11,60,0.795419,2.2105,-3.62281,-0.563066,2.2105,1
2,18,84,-1.13813,-1.23638,-5.35927,-2.00544,-1.23638,0
1,9,60,0.507523,1.52001,-3.62281,-0.563066,1.52001,1
1,2,60,1.52171,1.3676,-3.62281,-0.563066,1.3676,0
1,18,59,0.209152,0.496065,-3.59803,-0.651593,0.496065,1
1,15,59,1.10104,1.17895,-3.59803,-0.651593,1.17895,1
1,13,59,-0.389451,1.22772,-3.59803,-0.651593,1.22772,1
1,12,59,0.395857,0.63131,-3.59803,-0.651593,0.63131,1
2,18,95,-2.2224,-1.97708,-3.41916,-2.85377,-1.97708,1
1,9,59,0.701587,1.80551,-3.59803,-0.651593,1.80551,1
1,2,59,1.68214,1.09276,-3.59803,-0.651593,1.09276,0
1,18,58,0.334334,0.392446,-3.5329,-0.497556,0.392446,1
1,15,58,1.05237,1.70211,-3.5329,-0.497556,1.70211,1
1,13,58,-0.247036,1.28391,-3.5329,-0.497556,1.28391,1
1,12,58,0.673796,0.8773,-3.5329,-0.497556,0.8773,1
2,18,94,-2.06434,-1.9148,-3.41916,-2.55553,-1.9148,1
1,9,58,1.03981,1.93528,-3.5329,-0.497556,1.93528,1
1,7,58,1.7222,1.23811,-3.5329,-0.497556,1.23811,0
1,2,58,1.88111,1.20235,-3.5329,-0.497556,1.20235,0
1,18,57,0.238311,0.185223,-3.55909,-0.534181,0.185223,0
1,15,57,1.13827,1.98673,-3.55909,-0.534181,1.98673,1
1,13,57,-0.220943,1.42579,-3.55909,-0.534181,1.42579,1
1,12,57,0.873333,1.01222,-3.55909,-0.534181,1.01222,1
2,18,89,-1.90055,-1.55894,-5.75042,-2.39784,-1.55894,1
1,9,57,0.933052,2.06029,-3.55909,-0.534181,2.06029,1
1,7,57,1.73758,1.46395,-3.55909,-0.534181,1.46395,0
1,2,57,2.13498,1.25969,-3.55909,-0.534181,1.25969,0
1,18,56,0.408046,0.422577,-3.43957,-0.474568,0.422577,1
1,15,56,1.2805,2.03758,-3.43957,-0.474568,2.03758,1
1,13,56,-0.149753,1.35941,-3.43957,-0.474568,1.35941,1
4,15,56,-3.03023,-0.90768,-3.43957,-0.474568,-0.474568,3
1,12,56,0.710676,0.967168,-3.43957,-0.474568,0.967168,1
2,18,88,-2.03315,-1.66052,-5.55605,-2.24038,-1.66052,1
1,9,56,0.864075,2.19035,-3.43957,-0.474568,2.19035,1
1,7,56,1.79753,2.20937,-3.43957,-0.474568,2.20937,1
1,2,56,1.88975,1.45289,-3.43957,-0.474568,1.45289,0
1,20,55,1.09058,1.38364,-3.26052,-0.458097,1.38364,1
1,18,55,0.412926,0.473833,-3.26052,-0.458097,0.473833,1
1,15,55,1.05726,2.03823,-3.26052,-0.458097,2.03823,1
1,13,55,0.25471,1.37041,-3.26052,-0.458097,1.37041,1
1,12,55,0.893271,1.22116,-3.26052,-0.458097,1.22116,1
2,18,35,3.03401,2.79788,1.44812,-0.805878,2.79788,0
1,9,55,0.990617,2.13144,-3.26052,-0.458097,2.13144,1
1,7,55,2.35984,1.90283,-3.26052,-0.458097,1.90283,0
1,2,55,2.22165,1.63131,-3.26052,-0.458097,1.63131,0
1,20,54,1.4421,1.63921,-3.28628,-0.56961,1.63921,1
1,18,54,0.481971,1.03457,-3.28628,-0.56961,0.481971,1
1,15,54,0.563753,1.69969,-3.28628,-0.56961,1.69969,1
1,13,54,0.423767,1.36555,-3.28628,-0.56961,1.36555,1
1,12,54,1.30243,1.43238,-3.28628,-0.56961,1.43238,1
2,18,34,3.06753,2.53284,1.42834,-0.805878,2.53284,0
1,9,54,1.11211,2.3152,-3.28628,-0.56961,2.3152,1
1,2,54,2.11661,1.43675,-3.28628,-0.56961,1.43675,0
1,20,53,1.53687,1.67121,-3.24637,-0.595251,1.67121,1
1,18,53,0.674912,0.844186,-3.24637,-0.595251,0.844186,1
1,15,53,0.993354,2.01293,-3.24637,-0.595251,2.01293,1
1,13,53,0.533364,1.4554,-3.24637,-0.595251,1.4554,1
1,12,53,1.53561,1.57361,-3.24637,-0.595251,1.57361,1
2,18,93,-2.0448,-1.8133,-3.41916,-2.51688,-2.0448,1
1,9,53,0.861133,2.48071,-3.24637,-0.595251,2.48071,1
1,2,53,1.95321,1.82778,-3.24637,-0.595251,1.82778,0
1,20,52,2.10052,1.87639,-3.16282,-0.404636,1.87639,0
1,18,52,1.61983,1.45615,-3.16282,-0.404636,1.45615,0
1,15,52,1.06001,2.17331,-3.16282,-0.404636,2.17331,1
1,13,52,0.373723,1.54042,-3.16282,-0.404636,1.54042,1
1,12,52,1.50884,1.62669,-3.16282,-0.404636,1.62669,1
2,18,92,-2.15825,-1.87727,-6.43894,-2.39982,-1.87727,1
1,9,52,1.35247,2.40392,-3.16282,-0.404636,2.40392,1
1,2,52,1.75939,1.99996,-3.16282,-0.404636,1.99996,1
1,20,51,2.16535,2.19748,-3.03783,-0.448822,2.19748,1
1,18,51,1.71155,1.45235,-3.03783,-0.448822,1.45235,0
1,15,51,1.67388,2.17875,-3.03783,-0.448822,2.17875,1
1,13,51,0.568206,1.56551,-3.03783,-0.448822,1.56551,1
1,12,51,1.12975,1.36544,-3.03783,-0.448822,1.36544,1
2,18,39,2.19756,1.76012,0.982003,-0.317489,1.76012,0
1,9,51,1.42982,2.46788,-3.03783,-0.448822,2.46788,1
1,4,51,2.13112,2.57631,-3.03783,-0.448822,2.57631,1
1,2,51,1.97115,1.9356,-3.03783,-0.448822,1.9356,0
1,20,50,1.29666,2.30549,-2.70986,-0.510597,2.30549,1
1,18,50,1.63912,2.5617,-2.70986,-0.510597,2.5617,1
1,15,50,1.13286,1.10175,-2.70986,-0.510597,1.10175,0
1,13,50,1.71064,0.567487,-2.70986,-0.510597,0.567487,0
1,12,50,1.85433,2.08196,-2.70986,-0.510597,2.08196,1
1,18,94,-1.57605,-1.3412,-3.41916,-2.55553,-1.3412,1
2,18,38,2.01769,2.16599,0.671689,-0.230343,2.16599,1
1,9,50,1.43345,1.84658,-2.70986,-0.510597,1.84658,1
1,4,50,0.934118,2.07035,-2.70986,-0.510597,2.07035,1
1,2,50,1.67147,2.55683,-2.70986,-0.510597,2.55683,1
1,20,49,1.36568,2.38745,-2.3856,-0.416188,2.38745,1
1,18,49,1.97632,2.7524,-2.3856,-0.416188,2.7524,1
1,15,49,1.89042,1.64053,-2.3856,-0.416188,1.64053,0
1,13,49,2.00374,1.04359,-2.3856,-0.416188,2.00374,0
4,15,15,-0.479294,-0.479294,2.8676,-0.805878,2.8676,2
1,12,49,2.06988,2.19765,-2.3856,-0.416188,2.19765,1
1,8,21,4.07823,3.72923,2.59473,-0.805878,3.72923,0
1,11,49,2.07092,1.77077,-2.3856,-0.416188,1.77077,0
2,18,33,3.30057,2.86544,1.60775,-0.805878,2.86544,0
1,9,49,1.21435,1.99296,-2.3856,-0.416188,1.99296,1
1,4,49,0.928373,2.1307,-2.3856,-0.416188,2.1307,1
2,8,41,2.54344,2.26061,0.201755,-0.28101,2.26061,0
2,6,59,0.653459,0.415825,-3.59803,-0.651593,0.415825,0
1,14,41,2.68993,1.47657,0.201755,-0.28101,1.47657,0
1,3,49,1.21685,2.06561,-2.3856,-0.416188,2.06561,1
1,2,49,1.85402,2.65813,-2.3856,-0.416188,2.65813,1
1,20,48,1.19103,2.14719,-2.02538,-0.386848,2.14719,1
1,18,48,2.21224,2.9111,-2.02538,-0.386848,2.9111,1
1,15,48,2.00926,1.79292,-2.02538,-0.386848,1.79292,0
1,13,48,2.02469,1.07508,-2.02538,-0.386848,1.07508,0
1,12,48,2.30313,2.54485,-2.02538,-0.386848,2.54485,1
2,18,32,2.46329,1.74455,1.7249,-0.805878,1.74455,0
1,9,48,1.0665,1.85142,-2.02538,-0.386848,1.85142,1
1,4,48,1.11197,1.97178,-2.02538,-0.386848,1.97178,1
1,2,48,2.18094,2.91247,-2.02538,-0.386848,2.91247,1
1,20,47,1.22747,2.25357,-1.66582,-0.377744,2.25357,1
1,18,47,2.35221,3.35448,-1.66582,-0.377744,3.35448,1
1,15,47,2.1603,1.97546,-1.66582,-0.377744,1.97546,0
1,13,47,2.25205,1.22439,-1.66582,-0.377744,1.22439,0
4,15,49,-2.61941,-2.61941,-2.3856,-0.416188,-0.416188,3
1,12,47,2.13783,2.63867,-1.66582,-0.377744,2.63867,1
1,18,93,-1.4749,-1.34011,-3.41916,-2.51688,-1.34011,1
2,18,43,1.39679,1.82504,-0.351569,-0.382527,1.82504,1
1,9,47,1.27831,2.00296,-1.66582,-0.377744,2.00296,1
1,7,47,2.47868,3.05082,-1.66582,-0.377744,3.05082,1
2,8,43,2.19686,2.0936,-0.351569,-0.382527,2.0936,0
2,6,61,0.457003,0.26626,-3.77303,-0.607646,0.26626,0
1,14,39,2.86996,1.37426,0.982003,-0.317489,1.37426,0
1,3,47,1.23625,2.1794,-1.66582,-0.377744,2.1794,1
1,2,47,2.27215,3.04354,-1.66582,-0.377744,3.04354,1
1,18,46,1.99925,3.20991,-1.27338,-0.395639,3.20991,1
1,17,46,2.42729,2.56152,-1.27338,-0.395639,2.42729,1
1,15,46,2.50766,2.30203,-1.27338,-0.395639,2.30203,0
1,13,46,2.39935,1.39732,-1.27338,-0.395639,1.39732,0
4,15,50,-2.7155,-2.7155,-2.70986,-0.510597,-0.510597,3
1,12,46,2.69494,2.56918,-1.27338,-0.395639,2.69494,0
1,18,90,-1.27578,-0.8999,-6.05291,-2.36134,-0.8999,1
2,18,42,1.06111,1.71852,-0.0637023,-0.353411,1.71852,1
1,9,46,1.48291,2.0716,-1.27338,-0.395639,2.0716,1
2,6,58,0.304411,0.0748595,-3.5329,-0.497556,0.0748595,0
2,8,42,2.22805,2.35225,-0.0637023,-0.353411,2.35225,1
1,14,40,3.06436,1.52641,0.424054,-0.32524,3.06436,0
1,3,46,1.32625,2.42222,-1.27338,-0.395639,2.42222,1
1,2,46,2.36265,2.90763,-1.27338,-0.395639,2.90763,1
1,20,45,1.43286,2.28035,-0.989663,-0.351506,2.28035,1
1,18,45,2.08424,3.06845,-0.989663,-0.351506,3.06845,1
1,15,45,2.83865,2.56077,-0.989663,-0.351506,2.56077,0
1,13,45,2.50463,1.60637,-0.989663,-0.351506,1.60637,0
4,15,51,-2.78547,-0.695375,-3.03783,-0.448822,-0.448822,3
1,12,45,2.89569,2.6726,-0.989663,-0.351506,2.6726,0
1,18,95,-1.67588,-1.34794,-3.41916,-2.85377,-1.34794,1
2,18,37,2.17037,2.20906,0.962271,-0.077702,2.20906,1
1,9,45,2.08973,2.41437,-0.989663,-0.351506,2.41437,1
2,8,45,1.73664,2.58156,-0.989663,-0.351506,2.58156,1
1,14,37,3.04334,3.24776,0.962271,-0.077702,3.24776,1
2,6,63,0.345465,0.222367,-4.03562,-0.692524,0.222367,0
1,3,45,1.23494,2.42512,-0.989663,-0.351506,2.42512,1
1,2,45,2.40355,3.13858,-0.989663,-0.351506,3.13858,1
1,20,44,2.63022,2.41187,-0.646582,-0.45329,2.41187,0
1,18,44,3.06419,2.08822,-0.646582,-0.45329,2.08822,0
1,15,44,3.02808,2.39273,-0.646582,-0.45329,2.39273,0
1,13,44,2.6437,1.91851,-0.646582,-0.45329,1.91851,0
4,15,52,-2.89315,-0.81023,-3.16282,-0.404636,-0.404636,3
1,12,44,2.16107,2.24701,-0.646582,-0.45329,2.24701,1
1,18,92,-1.54385,-1.2968,-6.43894,-2.39982,-1.2968,1
2,18,36,2.72851,2.28115,1.45696,0.264588,2.28115,0
1,9,44,1.95726,2.41142,-0.646582,-0.45329,2.41142,1
2,8,44,2.15618,2.07831,-0.646582,-0.45329,2.07831,0
2,6,60,0.775909,0.36497,-3.62281,-0.563066,0.36497,0
1,14,38,3.19122,3.26247,0.671689,-0.230343,3.26247,1
1,3,44,2.20874,2.96228,-0.646582,-0.45329,2.96228,1
1,2,44,2.22342,1.62106,-0.646582,-0.45329,1.62106,0
1,18,43,2.86922,2.18104,-0.351569,-0.382527,2.18104,0
1,15,43,2.88063,2.31212,-0.351569,-0.382527,2.31212,0
1,13,43,3.08775,2.18472,-0.351569,-0.382527,2.18472,0
4,15,53,-2.88215,-0.773386,-3.24637,-0.595251,-0.595251,3
1,12,43,2.06326,2.64037,-0.351569,-0.382527,2.64037,1
1,18,89,-1.38205,-1.08571,-5.75042,-2.39784,-1.08571,1
2,18,47,2.03617,2.87179,-1.66582,-0.377744,2.87179,1
1,9,43,2.56445,2.76974,-0.351569,-0.382527,2.76974,1
2,6,33,2.86593,3.52269,1.60775,-0.805878,3.52269,1
2,8,47,1.5474,2.18668,-1.66582,-0.377744,2.18668,1
1,14,35,3.28807,3.62068,1.44812,-0.805878,3.62068,1
1,3,43,2.29973,3.00506,-0.351569,-0.382527,3.00506,1
1,2,43,2.5399,1.87619,-0.351569,-0.382527,1.87619,0
1,20,42,2.85495,2.6707,-0.0637023,-0.353411,2.6707,0
1,18,42,2.9466,2.15935,-0.0637023,-0.353411,2.15935,0
1,15,42,2.86358,2.2799,-0.0637023,-0.353411,2.2799,0
1,13,42,3.24057,2.3069,-0.0637023,-0.353411,3.24057,0
4,15,54,-2.99027,-0.737795,-3.28628,-0.56961,-0.56961,3
1,12,42,2.48129,2.8601,-0.0637023,-0.353411,2.8601,1
1,18,86,-1.18499,-0.876584,-5.61978,-2.01828,-0.876584,1
2,18,46,2.27034,2.86744,-1.27338,-0.395639,2.86744,1
1,9,42,2.70137,3.0326,-0.0637023,-0.353411,3.0326,1
2,8,46,1.57601,2.42617,-1.27338,-0.395639,2.42617,1
1,14,36,3.27664,3.51417,1.45696,0.264588,3.51417,1
2,6,62,0.511826,0.266274,-3.86868,-0.735614,0.266274,0
1,3,42,2.18511,2.8754,-0.0637023,-0.353411,2.8754,1
1,2,42,2.61575,1.93382,-0.0637023,-0.353411,1.93382,0
1,18,41,2.64388,2.05744,0.201755,-0.28101,2.05744,0
1,17,41,3.01332,2.18179,0.201755,-0.28101,2.18179,0
1,15,41,3.27679,2.29172,0.201755,-0.28101,2.29172,0
1,13,41,3.1525,2.30758,0.201755,-0.28101,2.30758,0
4,15,55,-3.02202,-0.988138,-3.26052,-0.458097,-0.458097,3
1,12,41,2.70972,3.04151,0.201755,-0.28101,3.04151,1
1,18,91,-1.47486,-1.17709,-6.29331,-2.45927,-1.17709,1
2,18,41,2.00587,1.58803,0.201755,-0.28101,1.58803,0
1,9,41,2.81488,3.07493,0.201755,-0.28101,3.07493,1
1,2,41,2.57916,1.97846,0.201755,-0.28101,1.97846,0
1,18,40,3.08818,2.27152,0.424054,-0.32524,2.27152,0
1,17,40,2.88351,2.02015,0.424054,-0.32524,2.02015,0
1,15,40,3.34322,2.33824,0.424054,-0.32524,2.33824,0
1,13,40,3.06701,2.17107,0.424054,-0.32524,2.17107,0
4,15,40,-2.00091,-1.91442,0.424054,-0.32524,-0.32524,2
1,12,40,2.78235,2.81462,0.424054,-0.32524,2.81462,1
1,18,88,-1.53203,-1.34579,-5.55605,-2.24038,-1.34579,1
2,18,40,2.19959,1.73373,0.424054,-0.32524,1.73373,0
1,9,40,2.67297,3.0445,0.424054,-0.32524,3.0445,1
2,6,32,3.52534,3.18399,1.7249,-0.805878,3.18399,0
2,8,32,3.03756,3.57674,1.7249,-0.805878,3.57674,1
1,14,34,3.43105,3.8989,1.42834,-0.805878,3.8989,1
1,3,40,2.44778,2.91909,0.424054,-0.32524,2.91909,1
1,2,40,2.53683,2.10949,0.424054,-0.32524,2.10949,0
1,18,39,3.0295,2.27132,0.982003,-0.317489,2.27132,0
1,15,39,3.48326,2.31415,0.982003,-0.317489,2.31415,0
1,13,39,3.08969,2.11967,0.982003,-0.317489,2.11967,0
4,15,57,-2.97891,-0.94615,-3.55909,-0.534181,-0.534181,3
1,12,39,2.85345,2.92295,0.982003,-0.317489,2.92295,1
1,18,85,-0.842663,-0.994633,-5.14185,-2.10808,-0.842663,0
2,18,51,0.109399,1.08447,-3.03783,-0.448822,1.08447,1
1,9,39,3.10923,3.37242,0.982003,-0.317489,3.37242,1
1,2,39,2.75028,2.07613,0.982003,-0.317489,2.07613,0
1,18,38,3.17078,3.14203,0.671689,-0.230343,3.14203,0
1,15,38,2.78883,3.3582,0.671689,-0.230343,3.3582,1
1,13,38,2.54718,3.2067,0.671689,-0.230343,3.2067,1
4,15,58,-3.03783,-1.18992,-3.5329,-0.497556,-0.497556,3
1,12,38,3.37509,3.34709,0.671689,-0.230343,3.34709,0
1,18,82,-0.411579,-0.738315,-5.04662,-1.89873,-0.738315,0
2,18,50,1.02126,2.37936,-2.70986,-0.510597,2.37936,1
1,9,38,3.25776,3.55617,0.671689,-0.230343,3.55617,1
1,2,38,2.79142,2.55266,0.671689,-0.230343,2.55266,0
1,18,37,3.21739,3.03235,0.962271,-0.077702,3.03235,0
1,15,37,2.92341,3.60792,0.962271,-0.077702,3.60792,1
1,13,37,2.54568,3.5597,0.962271,-0.077702,3.5597,1
4,15,59,-3.16282,-1.28987,-3.59803,-0.651593,-0.651593,3
1,12,37,3.15383,3.27912,0.962271,-0.077702,3.27912,1
1,18,87,-1.28744,-0.92078,-5.60239,-2.09737,-0.92078,1
2,18,45,2.1214,2.99311,-0.989663,-0.351506,2.99311,1
1,9,37,3.19804,3.36065,0.962271,-0.077702,3.36065,1
1,14,61,-0.153588,0.820369,-3.77303,-0.607646,-0.153588,1
2,6,39,1.93954,2.90691,0.982003,-0.317489,2.90691,1
2,8,37,2.87154,3.55877,0.962271,-0.077702,3.55877,1
1,3,37,3.40147,3.97381,0.962271,-0.077702,3.97381,1
1,2,37,2.78567,2.65074,0.962271,-0.077702,2.65074,0
1,18,36,3.15798,3.18322,1.45696,0.264588,3.15798,1
1,15,36,2.89469,3.54961,1.45696,0.264588,3.54961,1
1,13,36,2.33328,3.63562,1.45696,0.264588,3.63562,1
4,15,60,-3.24637,-1.0809,-3.62281,-0.563066,-0.563066,3
1,12,36,3.2945,3.37676,1.45696,0.264588,3.37676,1
1,18,84,-0.638333,-0.942288,-5.35927,-2.00544,-0.942288,0
2,18,44,1.18927,1.66249,-0.646582,-0.45329,1.66249,1
1,9,36,3.37191,3.4583,1.45696,0.264588,3.4583,1
1,2,36,2.92218,3.19407,1.45696,0.264588,3.19407,1
1,18,35,3.52309,3.78865,1.44812,-0.805878,3.78865,1
1,15,35,3.14247,3.67461,1.44812,-0.805878,3.67461,1
1,13,35,2.4247,3.76461,1.44812,-0.805878,3.76461,1
4,15,61,-3.28628,-1.14648,-3.77303,-0.607646,-0.607646,3
1,12,35,3.22775,3.44401,1.44812,-0.805878,3.44401,1
1,18,81,-0.559592,-0.976045,-4.70389,-1.77463,-0.976045,0
2,18,55,0.0508949,0.476746,-3.26052,-0.458097,0.476746,1
1,9,35,3.27889,3.65174,1.44812,-0.805878,3.65174,1
2,8,39,2.98315,2.48712,0.982003,-0.317489,2.48712,0
2,6,41,1.55392,2.63104,0.201755,-0.28101,2.63104,1
1,14,59,0.178417,1.01711,-3.59803,-0.651593,1.01711,1
1,3,35,3.63501,3.99946,1.44812,-0.805878,3.63501,1
1,2,35,3.21248,3.31752,1.44812,-0.805878,3.31752,1
1,20,34,3.18655,2.38899,1.42834,-0.805878,2.38899,0
1,18,34,3.15042,3.24381,1.42834,-0.805878,3.24381,1
1,15,34,3.08883,3.74584,1.42834,-0.805878,3.74584,1
1,13,34,2.41849,3.6112,1.42834,-0.805878,3.6112,1
4,15,62,-3.26052,-1.43823,-3.86868,-0.735614,-0.735614,3
1,12,34,3.41071,3.51979,1.42834,-0.805878,3.51979,1
1,18,78,-0.170124,-0.479143,-4.65291,-1.66623,-0.479143,0
2,18,54,0.494832,0.945816,-3.28628,-0.56961,0.945816,1
1,9,34,3.2743,3.41466,1.42834,-0.805878,3.41466,1
2,8,38,2.70055,3.2645,0.671689,-0.230343,3.2645,1
2,6,38,2.52589,2.77691,0.671689,-0.230343,2.77691,1
1,14,60,0.0465395,0.896358,-3.62281,-0.563066,0.896358,1
1,3,34,3.78421,3.95653,1.42834,-0.805878,3.95653,1
1,2,34,3.56479,3.34965,1.42834,-0.805878,3.34965,0
1,18,33,3.38259,3.83491,1.60775,-0.805878,3.83491,1
1,15,33,3.10113,3.78492,1.60775,-0.805878,3.78492,1
1,13,33,2.50743,3.7876,1.60775,-0.805878,3.7876,1
4,15,63,-3.43957,-1.63654,-4.03562,-0.692524,-0.692524,3
1,12,33,3.53213,3.46367,1.60775,-0.805878,3.46367,0
1,18,83,-0.605555,-1.06951,-5.22327,-1.89942,-1.06951,0
2,18,49,1.40341,2.5718,-2.3856,-0.416188,2.5718,1
1,9,33,3.34004,3.21332,1.60775,-0.805878,3.21332,0
2,6,43,1.91531,2.87508,-0.351569,-0.382527,2.87508,1
1,14,57,0.201464,1.04226,-3.55909,-0.534181,1.04226,1
2,8,57,0.632829,-0.219106,-3.55909,-0.534181,-0.219106,0
1,3,33,3.76373,4.43452,1.60775,-0.805878,4.43452,1
1,2,33,3.78309,3.28386,1.60775,-0.805878,3.28386,0
1,18,32,2.93742,2.711,1.7249,-0.805878,2.711,0
1,15,32,3.7342,3.26846,1.7249,-0.805878,3.26846,0
1,13,32,2.90981,3.54604,1.7249,-0.805878,3.54604,1
4,15,48,-2.52467,-2.52467,-2.02538,-0.386848,-0.386848,3
1,12,32,3.09426,3.92623,1.7249,-0.805878,3.92623,1
1,18,80,-0.592867,-1.08922,-4.82344,-1.66435,-1.08922,0
2,18,48,1.76528,2.63522,-2.02538,-0.386848,2.63522,1
1,9,32,3.53561,3.479,1.7249,-0.805878,3.479,0
2,6,40,1.82161,2.79943,0.424054,-0.32524,2.79943,1
1,14,58,0.171302,1.13003,-3.5329,-0.497556,1.13003,1
2,8,56,0.72044,-0.148113,-3.43957,-0.474568,-0.148113,0
1,3,32,3.88928,3.02012,1.7249,-0.805878,3.02012,0
1,2,32,3.55722,4.01069,1.7249,-0.805878,4.01069,1
1,19,31,3.62692,3.53717,1.72456,-0.805878,3.53717,0
1,18,31,2.94156,2.75588,1.72456,-0.805878,2.75588,0
4,2,2,0.390415,4.93066,2.95846,-0.805878,4.93066,1
4,11,19,-0.760146,-0.760146,2.73033,-0.805878,2.73033,2
1,16,31,3.70722,3.01061,1.72456,-0.805878,3.01061,0
1,15,31,3.3106,2.7303,1.72456,-0.805878,2.7303,0
1,3,7,5.33011,2.75254,2.92731,-0.805878,2.75254,0
1,14,31,3.13582,3.46599,1.72456,-0.805878,3.46599,1
1,13,31,3.6943,3.53657,1.72456,-0.805878,3.53657,0
1,9,31,3.66651,3.66371,1.72456,-0.805878,3.66371,0
1,11,59,0.758576,2.29309,-3.59803,-0.651593,2.29309,1
1,8,31,3.31896,3.87867,1.72456,-0.805878,3.87867,1
1,7,31,3.68503,3.32736,1.72456,-0.805878,3.32736,0
1,16,63,-0.218334,0.506038,-4.03562,-0.692524,0.506038,1
4,2,34,1.19546,-0.433717,1.42834,-0.805878,-0.535216,2
1,6,31,3.69492,4.23677,1.72456,-0.805878,4.23677,1
1,3,31,3.97462,3.22556,1.72456,-0.805878,3.22556,0
1,2,31,3.4577,4.1379,1.72456,-0.805878,4.1379,1
1,19,30,3.67574,3.62482,1.53923,-0.805878,3.62482,0
1,18,30,3.23304,2.94385,1.53923,-0.805878,2.94385,0
1,15,30,3.72521,3.02529,1.53923,-0.805878,3.02529,0
1,13,30,3.78993,3.64989,1.53923,-0.805878,3.64989,0
1,9,30,3.93634,3.8388,1.53923,-0.805878,3.8388,0
1,11,58,0.652996,2.24963,-3.5329,-0.497556,2.24963,1
1,8,30,3.66373,4.09223,1.53923,-0.805878,4.09223,1
1,7,30,3.75239,3.52904,1.53923,-0.805878,3.52904,0
1,3,30,4.09475,3.1017,1.53923,-0.805878,3.1017,0
1,2,30,3.67344,4.43306,1.53923,-0.805878,4.43306,1
1,19,29,3.1219,3.39048,1.67657,-0.805878,3.39048,1
1,18,29,3.3789,3.00123,1.67657,-0.805878,3.3789,0
4,11,17,-0.64769,-0.64769,2.67763,-0.805878,2.67763,2
4,2,12,-0.381377,6.53944,2.93608,-0.805878,1.64256,1
1,16,29,3.93207,3.15125,1.67657,-0.805878,3.15125,0
1,15,29,3.2326,2.9664,1.67657,-0.805878,2.9664,0
1,13,29,4.00046,3.13835,1.67657,-0.805878,3.13835,0
1,9,29,3.94545,3.67886,1.67657,-0.805878,3.67886,0
4,10,98,-6.29331,-6.29331,-3.41916,-3.12829,-3.12829,3
1,11,57,0.907895,2.57323,-3.55909,-0.534181,2.57323,1
1,8,29,3.67523,4.09298,1.67657,-0.805878,4.09298,1
1,7,29,3.9827,4.08159,1.67657,-0.805878,4.08159,1
4,2,32,0.676391,3.07527,1.7249,-0.805878,1.7249,1
1,16,57,0.550023,1.5681,-3.55909,-0.534181,1.5681,1
1,6,29,3.76895,4.23378,1.67657,-0.805878,4.23378,1
1,3,29,4.07339,2.98386,1.67657,-0.805878,2.98386,0
1,2,29,4.00671,4.09552,1.67657,-0.805878,4.09552,1
1,19,28,3.81137,3.69074,1.70711,-0.805878,3.69074,0
1,18,28,3.28836,3.23919,1.70711,-0.805878,3.23919,0
4,11,16,-0.543395,3.58086,2.59926,-0.805878,2.59926,1
4,2,13,-0.496319,-0.496319,2.91513,-0.805878,2.91513,2
1,16,28,3.77706,3.22839,1.70711,-0.805878,3.22839,0
1,15,28,2.82529,3.21491,1.70711,-0.805878,3.21491,1
1,13,28,3.6112,3.3187,1.70711,-0.805878,3.3187,0
1,9,28,3.64553,3.57218,1.70711,-0.805878,3.57218,0
1,11,56,1.07813,2.54942,-3.43957,-0.474568,2.54942,1
4,10,99,-6.43894,-6.43894,-3.41916,-3.35117,-3.35117,3
1,8,28,3.99149,4.01967,1.70711,-0.805878,4.01967,1
1,7,28,3.97274,3.83021,1.70711,-0.805878,3.83021,0
1,16,62,-0.0498551,0.756564,-3.86868,-0.735614,0.756564,1
4,2,35,1.22705,-0.489234,1.44812,-0.805878,-0.489234,2
1,6,28,4.05193,4.27064,1.70711,-0.805878,4.27064,1
1,3,28,4.29019,3.09304,1.70711,-0.805878,3.09304,0
1,2,28,4.25851,4.16912,1.70711,-0.805878,4.16912,0
1,19,27,2.89068,3.597,1.79261,-0.805878,3.597,1
1,18,27,3.16501,3.53207,1.79261,-0.805878,3.53207,1
1,15,27,3.78115,2.67582,1.79261,-0.805878,2.67582,0
1,13,27,3.71268,3.56912,1.79261,-0.805878,3.56912,0
1,9,27,3.921,4.36593,1.79261,-0.805878,4.36593,1
1,7,27,3.79596,4.18091,1.79261,-0.805878,4.18091,1
2,9,67,-0.48068,-0.202844,-4.33476,-0.933887,-0.202844,1
1,4,27,4.37887,3.51929,1.79261,-0.805878,3.51929,0
2,6,17,4.62487,4.39411,2.67763,-0.805878,4.39411,0
1,3,27,3.79847,3.38734,1.79261,-0.805878,3.38734,0
1,2,27,4.04232,3.83564,1.79261,-0.805878,3.83564,0
1,19,26,3.29057,3.14529,2.08517,-0.805878,3.14529,0
1,18,26,3.30106,3.45004,2.08517,-0.805878,3.45004,1
1,15,26,3.88492,2.87754,2.08517,-0.805878,2.87754,0
1,13,26,4.12502,3.6451,2.08517,-0.805878,3.6451,0
1,9,26,4.17416,4.42913,2.08517,-0.805878,4.42913,1
1,7,26,3.92336,4.13934,2.08517,-0.805878,4.13934,1
2,9,66,-0.342469,0.261169,-4.06104,-0.806488,0.261169,1
1,4,26,4.6377,3.53082,2.08517,-0.805878,3.53082,0
1,3,26,4.00001,3.38236,2.08517,-0.805878,3.38236,0
1,2,26,4.13167,3.80552,2.08517,-0.805878,3.80552,0
1,18,25,3.15965,2.82219,2.04479,-0.805878,2.82219,0
1,15,25,4.13835,2.91893,2.04479,-0.805878,2.91893,0
1,13,25,4.23173,4.2791,2.04479,-0.805878,4.2791,1
1,12,25,3.98836,4.12779,2.04479,-0.805878,4.12779,1
1,9,25,3.64057,4.61176,2.04479,-0.805878,4.61176,1
1,11,61,0.553904,1.82049,-3.77303,-0.607646,1.82049,1
1,8,25,4.22102,3.50005,2.04479,-0.805878,3.50005,0
1,7,25,4.06802,4.33267,2.04479,-0.805878,4.33267,1
2,9,69,-0.234284,0.139835,-4.38821,-0.937499,0.139835,1
1,4,25,4.70817,3.82095,2.04479,-0.805878,3.82095,0
2,6,19,4.26536,4.1412,2.73033,-0.805878,4.1412,0
1,3,25,4.12393,3.90867,2.04479,-0.805878,3.90867,0
1,2,25,4.31148,3.51028,2.04479,-0.805878,3.51028,0
1,19,24,3.55283,3.83191,2.20454,-0.805878,3.83191,1
1,18,24,3.5218,3.7873,2.20454,-0.805878,3.7873,1
1,15,24,4.18144,3.21218,2.20454,-0.805878,3.21218,0
1,13,24,4.44344,4.34734,2.20454,-0.805878,4.34734,0
1,9,24,3.7573,4.31984,2.20454,-0.805878,4.31984,1
1,7,24,4.18479,4.45912,2.20454,-0.805878,4.45912,1
2,9,68,-0.950232,-0.204901,-4.27007,-1.01066,-0.204901,1
1,4,24,4.5725,3.41957,2.20454,-0.805878,3.41957,0
2,6,16,4.57612,4.35054,2.59926,-0.805878,4.35054,0
1,3,24,4.23688,3.89508,2.20454,-0.805878,3.89508,0
1,2,24,4.32328,4.24958,2.20454,-0.805878,4.24958,0
1,20,23,3.09386,3.93724,2.09672,-0.805878,3.93724,1
1,19,23,3.33085,3.88623,2.09672,-0.805878,3.88623,1
1,18,23,3.74223,3.40733,2.09672,-0.805878,3.40733,0
1,6,71,0.371827,0.439236,-4.4203,-1.13959,0.439236,1
4,11,27,-1.19634,0.571258,1.79261,-0.805878,1.79261,2
4,2,10,4.62954,5.89393,2.9161,-0.805878,2.9161,1
1,16,23,3.27093,3.85597,2.09672,-0.805878,3.85597,1
1,15,23,3.70113,3.6462,2.09672,-0.805878,3.6462,0
1,13,23,4.26772,4.21659,2.09672,-0.805878,4.21659,0
2,18,67,-0.559148,-0.654523,-4.33476,-0.933887,-0.654523,0
1,9,23,3.26899,3.87803,2.09672,-0.805878,3.87803,1
1,11,51,1.65718,2.89206,-3.03783,-0.448822,2.89206,1
1,8,23,4.20175,3.53388,2.09672,-0.805878,3.53388,0
1,7,23,4.4899,3.93224,2.09672,-0.805878,3.93224,0
2,20,24,3.79849,3.02238,2.20454,-0.805878,3.02238,0
1,5,23,3.94119,4.45193,2.09672,-0.805878,4.45193,1
2,9,71,-0.221971,-0.738739,-4.4203,-1.13959,-0.738739,0
1,4,23,4.10533,3.48052,2.09672,-0.805878,3.48052,0
2,6,21,3.58962,4.3478,2.59473,-0.805878,3.58962,1
1,14,15,3.72903,3.81399,2.8676,-0.805878,3.81399,1
1,3,23,4.27764,4.3071,2.09672,-0.805878,4.3071,1
1,2,23,4.12808,4.54396,2.09672,-0.805878,4.54396,1
1,20,22,2.80082,3.9806,2.39276,-0.805878,3.9806,1
1,19,22,2.97733,4.09519,2.39276,-0.805878,4.09519,1
1,18,22,3.016,3.33529,2.39276,-0.805878,3.33529,1
1,6,68,0.76414,1.00497,-4.27007,-1.01066,1.00497,1
4,2,11,5.23749,6.15916,2.80572,-0.805878,0.58713,1
4,11,26,-1.12974,0.670375,2.08517,-0.805878,2.08517,2
1,16,22,3.23182,3.94477,2.39276,-0.805878,3.23182,1
1,15,22,2.76975,3.6804,2.39276,-0.805878,3.6804,1
1,13,22,4.18672,4.49695,2.39276,-0.805878,4.49695,1
2,18,66,-0.2777,-0.0117154,-4.06104,-0.806488,-0.0117154,1
1,9,22,3.74558,4.07856,2.39276,-0.805878,4.07856,1
1,11,50,1.63074,1.48559,-2.70986,-0.510597,1.48559,0
1,8,22,3.74404,3.44361,2.39276,-0.805878,3.44361,0
1,7,22,4.48818,4.0599,2.39276,-0.805878,4.0599,0
4,2,37,1.30575,-0.641992,0.962271,-0.077702,-0.638625,0
1,16,36,2.8613,3.37429,1.45696,0.264588,3.37429,1
1,6,22,4.36335,4.34583,2.39276,-0.805878,4.34583,0
2,9,70,-0.610501,-0.0366428,-4.23657,-1.06699,-0.0366428,1
1,4,22,4.25088,3.59915,2.39276,-0.805878,4.25088,0
2,6,18,4.45553,3.21991,2.65786,-0.805878,3.21991,0
1,3,22,4.35826,4.44485,2.39276,-0.805878,4.44485,1
1,2,22,4.53797,4.89506,2.39276,-0.805878,4.89506,1
1,20,21,3.2303,4.04956,2.59473,-0.805878,4.04956,1
1,19,21,2.93394,3.52245,2.59473,-0.805878,3.52245,1
1,18,21,3.52288,3.51155,2.59473,-0.805878,3.52288,0
1,6,65,0.833927,1.18891,-4.11009,-0.783219,1.18891,1
4,2,20,-0.805878,3.69609,2.55099,-0.805878,-0.355681,1
4,11,25,-1.10732,0.748822,2.04479,-0.805878,2.04479,2
1,16,21,3.27249,3.58434,2.59473,-0.805878,3.58434,1
1,15,21,3.80824,3.74864,2.59473,-0.805878,3.74864,0
1,13,21,3.36648,4.35558,2.59473,-0.805878,4.35558,1
1,9,21,4.01748,4.50188,2.59473,-0.805878,4.50188,1
1,7,21,4.17871,3.6843,2.59473,-0.805878,3.6843,0
2,9,89,-1.26837,-0.889451,-5.75042,-2.39784,-0.889451,1
1,4,21,4.40621,4.03836,2.59473,-0.805878,4.03836,0
1,2,21,4.40282,4.94357,2.59473,-0.805878,4.94357,1
1,20,20,3.84729,4.26592,2.55099,-0.805878,4.26592,1
1,19,20,3.59341,3.37706,2.55099,-0.805878,3.37706,0
1,18,20,3.50241,3.10157,2.55099,-0.805878,3.10157,0
1,6,70,0.781018,1.09507,-4.23657,-1.06699,1.09507,1
4,11,24,-1.02966,0.808946,2.20454,-0.805878,2.20454,2
4,2,21,1.01472,0.80052,2.59473,-0.805878,2.59473,2
1,16,20,3.03241,3.37275,2.55099,-0.805878,3.37275,1
1,15,20,4.16429,3.72746,2.55099,-0.805878,3.72746,0
1,13,20,3.83996,3.42027,2.55099,-0.805878,3.42027,0
1,9,20,4.37483,4.33364,2.55099,-0.805878,4.33364,0
1,7,20,4.05077,3.75671,2.55099,-0.805878,3.75671,0
2,9,88,-1.01584,-0.753236,-5.55605,-2.24038,-0.753236,1
1,4,20,4.50721,5.51657,2.55099,-0.805878,5.51657,1
1,2,20,4.14074,2.70166,2.55099,-0.805878,2.70166,0
1,19,19,2.49884,3.14721,2.73033,-0.805878,3.14721,1
1,9,97,-0.67782,-1.4368,-3.41916,-2.81209,-1.4368,0
1,18,19,3.436,3.94125,2.73033,-0.805878,3.94125,1
4,2,14,1.32191,5.29409,2.79075,-0.805878,5.05948,1
4,11,23,-0.967684,2.15072,2.09672,-0.805878,2.09672,1
1,16,19,3.39365,3.928,2.73033,-0.805878,3.928,1
1,15,19,3.66059,4.24519,2.73033,-0.805878,4.24519,1
1,13,19,3.95337,4.52942,2.73033,-0.805878,4.52942,1
2,18,71,-0.995898,-0.183966,-4.4203,-1.13959,-0.183966,1
1,9,19,4.54356,4.28535,2.73033,-0.805878,4.28535,0
1,11,55,1.06002,2.75556,-3.26052,-0.458097,2.75556,1
4,10,80,-4.58061,-4.39494,-4.82344,-1.66435,-1.66435,3
1,8,19,4.7191,4.43954,2.73033,-0.805878,4.43954,0
1,7,19,4.61497,4.74669,2.73033,-0.805878,4.74669,1
4,2,38,1.33945,-0.685402,0.671689,-0.230343,-0.437193,0
1,16,59,0.289086,0.750129,-3.59803,-0.651593,0.750129,1
1,6,19,4.19617,4.10075,2.73033,-0.805878,4.10075,0
2,20,36,2.28913,1.49943,1.45696,0.264588,1.49943,0
1,5,19,4.22899,3.67878,2.73033,-0.805878,4.22899,0
2,9,91,-1.22178,-0.993046,-6.29331,-2.45927,-0.993046,1
1,4,19,4.63481,5.88934,2.73033,-0.805878,5.88934,1
1,2,19,4.51686,5.66577,2.73033,-0.805878,5.66577,1
1,18,18,4.55556,4.73055,2.65786,-0.805878,4.73055,1
4,2,15,1.60444,-0.479294,2.8676,-0.805878,-0.765055,2
4,11,22,-0.882782,2.21462,2.39276,-0.805878,2.39276,2
1,16,18,4.57046,3.70392,2.65786,-0.805878,4.57046,0
1,15,18,3.43746,2.5743,2.65786,-0.805878,2.5743,0
1,13,18,5.0396,3.44524,2.65786,-0.805878,3.44524,0
2,18,70,-0.551745,-0.295193,-4.23657,-1.06699,-0.295193,1
1,9,18,4.59375,5.1907,2.65786,-0.805878,5.1907,1
4,10,81,-4.86797,-4.58116,-4.70389,-1.77463,-1.77463,3
1,11,54,1.4405,2.87332,-3.28628,-0.56961,2.87332,1
1,8,18,4.43221,4.62365,2.65786,-0.805878,4.62365,1
1,7,18,4.63563,4.87202,2.65786,-0.805878,4.87202,1
4,2,33,1.36711,-0.219189,1.60775,-0.805878,1.60775,2
1,16,56,0.543343,1.2463,-3.43957,-0.474568,1.2463,1
1,6,18,5.0165,2.1191,2.65786,-0.805878,2.1191,0
2,20,39,1.73013,2.42343,0.982003,-0.317489,2.42343,1
1,5,18,4.58028,3.85558,2.65786,-0.805878,3.85558,0
2,9,90,-1.24429,-0.910659,-6.05291,-2.36134,-0.910659,1
1,4,18,4.41522,3.81047,2.65786,-0.805878,3.81047,0
1,2,18,4.6005,3.44392,2.65786,-0.805878,3.44392,0
1,6,69,0.67112,0.816483,-4.38821,-0.937499,0.816483,1
4,2,8,5.44444,3.04878,2.93668,-0.805878,0.29531,0
4,11,21,-0.867753,2.44524,2.59473,-0.805878,2.59473,2
1,16,17,3.62405,4.74109,2.67763,-0.805878,4.74109,1
1,15,17,3.5112,3.8233,2.67763,-0.805878,3.8233,1
1,13,17,3.96767,4.20994,2.67763,-0.805878,4.20994,1
2,18,65,-0.162963,-0.0990578,-4.11009,-0.783219,-0.0990578,1
1,9,17,4.27867,5.19961,2.67763,-0.805878,5.19961,1
1,11,53,1.41621,2.81556,-3.24637,-0.595251,2.81556,1
1,8,17,4.64906,5.3242,2.67763,-0.805878,5.3242,1
1,7,17,4.74214,4.69153,2.67763,-0.805878,4.69153,0
4,2,36,1.28318,-0.480275,1.45696,0.264588,-0.476937,2
1,16,37,2.823,2.84287,0.962271,-0.077702,2.84287,1
1,6,17,5.25174,4.28165,2.67763,-0.805878,4.28165,0
2,20,38,2.42536,1.34952,0.671689,-0.230343,1.34952,0
1,5,17,5.09153,4.65597,2.67763,-0.805878,4.65597,0
2,9,93,-1.37661,-1.11152,-3.41916,-2.51688,-1.11152,1
1,4,17,4.72868,5.26734,2.67763,-0.805878,5.26734,1
1,2,17,4.69485,4.97541,2.67763,-0.805878,4.97541,1
4,2,9,4.8556,-0.323307,2.89122,-0.805878,-0.61285,0
4,11,20,-0.805878,-0.805878,2.55099,-0.805878,2.55099,2
1,16,16,4.28292,6.03858,2.59926,-0.805878,6.03858,1
1,15,16,3.61247,5.76228,2.59926,-0.805878,5.76228,1
1,13,16,4.00759,3.83893,2.59926,-0.805878,3.83893,0
2,18,64,0.017021,0.222797,-3.84075,-0.813937,0.222797,1
1,9,16,4.49106,3.90864,2.59926,-0.805878,4.49106,0
1,11,52,1.60181,2.7412,-3.16282,-0.404636,2.7412,1
1,8,16,4.436,4.77128,2.59926,-0.805878,4.77128,1
1,7,16,4.96691,4.79004,2.59926,-0.805878,4.79004,0
4,2,39,1.63254,1.24227,0.982003,-0.317489,-0.00549908,0
1,16,58,0.326554,1.29998,-3.5329,-0.497556,1.29998,1
1,6,16,4.50394,4.64653,2.59926,-0.805878,4.64653,1
2,20,25,3.16329,3.04676,2.04479,-0.805878,3.04676,0
1,5,16,4.8681,4.6593,2.59926,-0.805878,4.8681,0
2,9,92,-1.45297,-1.06754,-6.43894,-2.39982,-1.06754,1
1,4,16,5.79726,5.54853,2.59926,-0.805878,5.54853,0
1,2,16,4.45297,4.20987,2.59926,-0.805878,4.20987,0
1,15,15,4.08074,4.86663,2.8676,-0.805878,4.86663,1
1,13,15,4.30283,3.8851,2.8676,-0.805878,3.8851,0
4,15,17,-0.64769,-1.19634,2.67763,-0.805878,2.67763,2
1,12,15,3.99396,4.58203,2.8676,-0.805878,4.58203,1
2,18,75,-0.754994,-0.664629,-4.90201,-1.41384,-0.664629,1
1,9,15,4.57629,4.22163,2.8676,-0.805878,4.22163,0
1,7,15,4.16117,4.24505,2.8676,-0.805878,4.16117,1
1,4,15,5.67399,3.99952,2.8676,-0.805878,3.99952,0
1,2,15,4.97426,4.54054,2.8676,-0.805878,4.54054,0
1,13,14,4.46205,4.88855,2.79075,-0.805878,4.88855,1
4,15,18,-0.728975,-0.728975,2.65786,-0.805878,2.65786,2
1,12,14,3.7908,3.3526,2.79075,-0.805878,3.3526,0
2,18,74,-1.0452,-0.718239,-4.86797,-1.45906,-0.718239,1
1,9,14,4.72415,4.28706,2.79075,-0.805878,4.28706,0
1,7,14,5.03688,4.1988,2.79075,-0.805878,4.1988,0
1,4,14,4.68902,6.11625,2.79075,-0.805878,6.11625,1
1,2,14,5.25762,5.7694,2.79075,-0.805878,5.7694,1
1,13,13,4.79536,4.50126,2.91513,-0.805878,4.50126,0
4,15,19,-0.760146,-0.760146,2.73033,-0.805878,2.73033,2
1,12,13,3.69082,4.75162,2.91513,-0.805878,4.75162,1
2,18,69,-0.531326,-0.245501,-4.38821,-0.937499,-0.245501,1
1,9,13,4.8712,4.97289,2.91513,-0.805878,4.97289,1
1,7,13,4.60354,5.2439,2.91513,-0.805878,5.2439,1
1,4,13,5.38855,4.97911,2.91513,-0.805878,4.97911,0
1,2,13,4.95019,5.84478,2.91513,-0.805878,5.84478,1
4,15,20,-0.805878,-0.805878,2.55099,-0.805878,2.55099,2
1,12,12,4.59559,5.43101,2.93608,-0.805878,5.43101,1
2,18,68,-0.459573,-0.11534,-4.27007,-1.01066,-0.11534,1
1,9,12,3.6377,3.80312,2.93608,-0.805878,3.80312,1
1,11,72,0.256566,-0.668158,-4.69937,-1.21867,-0.668158,0
4,10,83,-4.75214,-4.78492,-5.22327,-1.89942,-1.89942,3
1,8,12,4.66788,3.41006,2.93608,-0.805878,3.41006,0
1,7,12,4.91855,4.92815,2.93608,-0.805878,4.92815,1
1,4,12,4.19075,6.09829,2.93608,-0.805878,6.09829,1
1,2,12,5.26992,5.66234,2.93608,-0.805878,5.66234,1
2,18,79,-1.02241,-0.92704,-4.30456,-1.7295,-0.92704,1
1,9,11,4.64166,5.04892,2.80572,-0.805878,5.04892,1
1,7,11,4.80448,5.08344,2.80572,-0.805878,5.08344,1
1,4,11,4.20982,5.27508,2.80572,-0.805878,5.27508,1
1,2,11,4.90114,3.888,2.80572,-0.805878,3.888,0
2,18,78,-0.938832,-0.787046,-4.65291,-1.66623,-0.787046,1
1,9,10,4.70965,5.22236,2.9161,-0.805878,5.22236,1
1,7,10,5.34088,5.62103,2.9161,-0.805878,5.62103,1
1,4,10,5.0209,4.90717,2.9161,-0.805878,4.90717,0
1,2,10,5.33083,4.88578,2.9161,-0.805878,4.88578,0
1,7,9,5.1261,5.91813,2.89122,-0.805878,5.91813,1
1,4,9,4.77636,5.82598,2.89122,-0.805878,5.82598,1
1,2,9,5.17558,4.79215,2.89122,-0.805878,4.79215,0
1,7,8,4.24027,3.79002,2.93668,-0.805878,3.79002,0
1,4,8,5.72512,5.3401,2.93668,-0.805878,5.3401,0
1,2,8,4.91034,4.50049,2.93668,-0.805878,4.50049,0
1,4,7,5.75739,5.21296,2.92731,-0.805878,5.21296,0
1,2,7,5.78564,2.51618,2.92731,-0.805878,2.51618,0
1,4,6,5.95028,5.91554,2.97518,-0.805878,5.91554,0
1,2,6,4.45347,3.98793,2.97518,-0.805878,3.98793,0
2,9,73,0.0840943,-0.736013,-4.58061,-1.30758,-0.736013,0
1,4,5,6.05408,5.6611,2.97834,-0.805878,6.05408,0
1,2,5,5.86212,4.30725,2.97834,-0.805878,4.30725,0
1,2,4,4.82715,5.68984,2.97261,-0.805878,5.68984,1
1,2,3,5.98258,6.00914,3,-0.805878,6.00914,1
2,18,99,-2.40679,-2.05682,-3.41916,-3.35117,-2.40679,1
2,8,33,2.53662,3.33866,1.60775,-0.805878,3.33866,1
2,6,35,3.18976,3.37491,1.44812,-0.805878,3.37491,1
1,14,33,3.20658,3.91884,1.60775,-0.805878,3.91884,1
1,3,41,2.33543,2.94752,0.201755,-0.28101,2.94752,1
2,17,99,-2.25552,-2.10383,-3.41916,-3.35117,-2.10383,1
2,15,99,-1.97137,-2.81329,-3.41916,-3.35117,-2.81329,0
4,2,85,-0.615882,-2.27744,-5.14185,-2.10808,-2.10808,0
4,11,88,-4.70389,-4.70389,-5.55605,-2.24038,-2.24038,3
2,11,99,-1.6976,-1.61158,-3.41916,-3.35117,-1.61158,1
1,4,59,0.828734,1.96293,-3.59803,-0.651593,1.96293,1
2,9,99,-1.43991,-1.42256,-3.41916,-3.35117,-1.42256,1
4,2,3,0.273204,4.01882,3,-0.805878,-0.202564,1
4,11,18,-0.728975,-0.728975,2.65786,-0.805878,2.65786,2
1,16,30,3.31894,2.80263,1.53923,-0.805878,2.80263,0
2,8,99,-1.46312,-0.658802,-3.41916,-3.35117,-0.658802,1
2,7,99,-1.38127,-1.04306,-3.41916,-3.35117,-1.04306,1
1,14,97,-1.4234,-1.67554,-3.41916,-2.81209,-1.67554,0
2,8,97,-1.53484,-0.538947,-3.41916,-2.81209,-1.53484,1
2,6,99,-0.902263,-1.16518,-3.41916,-3.35117,-1.16518,0
4,20,32,-1.51638,-1.51638,1.7249,-0.805878,1.7249,2
2,5,99,-1.66448,-0.440688,-3.41916,-3.35117,-0.440688,1
2,4,99,-0.939736,-0.739111,-3.41916,-3.35117,-0.739111,1
2,18,98,-2.4947,-2.04026,-3.41916,-3.12829,-2.4947,1
2,6,34,3.21574,3.57447,1.42834,-0.805878,3.57447,1
2,8,34,2.91125,3.79495,1.42834,-0.805878,3.79495,1
1,14,32,2.69787,3.08066,1.7249,-0.805878,3.08066,1
1,3,38,3.32936,3.88602,0.671689,-0.230343,3.88602,1
2,17,98,-2.18069,-2.01528,-3.41916,-3.12829,-2.01528,1
2,15,98,-2.04855,-2.97285,-3.41916,-3.12829,-2.04855,0
4,2,84,-0.452773,-2.20913,-5.35927,-2.00544,-2.00544,0
4,11,89,-5.04662,-5.04662,-5.75042,-2.39784,-2.39784,3
2,11,98,-1.45271,-1.4682,-3.41916,-3.12829,-1.4682,0
4,11,13,-0.496319,-0.496319,2.91513,-0.805878,2.91513,2
1,16,25,3.41086,3.15565,2.04479,-0.805878,3.15565,0
1,14,96,-1.22723,-1.32182,-3.41916,-2.99602,-1.32182,0
2,6,98,-1.02648,-1.07179,-3.41916,-3.12829,-1.07179,0
2,8,98,-1.42803,-0.448082,-3.41916,-3.12829,-0.448082,1
2,7,98,-1.282,-1.04857,-3.41916,-3.12829,-1.04857,1
4,20,33,-1.57416,-1.57416,1.60775,-0.805878,1.60775,2
2,5,98,-1.50471,-0.448933,-3.41916,-3.12829,-0.448933,1
4,2,7,-0.323307,6.945,2.92731,-0.805878,6.92696,1
4,11,14,-0.580929,-0.580929,2.79075,-0.805878,2.79075,2
1,16,26,3.34514,2.8099,2.08517,-0.805878,2.8099,0
2,4,98,-0.979251,-0.667771,-3.41916,-3.12829,-0.667771,1
2,20,97,-2.41011,-2.26182,-3.41916,-2.81209,-2.26182,1
2,18,97,-2.33903,-1.98461,-3.41916,-2.81209,-1.98461,1
1,14,63,-0.235681,0.697608,-4.03562,-0.692524,0.697608,1
2,8,35,2.67834,3.57171,1.44812,-0.805878,3.57171,1
2,6,37,2.72952,2.78578,0.962271,-0.077702,2.78578,1
1,3,39,2.65601,2.98774,0.982003,-0.317489,2.98774,1
2,17,97,-2.17408,-1.96298,-3.41916,-2.81209,-2.17408,1
2,15,97,-1.82915,-2.63443,-3.41916,-2.81209,-2.63443,0
4,2,87,-4.82344,-4.82344,-5.60239,-2.09737,-2.09737,3
4,11,94,-5.60239,-5.60239,-3.41916,-2.55553,-2.55553,3
2,11,97,-1.51341,-1.53495,-3.41916,-2.81209,-1.53495,0
2,7,97,-1.28178,-1.06339,-3.41916,-2.81209,-1.06339,1
1,14,99,-1.54937,-1.64956,-3.41916,-3.35117,-1.64956,0
2,6,97,-0.96903,-1.20253,-3.41916,-2.81209,-1.20253,0
4,20,34,-1.65275,-1.65275,1.42834,-0.805878,1.42834,2
2,5,97,-1.45056,-0.417688,-3.41916,-2.81209,-0.417688,1
2,2,97,-1.18718,-0.74601,-3.41916,-2.81209,-0.74601,1
2,18,96,-2.35008,-2.0427,-3.41916,-2.99602,-2.35008,1
1,14,62,-0.22067,0.765983,-3.86868,-0.735614,0.765983,1
2,6,36,2.93885,3.07565,1.45696,0.264588,3.07565,1
2,8,36,2.76779,3.45293,1.45696,0.264588,3.45293,1
1,3,36,3.61702,3.80757,1.45696,0.264588,3.80757,1
2,17,96,-1.95658,-1.88325,-3.41916,-2.99602,-1.88325,1
2,15,96,-1.7338,-2.61191,-3.41916,-2.99602,-2.61191,0
4,11,95,-5.55605,-5.55605,-3.41916,-2.85377,-2.85377,3
4,2,86,-4.30456,-4.30456,-5.61978,-2.01828,-2.01828,3
2,11,96,-1.49472,-1.52703,-3.41916,-2.99602,-1.52703,0
1,14,98,-1.47326,-1.41887,-3.41916,-3.12829,-1.41887,1
2,8,96,-1.4803,-0.770041,-3.41916,-2.99602,-0.770041,1
2,6,96,-0.815696,-1.19381,-3.41916,-2.99602,-1.19381,0
4,20,35,-1.73068,-1.73068,1.44812,-0.805878,1.44812,2
2,5,96,-1.36878,-0.443048,-3.41916,-2.99602,-0.443048,1
4,11,12,-0.438248,-0.438248,2.93608,-0.805878,2.93608,2
1,16,24,3.6872,2.9625,2.20454,-0.805878,2.9625,0
2,4,96,-0.861827,-0.635215,-3.41916,-2.99602,-0.635215,1
2,2,96,-1.09806,-0.711076,-3.41916,-2.99602,-0.711076,1
2,15,95,-1.86733,-2.62116,-3.41916,-2.85377,-2.62116,0
2,13,95,-1.33157,-1.04341,-3.41916,-2.85377,-1.04341,1
2,7,46,1.37525,1.73545,-1.27338,-0.395639,1.37525,1
2,12,95,-1.73628,-1.17132,-3.41916,-2.85377,-1.17132,1
1,14,69,-0.635302,0.159102,-4.38821,-0.937499,0.159102,1
2,8,77,-0.507338,-0.789476,-4.67517,-1.58996,-0.789476,0
2,6,95,-0.898079,-1.13845,-3.41916,-2.85377,-1.13845,0
4,20,36,-1.77946,-1.77946,1.45696,0.264588,1.45696,2
2,5,95,-1.41002,-0.445732,-3.41916,-2.85377,-0.445732,1
2,4,95,-0.805539,-0.572385,-3.41916,-2.85377,-0.572385,1
2,1,95,-0.0210089,-0.454076,-3.41916,-2.85377,-0.454076,0
2,15,94,-1.76286,-2.47088,-3.41916,-2.55553,-2.47088,0
2,13,94,-1.26609,-1.10058,-3.41916,-2.55553,-1.10058,1
2,7,47,1.81404,2.01862,-1.66582,-0.377744,1.81404,1
2,12,94,-1.35779,-1.09298,-3.41916,-2.55553,-1.09298,1
1,14,68,-0.683466,0.0162298,-4.27007,-1.01066,0.0162298,1
2,8,78,-0.742946,-1.5153,-4.65291,-1.66623,-1.5153,0
2,6,94,-0.865701,-0.999786,-3.41916,-2.55553,-0.999786,0
4,20,37,-1.84662,-1.84662,0.962271,-0.077702,-0.077702,2
2,5,94,-1.43981,-0.435479,-3.41916,-2.55553,-0.435479,1
2,4,94,-0.791357,-0.609015,-3.41916,-2.55553,-0.609015,1
2,1,94,-0.012843,-0.535636,-3.41916,-2.55553,-0.535636,0
2,15,93,-1.99309,-2.6447,-3.41916,-2.51688,-2.6447,0
2,13,93,-1.3632,-1.1791,-3.41916,-2.51688,-1.1791,1
2,7,40,2.51938,2.28241,0.424054,-0.32524,2.28241,0
2,12,93,-1.26523,-1.09446,-3.41916,-2.51688,-1.09446,1
1,14,71,0.142697,0.596829,-4.4203,-1.13959,0.596829,1
2,8,75,-0.387639,-0.709311,-4.90201,-1.41384,-0.709311,0
2,6,93,-0.859744,-1.11406,-3.41916,-2.51688,-1.11406,0
2,4,93,-0.981198,-0.640175,-3.41916,-2.51688,-0.640175,1
2,15,92,-1.63489,-2.43425,-6.43894,-2.39982,-2.43425,0
2,13,92,-1.22061,-0.996975,-6.43894,-2.39982,-0.996975,1
2,7,41,2.40678,1.8321,0.201755,-0.28101,1.8321,0
2,12,92,-1.17409,-0.985062,-6.43894,-2.39982,-0.985062,1
1,14,70,-0.582705,0.0818556,-4.23657,-1.06699,0.0818556,1
2,8,76,-0.289279,-0.762547,-4.75214,-1.45125,-0.762547,0
2,6,92,-0.900343,-1.10436,-6.43894,-2.39982,-1.10436,0
2,4,92,-0.673441,-0.451378,-6.43894,-2.39982,-0.451378,1
1,9,63,0.456112,1.52661,-4.03562,-0.692524,1.52661,1
2,18,91,-2.22698,-1.93909,-6.29331,-2.45927,-1.93909,1
2,15,91,-1.5838,-2.48473,-6.29331,-2.45927,-2.48473,0
2,13,91,-1.3094,-0.796153,-6.29331,-2.45927,-0.796153,1
2,7,42,2.13524,1.73067,-0.0637023,-0.353411,2.13524,0
2,12,91,-1.10352,-0.810838,-6.29331,-2.45927,-0.810838,1
1,14,73,-0.216906,0.34135,-4.58061,-1.30758,0.34135,1
2,8,73,-0.660781,-1.05552,-4.58061,-1.30758,-1.05552,0
2,6,91,-0.761229,-0.973576,-6.29331,-2.45927,-0.973576,0
1,9,62,0.691937,1.57458,-3.86868,-0.735614,1.57458,1
2,18,90,-1.73515,-1.61011,-6.05291,-2.36134,-1.61011,1
2,13,90,-1.31417,-0.508004,-6.05291,-2.36134,-0.508004,1
2,7,43,2.23309,1.65693,-0.351569,-0.382527,1.65693,0
2,12,90,-1.29128,-0.878228,-6.05291,-2.36134,-0.878228,1
1,14,72,0.0447306,0.482105,-4.69937,-1.21867,0.482105,1
2,8,74,-0.366247,-0.862492,-4.86797,-1.45906,-0.862492,0
2,6,90,-0.738828,-0.84376,-6.05291,-2.36134,-0.84376,0
2,13,89,-1.63251,-0.562057,-5.75042,-2.39784,-0.562057,1
2,7,36,2.8532,3.13614,1.45696,0.264588,3.13614,1
2,12,89,-1.26947,-0.672588,-5.75042,-2.39784,-0.672588,1
1,14,75,-0.312177,0.410528,-4.90201,-1.41384,0.410528,1
2,8,55,0.420502,-0.00272769,-3.26052,-0.458097,-0.00272769,0
2,6,89,-0.66106,-1.43333,-5.75042,-2.39784,-1.43333,0
2,4,89,-0.844693,-0.792773,-5.75042,-2.39784,-0.792773,1
1,14,74,-0.0736062,0.454699,-4.86797,-1.45906,0.454699,1
2,8,72,-0.257062,-0.576783,-4.69937,-1.21867,-0.576783,0
2,6,88,-0.552868,-0.745788,-5.55605,-2.24038,-0.745788,0
2,4,88,-0.810966,-0.805226,-5.55605,-2.24038,-0.805226,1
2,18,87,-1.52454,-1.35494,-5.60239,-2.09737,-1.35494,1
2,14,87,-1.81881,-1.08522,-5.60239,-2.09737,-1.08522,1
2,7,54,1.50562,-0.928856,-3.28628,-0.56961,-0.928856,0
2,12,87,-0.998987,-0.608832,-5.60239,-2.09737,-0.608832,1
1,14,77,-0.542121,-0.0145946,-4.67517,-1.58996,-0.0145946,1
2,8,53,0.83536,0.740182,-3.24637,-0.595251,0.740182,0
2,6,87,-0.538017,-0.597282,-5.60239,-2.09737,-0.597282,0
2,18,86,-1.56408,-1.2892,-5.61978,-2.01828,-1.2892,1
2,7,55,1.72844,-0.727545,-3.26052,-0.458097,-0.727545,0
2,12,86,-1.10829,-0.5239,-5.61978,-2.01828,-0.5239,1
1,14,76,-0.638356,0.0930426,-4.75214,-1.45125,0.0930426,1
2,8,54,0.499641,0.532513,-3.28628,-0.56961,0.532513,1
2,6,86,-0.706237,-0.493279,-5.61978,-2.01828,-0.493279,1
1,9,61,0.283907,1.38409,-3.77303,-0.607646,1.38409,1
2,18,85,-1.24094,-1.20446,-5.14185,-2.10808,-1.20446,1
2,7,48,1.37243,1.97911,-2.02538,-0.386848,1.97911,1
2,12,85,-0.731963,-1.46364,-5.14185,-2.10808,-1.46364,0
1,14,79,-0.745185,-0.157842,-4.30456,-1.7295,-0.745185,1
2,8,51,1.00406,0.31648,-3.03783,-0.448822,0.31648,0
2,6,85,-0.285901,-0.621776,-5.14185,-2.10808,-0.621776,0
2,7,49,1.22586,1.63533,-2.3856,-0.416188,1.63533,1
2,12,84,-0.549036,-0.889729,-5.35927,-2.00544,-0.889729,0
1,14,78,-0.341722,0.0805406,-4.65291,-1.66623,0.0805406,1
2,8,52,0.829963,0.226846,-3.16282,-0.404636,0.226846,0
2,6,84,-0.413555,-0.746948,-5.35927,-2.00544,-0.746948,0
2,18,83,-1.82286,-1.33834,-5.22327,-1.89942,-1.33834,1
2,14,83,-1.09222,-2.11379,-5.22327,-1.89942,-2.11379,0
2,7,50,1.14243,1.45444,-2.70986,-0.510597,1.45444,1
2,12,83,-0.723857,-1.20827,-5.22327,-1.89942,-1.20827,0
2,8,49,1.30339,2.36943,-2.3856,-0.416188,2.36943,1
1,14,49,1.71498,1.86838,-2.3856,-0.416188,1.86838,1
2,6,83,-0.505176,-0.578689,-5.22327,-1.89942,-0.578689,0
2,18,82,-0.940622,-0.971256,-5.04662,-1.89873,-0.971256,0
2,14,82,-0.96181,-2.24714,-5.04662,-1.89873,-2.24714,0
2,7,51,1.73627,-0.499237,-3.03783,-0.448822,-0.499237,0
2,12,82,-1.27756,-1.58767,-5.04662,-1.89873,-1.58767,0
1,14,48,2.02784,2.10021,-2.02538,-0.386848,2.10021,1
2,8,50,1.03137,2.07289,-2.70986,-0.510597,2.07289,1
2,6,82,-0.0410344,-0.474969,-5.04662,-1.89873,-0.474969,0
2,18,81,-1.43107,-1.01502,-4.70389,-1.77463,-1.01502,1
2,14,81,-0.978911,-2.21089,-4.70389,-1.77463,-2.21089,0
2,7,44,2.16758,1.68989,-0.646582,-0.45329,1.68989,0
2,12,81,-0.592757,-0.803302,-4.70389,-1.77463,-0.803302,0
2,18,80,-1.79483,-1.26739,-4.82344,-1.66435,-1.26739,1
2,14,80,-1.2581,-2.21178,-4.82344,-1.66435,-2.21178,0
2,7,45,1.71895,1.89267,-0.989663,-0.351506,1.89267,1
2,12,80,-0.438143,-0.878076,-4.82344,-1.66435,-0.878076,0
1,16,38,2.81299,2.92883,0.671689,-0.230343,2.92883,1
1,6,20,4.08324,4.3204,2.55099,-0.805878,4.3204,1
2,19,79,-0.695826,-1.47632,-4.30456,-1.7295,-1.47632,0
2,14,79,-0.900788,-2.4685,-4.30456,-1.7295,-2.4685,0
2,7,62,1.44958,-0.756699,-3.86868,-0.735614,-0.756699,0
2,12,79,-0.549434,-0.850966,-4.30456,-1.7295,-0.850966,0
1,16,39,3.69642,1.94258,0.982003,-0.317489,1.94258,0
1,6,23,4.62866,4.45152,2.09672,-0.805878,4.45152,0
2,19,78,-0.758151,-1.41237,-4.65291,-1.66623,-1.41237,0
2,14,78,-0.688716,-2.2437,-4.65291,-1.66623,-2.2437,0
2,7,63,1.23956,-0.434245,-4.03562,-0.692524,-0.434245,0
2,12,78,-0.596401,-0.736784,-4.65291,-1.66623,-0.736784,0
1,16,32,3.62695,3.01705,1.7249,-0.805878,3.01705,0
1,6,10,5.50336,5.85067,2.9161,-0.805878,5.85067,1
2,19,77,-0.449749,-1.33892,-4.67517,-1.58996,-1.33892,0
2,14,77,-0.82648,-2.20943,-4.67517,-1.58996,-2.20943,0
2,7,56,1.43559,-0.765115,-3.43957,-0.474568,1.43559,0
2,12,77,-0.859647,-0.587805,-4.67517,-1.58996,-0.587805,1
1,16,33,3.2874,3.86631,1.60775,-0.805878,3.86631,1
1,6,21,5.01125,4.52024,2.59473,-0.805878,4.52024,0
2,19,76,-0.516475,-1.31034,-4.75214,-1.45125,-1.31034,0
2,16,76,-0.538872,-0.616252,-4.75214,-1.45125,-0.616252,0
2,14,76,-0.843033,-2.23115,-4.75214,-1.45125,-2.23115,0
2,7,57,1.41722,-0.604024,-3.55909,-0.534181,-0.604024,0
2,12,76,-0.390012,-0.400852,-4.75214,-1.45125,-0.400852,0
1,5,74,-0.143134,0.555174,-4.86797,-1.45906,-0.143134,1
1,16,34,3.05784,3.69951,1.42834,-0.805878,3.69951,1
1,6,8,5.04579,4.97108,2.93668,-0.805878,4.97108,0
3,14,60,-1.15655,-0.224174,-3.62281,-0.563066,-0.224174,1
2,19,75,-0.531074,-1.1091,-4.90201,-1.41384,-1.1091,0
2,16,75,-1.13107,-0.830579,-4.90201,-1.41384,-0.830579,1
2,15,75,-0.541755,-0.780966,-4.90201,-1.41384,-0.780966,0
2,14,75,-0.692618,-2.03616,-4.90201,-1.41384,-2.03616,0
2,7,58,1.40306,-0.820432,-3.5329,-0.497556,-0.820432,0
2,12,75,-0.597129,-0.577524,-4.90201,-1.41384,-0.577524,1
1,5,75,-0.0379846,0.398796,-4.90201,-1.41384,0.398796,1
1,16,35,2.9414,3.43963,1.44812,-0.805878,3.43963,1
1,6,11,4.92379,6.47283,2.80572,-0.805878,6.47283,1
3,14,61,-1.13747,0.0524762,-3.77303,-0.607646,0.0524762,1
2,19,74,-0.646259,-1.12415,-4.86797,-1.45906,-1.12415,0
2,16,74,-0.661227,-0.706279,-4.86797,-1.45906,-0.706279,0
2,15,74,-0.694142,-0.82106,-4.86797,-1.45906,-0.82106,0
2,14,74,-0.570695,-1.89139,-4.86797,-1.45906,-1.89139,0
2,7,59,1.2707,-1.15861,-3.59803,-0.651593,-1.15861,0
2,12,74,-0.451129,-0.723295,-4.86797,-1.45906,-0.723295,0
2,16,73,-0.379227,-0.592651,-4.58061,-1.30758,-0.592651,0
2,15,73,-0.654668,-0.619039,-4.58061,-1.30758,-0.619039,1
2,14,73,-0.531959,-2.11661,-4.58061,-1.30758,-2.11661,0
2,7,52,1.88336,-0.00862345,-3.16282,-0.404636,-0.00862345,0
2,12,73,-0.25841,-0.44008,-4.58061,-1.30758,-0.44008,0
1,5,73,0.00348013,0.596264,-4.58061,-1.30758,0.596264,1
1,16,45,2.96766,2.81419,-0.989663,-0.351506,2.81419,0
1,6,9,4.26608,5.81893,2.89122,-0.805878,5.81893,1
3,14,63,-0.0838294,-0.385376,-4.03562,-0.692524,-0.385376,0
2,19,72,-0.342321,-1.1658,-4.69937,-1.21867,-1.1658,0
2,16,72,-0.389604,-0.611988,-4.69937,-1.21867,-0.611988,0
2,15,72,-0.510021,-0.57031,-4.69937,-1.21867,-0.57031,0
2,14,72,-0.293868,-1.99994,-4.69937,-1.21867,-1.99994,0
2,15,71,-0.626,-0.516215,-4.4203,-1.13959,-0.516215,1
2,14,71,-0.345217,-1.88807,-4.4203,-1.13959,-1.88807,0
2,15,70,-0.181126,-0.949927,-4.23657,-1.06699,-0.949927,0
2,14,70,-0.555094,-0.603727,-4.23657,-1.06699,-0.603727,0
2,15,69,-0.0854202,-0.94095,-4.38821,-0.937499,-0.94095,0
2,14,69,-0.427553,-0.349089,-4.38821,-0.937499,-0.349089,1
2,15,68,-0.0291556,-0.856443,-4.27007,-1.01066,-0.856443,0
2,14,68,-0.838862,-0.527379,-4.27007,-1.01066,-0.527379,1
2,15,67,-0.152358,-1.04924,-4.33476,-0.933887,-1.04924,0
4,4,4,1.73272,5.27344,2.97261,-0.805878,-0.515636,1
2,14,67,-0.654151,-0.181685,-4.33476,-0.933887,-0.181685,1
2,15,66,-0.0223466,-0.723577,-4.06104,-0.806488,-0.723577,0
4,4,5,0.196681,4.86672,2.97834,-0.805878,2.97834,1
2,14,66,-0.711986,-0.269977,-4.06104,-0.806488,-0.269977,1
2,16,65,-0.224352,-0.596538,-4.11009,-0.783219,-0.596538,0
2,15,65,0.18648,-0.499864,-4.11009,-0.783219,-0.499864,0
2,14,65,-0.402684,-0.00589498,-4.11009,-0.783219,-0.00589498,1
2,15,64,0.0555484,-0.661669,-3.84075,-0.813937,-0.661669,0
2,14,64,-0.18405,0.117644,-3.84075,-0.813937,0.117644,1
2,15,63,0.199313,-0.632497,-4.03562,-0.692524,-0.632497,0
2,15,62,0.380794,-0.66148,-3.86868,-0.735614,-0.66148,0
2,15,61,0.560554,-0.457236,-3.77303,-0.607646,-0.457236,0
2,15,60,0.532795,-0.228212,-3.62281,-0.563066,-0.228212,0
2,15,59,0.561912,-0.484189,-3.59803,-0.651593,-0.484189,0
2,15,58,0.458156,-0.465706,-3.5329,-0.497556,-0.465706,0
2,17,57,0.177052,0.309463,-3.55909,-0.534181,0.309463,1
2,15,57,0.413076,-0.426706,-3.55909,-0.534181,-0.426706,0
2,17,56,0.153422,0.182721,-3.43957,-0.474568,0.182721,1
2,15,56,0.604738,-0.118155,-3.43957,-0.474568,-0.118155,0
2,20,55,0.011183,0.838989,-3.26052,-0.458097,0.838989,1
2,17,55,-0.00729555,0.330623,-3.26052,-0.458097,0.330623,1
2,15,55,0.260673,-0.14928,-3.26052,-0.458097,-0.14928,0
2,20,54,0.512534,1.07018,-3.28628,-0.56961,1.07018,1
2,17,54,0.0917599,0.365948,-3.28628,-0.56961,0.365948,1
2,15,54,0.216123,-0.282759,-3.28628,-0.56961,-0.282759,0
1,5,12,5.08834,4.81917,2.93608,-0.805878,4.81917,0
2,20,53,0.532288,1.14653,-3.24637,-0.595251,1.14653,1
2,17,53,0.323651,0.758437,-3.24637,-0.595251,0.758437,1
2,15,53,0.47352,-0.0576822,-3.24637,-0.595251,-0.0576822,0
2,20,52,0.739926,1.25558,-3.16282,-0.404636,1.25558,1
2,17,52,0.0695103,0.620004,-3.16282,-0.404636,0.620004,1
2,15,52,0.570114,0.105943,-3.16282,-0.404636,0.105943,0
1,5,14,5.57893,5.24941,2.79075,-0.805878,5.24941,0
2,20,51,0.965317,1.36429,-3.03783,-0.448822,1.36429,1
2,15,51,0.600015,0.140341,-3.03783,-0.448822,0.140341,0
1,5,13,5.30901,4.43364,2.91513,-0.805878,4.43364,0
2,20,50,-0.206866,1.387,-2.70986,-0.510597,1.387,1
2,15,50,0.0273164,1.06963,-2.70986,-0.510597,1.06963,1
1,5,8,4.58871,3.78569,2.93668,-0.805878,3.78569,0
2,20,49,-0.0622515,1.59922,-2.3856,-0.416188,1.59922,1
2,15,49,0.504913,1.54942,-2.3856,-0.416188,1.54942,1
1,5,15,5.22569,4.97268,2.8676,-0.805878,4.97268,0
2,20,48,0.0994383,1.43794,-2.02538,-0.386848,1.43794,1
2,15,48,0.59726,1.66393,-2.02538,-0.386848,1.66393,1
1,5,26,3.83591,4.62148,2.08517,-0.805878,4.62148,1
2,20,47,0.0646178,1.39538,-1.66582,-0.377744,1.39538,1
2,15,47,0.726972,1.85084,-1.66582,-0.377744,1.85084,1
1,5,25,4.24942,4.18696,2.04479,-0.805878,4.18696,0
2,20,46,0.289774,1.77503,-1.27338,-0.395639,1.77503,1
2,15,46,0.985269,2.2008,-1.27338,-0.395639,2.2008,1
2,20,45,0.00685976,1.78937,-0.989663,-0.351506,1.78937,1
2,17,45,1.12776,1.85462,-0.989663,-0.351506,1.85462,1
2,15,45,1.19586,2.39723,-0.989663,-0.351506,2.39723,1
1,5,27,3.92494,4.37574,1.79261,-0.805878,3.92494,1
2,20,44,1.69917,2.09578,-0.646582,-0.45329,2.09578,1
2,17,44,1.7302,1.91371,-0.646582,-0.45329,1.91371,1
2,15,44,1.97826,2.09471,-0.646582,-0.45329,2.09471,1
1,5,6,5.1253,5.66599,2.97518,-0.805878,5.66599,1
2,20,43,2.01463,2.28733,-0.351569,-0.382527,2.28733,1
2,17,43,1.71822,2.03039,-0.351569,-0.382527,2.03039,1
1,5,5,5.37332,4.8972,2.97834,-0.805878,5.37332,0
2,20,42,2.07257,2.28384,-0.0637023,-0.353411,2.28384,1
2,17,42,1.62472,2.14073,-0.0637023,-0.353411,2.14073,1
2,9,42,2.44542,3.22817,-0.0637023,-0.353411,3.22817,1
2,20,41,2.08971,2.47275,0.201755,-0.28101,2.47275,1
2,17,41,1.7802,2.34794,0.201755,-0.28101,2.34794,1
2,1,41,2.68084,2.3561,0.201755,-0.28101,2.3561,0
1,5,7,5.0955,5.39398,2.92731,-0.805878,5.0955,1
2,20,40,2.06244,2.45331,0.424054,-0.32524,2.45331,1
2,17,40,2.1431,2.1577,0.424054,-0.32524,2.1577,1
2,10,99,-1.03891,-0.902814,-3.41916,-3.35117,-0.902814,1
2,15,40,2.01657,2.06831,0.424054,-0.32524,2.06831,1
2,9,40,2.54092,3.2075,0.424054,-0.32524,3.2075,1
2,1,40,2.44113,2.22624,0.424054,-0.32524,2.22624,0
2,17,39,2.0981,2.12546,0.982003,-0.317489,2.12546,1
2,15,39,2.23143,1.9746,0.982003,-0.317489,1.9746,0
2,1,39,2.6189,2.30367,0.982003,-0.317489,2.30367,0
2,17,38,2.23267,2.15184,0.671689,-0.230343,2.23267,0
2,15,38,2.10632,2.96569,0.671689,-0.230343,2.96569,1
2,1,38,2.94431,2.83888,0.671689,-0.230343,2.83888,0
1,5,28,4.24694,3.88659,1.70711,-0.805878,3.88659,0
2,20,37,2.6185,1.62328,0.962271,-0.077702,1.62328,0
2,17,37,2.04836,2.21998,0.962271,-0.077702,2.21998,1
2,1,37,3.03306,2.90809,0.962271,-0.077702,2.90809,0
2,17,36,2.03498,2.32835,1.45696,0.264588,2.32835,1
2,1,36,3.12433,3.05975,1.45696,0.264588,3.05975,0
1,5,30,3.8552,3.61619,1.53923,-0.805878,3.61619,0
2,20,35,2.81628,1.95452,1.44812,-0.805878,1.95452,0
2,17,35,1.91786,2.37454,1.44812,-0.805878,2.37454,1
2,13,35,2.86444,3.1989,1.44812,-0.805878,3.1989,1
2,1,35,3.06351,3.18193,1.44812,-0.805878,3.18193,1
1,5,29,3.8578,3.81711,1.67657,-0.805878,3.81711,0
2,20,34,2.25931,1.77883,1.42834,-0.805878,1.77883,0
2,17,34,2.47726,2.74195,1.42834,-0.805878,2.74195,1
2,13,34,2.65211,3.09648,1.42834,-0.805878,3.09648,1
2,1,34,2.943,3.28668,1.42834,-0.805878,3.28668,1
1,5,24,4.39007,4.02341,2.20454,-0.805878,4.02341,0
2,20,33,2.81721,2.10827,1.60775,-0.805878,2.10827,0
2,17,33,2.12257,2.66878,1.60775,-0.805878,2.66878,1
2,13,33,2.9681,3.35091,1.60775,-0.805878,3.35091,1
2,1,33,3.12847,3.41194,1.60775,-0.805878,3.41194,1
2,17,32,2.34534,2.67441,1.7249,-0.805878,2.67441,1
2,15,32,3.24181,3.08167,1.7249,-0.805878,3.08167,0
2,13,32,2.53601,3.09136,1.7249,-0.805878,3.09136,1
2,7,32,3.0791,2.73802,1.7249,-0.805878,2.73802,0
2,1,32,2.89677,3.4537,1.7249,-0.805878,3.4537,1
2,20,31,2.81719,2.918,1.72456,-0.805878,2.918,1
2,17,31,2.20898,2.56188,1.72456,-0.805878,2.56188,1
2,15,31,3.1138,2.36256,1.72456,-0.805878,2.36256,0
1,20,58,0.489041,1.05196,-3.5329,-0.497556,1.05196,1
1,8,64,0.920808,0.577285,-3.84075,-0.813937,0.577285,0
4,10,31,-1.46886,-1.69631,1.72456,-0.805878,1.72456,2
2,14,31,2.95401,3.49313,1.72456,-0.805878,3.49313,1
2,13,31,2.46746,2.69126,1.72456,-0.805878,2.69126,1
1,3,59,1.12608,1.00856,-3.59803,-0.651593,1.00856,0
2,6,49,0.912144,2.0417,-2.3856,-0.416188,2.0417,1
1,14,19,4.90795,3.16596,2.73033,-0.805878,3.16596,0
2,8,31,3.17817,3.47177,1.72456,-0.805878,3.47177,1
2,7,31,3.16194,2.56968,1.72456,-0.805878,2.56968,0
2,20,30,2.50853,2.83291,1.53923,-0.805878,2.83291,1
2,17,30,2.4297,2.71839,1.53923,-0.805878,2.71839,1
2,15,30,3.32876,2.96416,1.53923,-0.805878,2.96416,0
1,20,59,0.419265,0.867328,-3.59803,-0.651593,0.867328,1
1,8,65,0.722011,0.443922,-4.11009,-0.783219,0.443922,0
4,10,30,-1.41916,-1.63809,1.53923,-0.805878,1.53923,2
2,14,30,2.58891,3.2121,1.53923,-0.805878,3.2121,1
2,7,30,3.14328,2.77198,1.53923,-0.805878,2.77198,0
2,2,30,3.80273,4.2579,1.53923,-0.805878,4.2579,1
1,5,20,5.60428,4.95451,2.55099,-0.805878,4.95451,0
2,20,29,2.72289,3.16283,1.67657,-0.805878,3.16283,1
2,17,29,2.58636,2.69704,1.67657,-0.805878,2.69704,1
2,15,29,3.15893,3.02273,1.67657,-0.805878,3.02273,0
1,20,56,1.13592,1.12461,-3.43957,-0.474568,1.12461,0
1,8,66,0.782748,0.568154,-4.06104,-0.806488,0.568154,0
2,14,29,2.8322,3.4651,1.67657,-0.805878,3.4651,1
2,2,29,4.06479,4.02243,1.67657,-0.805878,4.02243,0
2,20,28,2.51091,2.95264,1.70711,-0.805878,2.95264,1
2,17,28,3.10542,2.8524,1.70711,-0.805878,2.8524,0
2,15,28,3.25058,3.27979,1.70711,-0.805878,3.27979,1
1,20,57,0.677382,1.01756,-3.55909,-0.534181,1.01756,1
1,8,67,0.593837,0.477555,-4.33476,-0.933887,0.477555,0
2,14,28,2.41407,3.1015,1.70711,-0.805878,3.1015,1
2,12,28,3.00269,2.71668,1.70711,-0.805878,2.71668,0
2,2,28,4.25937,4.06384,1.70711,-0.805878,4.06384,0
1,5,22,4.42741,4.34569,2.39276,-0.805878,4.34569,0
2,20,27,1.97856,2.86674,1.79261,-0.805878,2.86674,1
2,17,27,3.15662,2.22649,1.79261,-0.805878,2.22649,0
2,15,27,2.95593,2.56427,1.79261,-0.805878,2.56427,0
1,8,68,0.776924,0.59421,-4.27007,-1.01066,0.59421,0
4,10,27,-1.19634,2.18803,1.79261,-0.805878,1.79261,1
2,14,27,3.21032,2.31566,1.79261,-0.805878,2.31566,0
2,12,27,3.55154,3.32563,1.79261,-0.805878,3.32563,0
2,2,27,3.63943,3.43405,1.79261,-0.805878,3.43405,0
1,5,21,3.66177,4.4512,2.59473,-0.805878,4.4512,1
2,20,26,2.76576,3.15187,2.08517,-0.805878,3.15187,1
2,17,26,3.44939,2.62936,2.08517,-0.805878,2.62936,0
2,15,26,3.21595,2.75884,2.08517,-0.805878,2.75884,0
1,8,69,0.445599,0.359597,-4.38821,-0.937499,0.359597,0
4,10,26,-1.12974,2.34083,2.08517,-0.805878,2.08517,1
2,14,26,3.36471,2.63734,2.08517,-0.805878,2.63734,0
2,13,26,3.45015,3.66512,2.08517,-0.805878,3.66512,1
2,2,26,3.66721,3.42324,2.08517,-0.805878,3.42324,0
2,17,25,3.47343,2.56695,2.04479,-0.805878,2.56695,0
2,15,25,2.91662,2.84831,2.04479,-0.805878,2.84831,0
1,8,70,0.442558,0.288766,-4.23657,-1.06699,0.442558,0
4,10,29,-1.34672,-1.57959,1.67657,-0.805878,1.67657,2
2,14,25,3.45835,2.69453,2.04479,-0.805878,2.69453,0
2,13,25,3.35891,3.71277,2.04479,-0.805878,3.71277,1
2,2,25,3.78485,3.07644,2.04479,-0.805878,3.07644,0
2,15,24,3.16046,2.89078,2.20454,-0.805878,2.89078,0
2,13,24,3.8402,4.14904,2.20454,-0.805878,4.14904,1
2,20,23,2.81897,3.12061,2.09672,-0.805878,3.12061,1
2,17,23,2.83423,3.43431,2.09672,-0.805878,3.43431,1
1,8,72,0.160018,-0.0212895,-4.69937,-1.21867,-0.0212895,0
4,10,23,-0.967684,3.24301,2.09672,-0.805878,2.09672,1
1,11,12,3.75308,4.53866,2.93608,-0.805878,4.53866,1
2,14,23,3.87531,3.34524,2.09672,-0.805878,3.34524,0
2,13,23,3.39335,3.39368,2.09672,-0.805878,3.39368,1
2,12,23,2.94585,4.46611,2.09672,-0.805878,4.46611,1
2,20,22,2.3998,2.95464,2.39276,-0.805878,2.95464,1
2,17,22,2.99013,3.5605,2.39276,-0.805878,3.5605,1
1,8,73,-0.0975151,-0.244171,-4.58061,-1.30758,-0.244171,0
4,10,22,-0.882782,3.39255,2.39276,-0.805878,2.39276,1
1,11,13,4.41514,5.11742,2.91513,-0.805878,5.11742,1
2,14,22,3.8808,3.60424,2.39276,-0.805878,3.60424,0
2,13,22,3.65012,3.24931,2.39276,-0.805878,3.24931,0
2,5,22,3.83234,4.47049,2.39276,-0.805878,4.47049,1
2,20,21,3.88282,3.28644,2.59473,-0.805878,3.28644,0
2,17,21,2.48659,3.29499,2.59473,-0.805878,3.29499,1
1,8,74,-0.03968,-0.109027,-4.86797,-1.45906,-0.109027,0
4,10,25,-1.10732,2.43359,2.04479,-0.805878,2.04479,1
1,11,14,4.40264,3.14823,2.79075,-0.805878,3.14823,0
2,14,21,2.98993,3.40018,2.59473,-0.805878,3.40018,1
2,13,21,3.46672,3.28425,2.59473,-0.805878,3.28425,0
2,5,21,3.62117,4.57831,2.59473,-0.805878,4.57831,1
2,20,20,2.9674,3.32187,2.55099,-0.805878,3.32187,1
2,17,20,3.18575,3.08703,2.55099,-0.805878,3.08703,0
1,8,75,-0.145047,-0.286972,-4.90201,-1.41384,-0.286972,0
4,10,24,-1.02966,2.39628,2.20454,-0.805878,2.20454,1
1,11,15,4.28353,4.96104,2.8676,-0.805878,4.96104,1
2,14,20,4.49946,3.08288,2.55099,-0.805878,3.08288,0
2,12,20,3.82105,4.22858,2.55099,-0.805878,4.22858,1
2,5,20,4.79211,4.72168,2.55099,-0.805878,4.72168,0
2,17,19,1.96301,3.50241,2.73033,-0.805878,3.50241,1
1,8,76,-0.231131,-0.271837,-4.75214,-1.45125,-0.271837,0
4,10,19,-0.760146,-0.603695,2.73033,-0.805878,2.73033,2
2,14,19,3.94101,4.78062,2.73033,-0.805878,4.78062,1
2,13,19,3.84303,3.16874,2.73033,-0.805878,3.16874,0
2,12,19,4.03931,2.85161,2.73033,-0.805878,2.85161,0
2,5,19,3.64319,3.44213,2.73033,-0.805878,3.44213,0
2,17,18,3.42211,3.14779,2.65786,-0.805878,3.14779,0
1,8,77,-0.300181,-0.357826,-4.67517,-1.58996,-0.357826,0
4,10,18,-0.728975,-0.728975,2.65786,-0.805878,2.65786,2
2,14,18,1.22625,3.05931,2.65786,-0.805878,3.05931,1
2,13,18,2.51277,3.54795,2.65786,-0.805878,3.54795,1
2,17,17,3.27011,3.22787,2.67763,-0.805878,3.22787,0
1,8,78,-0.665805,-0.610906,-4.65291,-1.66623,-0.610906,1
4,10,21,-0.867753,3.60479,2.59473,-0.805878,2.59473,1
2,14,17,4.29491,3.58678,2.67763,-0.805878,3.58678,0
2,13,17,2.29758,3.61769,2.67763,-0.805878,3.61769,1
3,16,55,-0.702167,0.216855,-3.26052,-0.458097,0.216855,1
2,4,17,3.65154,4.18871,2.67763,-0.805878,4.18871,1
1,8,79,-0.58523,-0.418864,-4.30456,-1.7295,-0.418864,1
4,10,20,-0.805878,-0.805878,2.55099,-0.805878,2.55099,2
1,11,11,4.63322,5.38727,2.80572,-0.805878,5.38727,1
2,14,16,2.39585,3.33656,2.59926,-0.805878,3.33656,1
2,13,16,2.62633,4.28686,2.59926,-0.805878,4.28686,1
1,3,56,1.31887,1.01074,-3.43957,-0.474568,1.01074,0
2,6,48,0.94137,2.26963,-2.02538,-0.386848,2.26963,1
1,14,18,3.79126,2.83752,2.65786,-0.805878,2.83752,0
2,8,16,4.02471,4.11997,2.59926,-0.805878,4.11997,1
1,8,80,-0.21513,-0.257999,-4.82344,-1.66435,-0.257999,0
4,10,47,-2.78547,0.0746863,-1.66582,-0.377744,-1.66582,1
2,14,15,3.62268,3.74966,2.8676,-0.805878,3.74966,1
2,13,15,4.5615,3.5235,2.8676,-0.805878,3.5235,0
2,5,15,4.68946,3.78421,2.8676,-0.805878,3.78421,0
3,16,41,0.727732,0.181863,0.201755,-0.28101,0.181863,0
2,4,15,4.35418,4.07202,2.8676,-0.805878,4.07202,0
2,13,14,3.3517,3.42044,2.79075,-0.805878,3.42044,1
3,16,43,0.427489,-0.116911,-0.351569,-0.382527,-0.116911,0
2,4,13,4.81102,5.09198,2.91513,-0.805878,5.09198,1
2,3,12,5.15741,5.41901,2.93608,-0.805878,5.41901,1
2,2,12,5.504,5.3143,2.93608,-0.805878,5.3143,0
3,16,45,0.42633,-0.586524,-0.989663,-0.351506,-0.586524,0
2,4,11,4.07604,5.04286,2.80572,-0.805878,5.04286,1
4,2,45,-0.372024,1.56762,-0.989663,-0.351506,-0.989663,1
1,16,60,0.111936,0.728779,-3.62281,-0.563066,0.728779,1
1,6,30,3.70492,4.34218,1.53923,-0.805878,4.34218,1
2,3,10,4.58869,5.41593,2.9161,-0.805878,5.41593,1
4,2,46,-0.518237,1.51506,-1.27338,-0.395639,-0.354102,1
1,16,51,0.837346,1.41801,-3.03783,-0.448822,1.41801,1
1,6,27,4.40717,3.7849,1.79261,-0.805878,3.7849,0
2,3,9,4.95122,4.87841,2.89122,-0.805878,4.87841,0
2,1,9,4.70908,2.01234,2.89122,-0.805878,2.01234,0
3,16,46,0.0824878,-0.613862,-1.27338,-0.395639,-0.613862,0
2,4,8,4.20246,4.80513,2.93668,-0.805878,4.80513,1
2,2,8,4.94912,3.96035,2.93668,-0.805878,3.96035,0
2,1,7,5.43453,4.2027,2.92731,-0.805878,4.2027,0
2,1,6,5.05313,5.7928,2.97518,-0.805878,5.7928,1
2,2,5,5.23897,4.64785,2.97834,-0.805878,4.64785,0
2,1,3,5.1318,4.65266,3,-0.805878,4.65266,0
3,3,42,0.673476,1.30285,-0.0637023,-0.353411,1.30285,1
3,17,55,-0.595743,0.0937455,-3.26052,-0.458097,0.0937455,1
3,19,99,-3.10399,-2.94781,-3.41916,-3.35117,-2.94781,1
3,16,99,-2.74542,-3.2973,-3.41916,-3.35117,-3.2973,0
3,11,99,-2.8344,-2.11388,-3.41916,-3.35117,-2.11388,1
3,10,99,-2.69257,-2.43037,-3.41916,-3.35117,-2.43037,1
3,9,99,-2.91328,-1.69375,-3.41916,-3.35117,-1.69375,1
3,8,99,-2.01065,-1.37447,-3.41916,-3.35117,-1.37447,1
2,19,35,2.23623,2.06123,1.44812,-0.805878,2.06123,0
3,14,84,-2.15696,-1.90081,-5.35927,-2.00544,-1.90081,1
3,6,99,-1.53943,-2.15951,-3.41916,-3.35117,-2.15951,0
3,5,99,-2.45304,-1.20634,-3.41916,-3.35117,-1.20634,1
2,9,79,-0.76213,-1.50136,-4.30456,-1.7295,-1.50136,0
1,4,31,3.96099,3.71283,1.72456,-0.805878,3.71283,0
3,4,99,-2.30978,-1.39364,-3.41916,-3.35117,-1.39364,1
3,2,99,-1.40814,-2.06996,-3.41916,-3.35117,-2.06996,0
3,1,99,-0.764852,-2.58433,-3.41916,-3.35117,-2.58433,0
1,10,98,-0.799567,-0.116882,-3.41916,-3.12829,-0.116882,1
2,1,89,-0.451575,-0.266482,-5.75042,-2.39784,-0.451575,1
4,20,38,-1.89425,-1.89425,0.671689,-0.230343,0.671689,2
2,5,93,-0.821253,-0.468752,-3.41916,-2.51688,-0.468752,1
2,7,95,-1.1581,-1.04242,-3.41916,-2.85377,-1.04242,1
4,2,6,4.53971,-0.0435823,2.97518,-0.805878,-0.678829,0
4,11,15,-0.479294,-0.479294,2.8676,-0.805878,2.8676,2
1,16,27,3.52121,2.78705,1.79261,-0.805878,2.78705,0
2,4,97,-0.850204,-0.55938,-3.41916,-2.81209,-0.55938,1
1,4,61,0.430609,2.00676,-3.77303,-0.607646,2.00676,1
2,9,97,-1.43427,-1.27336,-3.41916,-2.81209,-1.27336,1
2,15,41,1.95034,1.97046,0.201755,-0.28101,1.97046,1
2,10,98,-0.908223,-0.661732,-3.41916,-3.12829,-0.661732,1
3,3,43,1.63655,1.92161,-0.351569,-0.382527,1.63655,1
3,17,52,-0.948693,0.272175,-3.16282,-0.404636,0.272175,1
3,19,98,-2.5443,-2.81031,-3.41916,-3.12829,-2.81031,0
3,16,98,-2.66176,-3.27206,-3.41916,-3.12829,-3.27206,0
3,11,98,-2.6856,-1.74702,-3.41916,-3.12829,-1.74702,1
3,10,98,-2.54707,-2.26325,-3.41916,-3.12829,-2.26325,1
3,9,98,-2.76656,-1.75092,-3.41916,-3.12829,-1.75092,1
3,8,98,-1.87093,-1.45633,-3.41916,-3.12829,-1.45633,1
2,19,34,2.5162,2.52958,1.42834,-0.805878,2.52958,1
3,14,85,-1.31053,-1.81784,-5.14185,-2.10808,-1.81784,0
3,6,98,-1.4706,-2.09067,-3.41916,-3.12829,-2.09067,0
3,5,98,-2.25979,-1.1135,-3.41916,-3.12829,-1.1135,1
2,9,78,-0.469674,-1.17964,-4.65291,-1.66623,-1.17964,0
1,4,30,3.80125,3.49624,1.53923,-0.805878,3.49624,0
3,4,98,-2.16932,-1.2606,-3.41916,-3.12829,-1.2606,1
4,19,83,-4.75214,-4.75214,-5.22327,-1.89942,-1.89942,3
3,19,43,-0.303125,0.83815,-0.351569,-0.382527,0.83815,1
3,3,98,-2.22084,-1.095,-3.41916,-3.12829,-1.095,1
1,11,48,2.1075,1.85981,-2.02538,-0.386848,1.85981,0
1,8,20,3.9441,4.44596,2.55099,-0.805878,4.44596,1
3,2,98,-1.31067,-1.93515,-3.41916,-3.12829,-1.93515,0
3,1,98,-0.739194,-2.49043,-3.41916,-3.12829,-2.49043,0
1,1,97,0.0627208,-0.620205,-3.41916,-2.81209,-0.620205,0
1,10,97,-0.785015,-0.0648597,-3.41916,-2.81209,-0.0648597,1
2,1,88,-0.241146,-0.409065,-5.55605,-2.24038,-0.409065,0
4,20,39,-1.93459,-1.66293,0.982003,-0.317489,-0.317489,2
2,5,92,-1.23495,-0.327772,-6.43894,-2.39982,-0.327772,1
2,7,94,-1.06903,-0.986755,-3.41916,-2.55553,-0.986755,1
2,4,82,-0.350226,-0.625008,-5.04662,-1.89873,-0.625008,0
1,14,83,-0.61094,-0.274246,-5.22327,-1.89942,-0.274246,1
2,8,95,-1.28121,-0.649108,-3.41916,-2.85377,-0.649108,1
1,4,60,0.939974,2.0759,-3.62281,-0.563066,2.0759,1
2,9,96,-1.24331,-1.24373,-3.41916,-2.99602,-1.24373,0
2,15,42,1.99307,1.892,-0.0637023,-0.353411,1.892,0
2,10,97,-1.09038,-0.78018,-3.41916,-2.81209,-0.78018,1
2,2,98,-0.985338,-0.821651,-3.41916,-3.12829,-0.821651,1
3,3,44,0.387038,0.922087,-0.646582,-0.45329,0.922087,1
3,17,41,0.0721507,1.52398,0.201755,-0.28101,1.52398,1
3,19,97,-2.39767,-2.75408,-3.41916,-2.81209,-2.75408,0
2,1,93,-0.11407,-0.38257,-3.41916,-2.51688,-0.38257,0
3,16,97,-2.46087,-2.98505,-3.41916,-2.81209,-2.98505,0
3,11,97,-2.59597,-1.7019,-3.41916,-2.81209,-1.7019,1
3,10,97,-2.52712,-1.98705,-3.41916,-2.81209,-1.98705,1
3,9,97,-2.8994,-1.31209,-3.41916,-2.81209,-1.31209,1
3,8,97,-1.99723,-1.43852,-3.41916,-2.81209,-1.43852,1
2,19,33,2.3405,2.29689,1.60775,-0.805878,2.29689,0
3,14,86,-1.80235,-1.12313,-5.61978,-2.01828,-1.12313,1
3,6,97,-1.67227,-1.81611,-3.41916,-2.81209,-1.81611,0
3,5,97,-2.15173,-1.06789,-3.41916,-2.81209,-1.06789,1
2,9,65,-0.0278172,0.14819,-4.11009,-0.783219,0.14819,1
1,4,29,3.79052,3.3734,1.67657,-0.805878,3.3734,0
3,4,97,-2.18938,-1.09615,-3.41916,-2.81209,-1.09615,1
1,11,63,-0.0185479,1.65428,-4.03562,-0.692524,-0.0185479,1
1,8,27,4.19169,3.63176,1.79261,-0.805878,3.63176,0
3,2,97,-1.26847,-1.69727,-3.41916,-2.81209,-1.69727,0
1,1,96,-0.466259,-0.538797,-3.41916,-2.99602,-0.538797,0
1,10,96,-0.875907,-0.176465,-3.41916,-2.99602,-0.176465,1
4,20,40,-2.00091,-1.71828,0.424054,-0.32524,-0.32524,2
2,5,91,-1.3138,-0.408418,-6.29331,-2.45927,-0.408418,1
2,7,93,-1.22271,-1.10058,-3.41916,-2.51688,-1.10058,1
3,13,99,-2.59285,-3.02728,-3.41916,-3.35117,-3.02728,0
1,6,97,-0.31543,-0.641652,-3.41916,-2.81209,-0.641652,0
1,5,97,-0.252909,-0.421627,-3.41916,-2.81209,-0.421627,0
4,2,52,-1.36978,-0.51264,-3.16282,-0.404636,-0.404636,3
1,16,53,0.47301,1.41722,-3.24637,-0.595251,1.41722,1
2,4,83,-0.267712,-0.399985,-5.22327,-1.89942,-0.399985,0
1,14,84,-0.928008,-0.515615,-5.35927,-2.00544,-0.515615,1
2,6,78,0.149481,-0.19876,-4.65291,-1.66623,-0.19876,0
2,8,94,-1.40228,-0.93918,-3.41916,-2.55553,-0.93918,1
2,15,43,1.95151,1.97238,-0.351569,-0.382527,1.97238,1
2,10,96,-1.17802,-1.02606,-3.41916,-2.99602,-1.02606,1
2,2,99,-1.22238,-0.894136,-3.41916,-3.35117,-0.894136,1
3,3,45,0.588164,1.06111,-0.989663,-0.351506,1.06111,1
3,17,54,-0.588614,0.143749,-3.28628,-0.56961,0.143749,1
3,19,96,-2.29109,-3.08909,-3.41916,-2.99602,-3.08909,0
2,1,92,-0.147863,-0.492327,-6.43894,-2.39982,-0.492327,0
3,16,96,-2.43245,-2.98554,-3.41916,-2.99602,-2.98554,0
3,10,96,-2.39175,-2.15714,-3.41916,-2.99602,-2.15714,1
3,9,96,-2.56051,-1.39995,-3.41916,-2.99602,-1.39995,1
3,8,96,-1.99244,-1.63971,-3.41916,-2.99602,-1.63971,1
2,19,32,2.89748,1.84911,1.7249,-0.805878,1.84911,0
3,14,87,-2.96208,-1.77314,-5.60239,-2.09737,-1.77314,1
3,6,96,-1.59759,-1.84422,-3.41916,-2.99602,-1.84422,0
3,5,96,-2.01274,-1.14383,-3.41916,-2.99602,-1.14383,1
2,9,64,-0.410279,0.274262,-3.84075,-0.813937,0.274262,1
1,4,28,4.04782,3.53811,1.70711,-0.805878,3.53811,0
3,4,96,-2.0602,-1.33285,-3.41916,-2.99602,-1.33285,1
1,11,62,0.364522,1.71773,-3.86868,-0.735614,0.364522,1
1,8,26,4.05009,3.82151,2.08517,-0.805878,3.82151,0
3,2,96,-1.23632,-1.83559,-3.41916,-2.99602,-1.83559,0
4,4,36,0.198009,1.63526,1.45696,0.264588,1.45696,1
2,14,99,-2.25567,-1.66954,-3.41916,-3.35117,-2.25567,1
3,11,96,-2.42789,-1.70367,-3.41916,-2.99602,-1.70367,1
2,2,87,-0.440411,-0.698732,-5.60239,-2.09737,-0.698732,0
4,20,41,-2.08792,-1.78824,0.201755,-0.28101,-0.28101,2
2,5,90,-0.913108,-0.553399,-6.05291,-2.36134,-0.913108,1
2,7,92,-1.12461,-0.9655,-6.43894,-2.39982,-0.9655,1
2,16,98,-2.35077,-2.97653,-3.41916,-3.12829,-2.35077,0
3,13,98,-2.47318,-2.83103,-3.41916,-3.12829,-2.47318,0
3,3,22,2.98133,4.09765,2.39276,-0.805878,4.09765,1
3,17,51,-0.341121,0.582902,-3.03783,-0.448822,0.582902,1
3,19,95,-2.22643,-2.54549,-3.41916,-2.85377,-2.54549,0
3,18,95,-2.38406,-2.81547,-3.41916,-2.85377,-2.38406,0
3,16,95,-2.33678,-2.88553,-3.41916,-2.85377,-2.88553,0
3,6,95,-1.48055,-1.90331,-3.41916,-2.85377,-1.90331,0
1,9,92,-0.636621,-1.1049,-6.43894,-2.39982,-1.1049,0
1,18,76,-0.0868219,-0.463649,-4.75214,-1.45125,-0.463649,0
2,18,52,0.326179,1.09675,-3.16282,-0.404636,1.09675,1
3,5,95,-2.06189,-0.973223,-3.41916,-2.85377,-0.973223,1
2,9,19,4.00392,3.67889,2.73033,-0.805878,3.67889,0
1,4,43,2.75683,1.79344,-0.351569,-0.382527,1.79344,0
3,4,95,-1.86567,-1.13529,-3.41916,-2.85377,-1.13529,1
3,9,13,2.54784,2.96135,2.91513,-0.805878,2.96135,1
4,4,37,0.187799,1.47691,0.962271,-0.077702,0.962271,1
2,14,98,-2.26005,-1.59329,-3.41916,-3.12829,-1.59329,1
3,15,99,-2.62325,-3.42379,-3.41916,-3.35117,-3.42379,0
2,2,86,-0.0906577,-0.711254,-5.61978,-2.01828,-0.711254,0
4,20,42,-2.16262,-1.86521,-0.0637023,-0.353411,-0.0637023,2
2,5,89,-0.561235,-0.531297,-5.75042,-2.39784,-0.531297,1
2,7,91,-1.09619,-0.873263,-6.29331,-2.45927,-0.873263,1
2,16,99,-2.61963,-3.0706,-3.41916,-3.35117,-3.0706,0
3,13,97,-2.34587,-2.65824,-3.41916,-2.81209,-2.65824,0
3,16,94,-2.60713,-3.3695,-3.41916,-2.55553,-2.60713,3
1,19,33,3.17921,3.03629,1.60775,-0.805878,3.03629,0
3,10,94,-2.32334,-1.87186,-3.41916,-2.55553,-1.87186,1
3,6,94,-1.89407,-1.86316,-3.41916,-2.55553,-1.86316,1
1,9,93,-0.619038,-1.15136,-3.41916,-2.51688,-1.15136,0
1,18,79,-0.407019,-0.710505,-4.30456,-1.7295,-0.710505,0
2,18,53,0.351945,0.833328,-3.24637,-0.595251,0.833328,1
3,5,94,-2.11493,-1.00331,-3.41916,-2.55553,-1.00331,1
2,9,18,3.74146,4.10147,2.65786,-0.805878,4.10147,1
1,4,42,2.68107,1.99045,-0.0637023,-0.353411,1.99045,0
3,4,94,-1.81742,-1.06032,-3.41916,-2.55553,-1.06032,1
3,9,12,4.58903,3.87815,2.93608,-0.805878,3.87815,0
4,4,26,0.329456,0.765537,2.08517,-0.805878,2.08517,2
2,14,97,-2.36213,-1.51402,-3.41916,-2.81209,-2.36213,1
1,16,66,-0.338415,0.360514,-4.06104,-0.806488,0.360514,1
1,5,42,2.77223,2.20102,-0.0637023,-0.353411,2.20102,0
1,6,40,2.92339,3.19713,0.424054,-0.32524,3.19713,1
4,12,38,-1.89425,-1.89425,0.671689,-0.230343,0.671689,2
2,3,88,-0.714789,-0.629519,-5.55605,-2.24038,-0.629519,1
4,14,76,-4.38821,-3.13687,-4.75214,-1.45125,-1.45125,3
4,6,83,-4.75214,-4.54334,-5.22327,-1.89942,-1.89942,3
3,12,95,-2.44803,-2.50922,-3.41916,-2.85377,-2.44803,0
3,15,98,-2.83701,-3.76929,-3.41916,-3.12829,-3.76929,0
2,2,85,-0.712304,-0.0725576,-5.14185,-2.10808,-0.712304,1
4,20,43,-2.24665,-1.94568,-0.351569,-0.382527,-0.382527,2
2,5,88,-0.398307,-0.507177,-5.55605,-2.24038,-0.507177,0
2,7,90,-1.0808,-0.808819,-6.05291,-2.36134,-0.808819,1
2,16,96,-2.35246,-2.77253,-3.41916,-2.99602,-2.77253,0
3,13,96,-2.25157,-2.76515,-3.41916,-2.99602,-2.76515,0
3,6,93,-1.6156,-1.64949,-3.41916,-2.51688,-1.64949,0
3,5,93,-3.27702,-1.2432,-3.41916,-2.51688,-1.2432,1
2,9,21,4.07994,3.762,2.59473,-0.805878,3.762,0
1,4,41,2.76525,2.08524,0.201755,-0.28101,2.08524,0
3,4,93,-1.89271,-1.24637,-3.41916,-2.51688,-1.24637,1
4,4,27,0.209333,0.7173,1.79261,-0.805878,1.79261,2
3,9,15,3.49225,4.61534,2.8676,-0.805878,4.61534,1
2,14,96,-2.11328,-1.39266,-3.41916,-2.99602,-1.39266,1
1,16,77,-0.752881,-0.118453,-4.67517,-1.58996,-0.118453,1
1,5,41,2.77168,2.41854,0.201755,-0.28101,2.41854,0
1,6,41,2.91731,2.94077,0.201755,-0.28101,2.94077,1
4,12,41,-2.08792,0.822246,0.201755,-0.28101,0.201755,1
2,3,91,-0.606722,-0.483891,-6.29331,-2.45927,-0.483891,1
4,14,77,-4.23657,-2.95203,-4.67517,-1.58996,-1.58996,3
4,6,82,-4.90201,-4.51863,-5.04662,-1.89873,-1.89873,3
3,12,94,-2.1828,-2.32313,-3.41916,-2.55553,-2.32313,0
3,15,97,-2.48802,-3.26143,-3.41916,-2.81209,-3.26143,0
4,20,44,-2.26409,-1.98141,-0.646582,-0.45329,-0.45329,3
2,5,87,-0.417517,-0.495064,-5.60239,-2.09737,-0.495064,0
2,7,89,-1.0209,-0.728091,-5.75042,-2.39784,-0.728091,1
2,16,97,-2.19099,-2.67958,-3.41916,-2.81209,-2.67958,0
3,13,95,-2.20395,-2.60407,-3.41916,-2.85377,-2.60407,0
3,6,92,-1.57894,-1.59986,-6.43894,-2.39982,-1.59986,0
3,5,92,-1.84032,-0.747909,-6.43894,-2.39982,-0.747909,1
2,9,20,4.49214,3.81152,2.55099,-0.805878,3.81152,0
1,4,40,2.7836,2.22824,0.424054,-0.32524,2.22824,0
3,4,92,-1.80882,-1.0212,-6.43894,-2.39982,-1.0212,1
3,7,96,-1.62686,-2.19807,-3.41916,-2.99602,-2.19807,0
3,1,92,-0.327567,-1.90643,-6.43894,-2.39982,-1.90643,0
1,5,84,-0.483398,-0.0550905,-5.35927,-2.00544,-0.483398,1
1,16,64,-0.264763,0.500748,-3.84075,-0.813937,0.500748,1
1,6,42,2.73796,3.12619,-0.0637023,-0.353411,3.12619,1
4,12,36,-1.77946,-1.77946,1.45696,0.264588,1.45696,2
2,3,94,-0.751456,-0.660468,-3.41916,-2.55553,-0.660468,1
4,14,78,-4.4203,-3.13917,-4.65291,-1.66623,-1.66623,3
3,12,93,-2.08177,-2.33149,-3.41916,-2.51688,-2.33149,0
4,7,13,-0.496319,-0.371735,2.91513,-0.805878,2.91513,2
3,15,96,-2.52717,-3.27513,-3.41916,-2.99602,-3.27513,0
2,2,83,-0.371598,-0.0216633,-5.22327,-1.89942,-0.0216633,1
4,20,45,-2.28561,-2.28561,-0.989663,-0.351506,-0.351506,3
2,5,86,-0.342494,-0.420012,-5.61978,-2.01828,-0.420012,0
2,7,88,-0.976219,-0.714874,-5.55605,-2.24038,-0.976219,1
3,13,94,-2.24292,-2.40294,-3.41916,-2.55553,-2.40294,0
3,6,91,-1.47021,-1.64709,-6.29331,-2.45927,-1.64709,0
1,9,88,-0.284954,-0.698258,-5.55605,-2.24038,-0.698258,0
1,18,72,0.0930485,-0.24503,-4.69937,-1.21867,-0.24503,0
2,18,56,0.0533257,0.316147,-3.43957,-0.474568,0.316147,1
3,5,91,-1.92212,-0.924545,-6.29331,-2.45927,-0.924545,1
2,9,23,2.85317,2.93131,2.09672,-0.805878,2.93131,1
1,4,39,2.8706,2.42056,0.982003,-0.317489,2.42056,0
3,4,91,-1.67049,-1.16217,-6.29331,-2.45927,-1.16217,1
3,2,91,-0.93425,-1.57273,-6.29331,-2.45927,-1.57273,0
3,1,91,-0.418189,-2.03391,-6.29331,-2.45927,-2.03391,0
3,6,7,4.62326,3.67101,2.92731,-0.805878,3.67101,0
2,19,31,3.08524,2.04423,1.72456,-0.805878,2.04423,0
3,11,91,-2.47644,-1.46047,-6.29331,-2.45927,-1.46047,1
1,16,67,-0.484434,0.258051,-4.33476,-0.933887,0.258051,1
1,5,43,2.63627,2.06548,-0.351569,-0.382527,2.06548,0
1,6,43,2.24821,2.94622,-0.351569,-0.382527,2.94622,1
4,12,39,-1.93459,1.01009,0.982003,-0.317489,-0.317489,1
2,3,89,-0.780366,-0.733249,-5.75042,-2.39784,-0.733249,1
4,14,79,-4.69937,-3.34139,-4.30456,-1.7295,-1.7295,3
3,12,92,-2.02052,-2.2812,-6.43894,-2.39982,-2.2812,0
4,7,60,-1.53619,-0.218562,-3.62281,-0.563066,-0.563066,1
3,15,95,-2.44925,-3.2243,-3.41916,-2.85377,-3.2243,0
2,2,82,-0.274412,0.0566648,-5.04662,-1.89873,0.0566648,1
4,20,46,-2.41163,-2.41163,-1.27338,-0.395639,-0.395639,3
2,5,85,-0.44187,-0.691623,-5.14185,-2.10808,-0.691623,0
2,7,87,-0.916264,-0.680151,-5.60239,-2.09737,-0.680151,1
3,13,93,-2.15107,-2.63704,-3.41916,-2.51688,-2.63704,0
1,19,45,0.930075,2.62092,-0.989663,-0.351506,2.62092,1
3,10,90,-2.5727,-1.74086,-6.05291,-2.36134,-1.74086,1
3,6,90,-1.39701,-1.63437,-6.05291,-2.36134,-1.63437,0
1,9,89,-0.41121,-0.836154,-5.75042,-2.39784,-0.836154,0
1,18,75,0.054611,-0.323212,-4.90201,-1.41384,-0.323212,0
2,18,57,0.144117,0.34251,-3.55909,-0.534181,0.34251,1
3,5,90,-1.81997,-0.822306,-6.05291,-2.36134,-0.822306,1
2,9,22,3.18088,3.65453,2.39276,-0.805878,3.65453,1
1,4,38,3.03278,3.40468,0.671689,-0.230343,3.40468,1
3,4,90,-1.82645,-1.20481,-6.05291,-2.36134,-1.20481,1
3,1,90,-0.667347,-1.79612,-6.05291,-2.36134,-1.79612,0
2,19,28,3.77074,2.18412,1.70711,-0.805878,2.18412,0
3,11,90,-2.06861,-1.64567,-6.05291,-2.36134,-1.64567,1
1,5,86,-0.283061,-0.335246,-5.61978,-2.01828,-0.283061,0
1,16,70,-0.736594,0.0896542,-4.23657,-1.06699,0.0896542,1
1,6,52,1.64102,2.46408,-3.16282,-0.404636,2.46408,1
4,12,34,-1.65275,-1.65275,1.42834,-0.805878,-0.805878,2
2,3,92,-0.821301,-0.508533,-6.43894,-2.39982,-0.508533,1
4,14,72,-4.11009,-2.77941,-4.69937,-1.21867,-1.21867,3
3,12,91,-1.92651,-2.15819,-6.29331,-2.45927,-2.15819,0
4,7,63,-1.75465,-0.351855,-4.03562,-0.692524,-0.692524,1
3,15,94,-2.21305,-3.15878,-3.41916,-2.55553,-3.15878,0
4,20,47,-2.47724,-2.47724,-1.66582,-0.377744,-0.377744,3
2,5,84,-0.296365,-0.448942,-5.35927,-2.00544,-0.448942,0
2,7,86,-0.743518,-0.43483,-5.61978,-2.01828,-0.43483,1
3,13,92,-2.04226,-2.29888,-6.43894,-2.39982,-2.29888,0
2,4,90,-1.00239,-0.809086,-6.05291,-2.36134,-0.809086,1
2,8,87,-1.0164,-0.354153,-5.60239,-2.09737,-0.354153,1
1,19,46,1.18219,2.64575,-1.27338,-0.395639,2.64575,1
3,10,89,-1.95994,-1.85217,-5.75042,-2.39784,-1.85217,1
3,6,89,-1.15442,-2.80068,-5.75042,-2.39784,-2.80068,0
1,9,94,-0.7994,-1.18415,-3.41916,-2.55553,-1.18415,0
1,18,74,0.208132,-0.23214,-4.86797,-1.45906,-0.23214,0
2,18,58,0.146802,0.454492,-3.5329,-0.497556,0.454492,1
3,5,89,-1.87058,-0.89727,-5.75042,-2.39784,-0.89727,1
1,4,37,3.09811,3.27599,0.962271,-0.077702,3.27599,1
3,4,89,-1.78939,-1.18533,-5.75042,-2.39784,-1.18533,1
4,18,97,-6.05291,-6.05291,-3.41916,-2.81209,-2.81209,3
3,13,91,-2.28232,-2.26285,-6.29331,-2.45927,-2.26285,1
4,7,62,-1.44323,-0.254847,-3.86868,-0.735614,-3.86868,1
3,15,93,-2.52398,-3.10777,-3.41916,-2.51688,-3.10777,3
4,20,48,-2.52467,-2.52467,-2.02538,-0.386848,-0.386848,3
2,5,83,-0.610917,-0.870948,-5.22327,-1.89942,-0.870948,0
2,7,85,-0.781547,-1.46103,-5.14185,-2.10808,-1.46103,0
3,11,89,-2.41627,-1.23666,-5.75042,-2.39784,-1.23666,1
1,5,85,-0.583164,-0.183006,-5.14185,-2.10808,-0.183006,1
1,16,65,0.042141,0.423547,-4.11009,-0.783219,0.042141,1
1,6,53,1.73252,2.07347,-3.24637,-0.595251,2.07347,1
4,12,37,-1.84662,-1.84662,0.962271,-0.077702,-0.077702,2
2,3,95,-0.767311,-0.509849,-3.41916,-2.85377,-0.509849,1
4,14,73,-4.06104,-2.79396,-4.58061,-1.30758,-1.30758,3
3,12,90,-2.64581,-2.64855,-6.05291,-2.36134,-2.64855,3
2,4,91,-0.713403,-0.641063,-6.29331,-2.45927,-0.641063,1
2,8,86,-1.10603,-0.449901,-5.61978,-2.01828,-0.449901,1
3,6,88,-1.34968,-1.44687,-5.55605,-2.24038,-1.44687,0
1,4,36,3.14415,3.64312,1.45696,0.264588,3.64312,1
3,4,88,-1.71526,-1.19979,-5.55605,-2.24038,-1.19979,1
4,7,57,-1.34527,-0.269258,-3.55909,-0.534181,-0.313412,1
3,15,92,-2.15555,-3.03031,-6.43894,-2.39982,-3.03031,0
2,2,79,-0.370302,0.0841894,-4.30456,-1.7295,0.0841894,1
4,20,49,-2.61941,-2.61941,-2.3856,-0.416188,-0.416188,3
2,5,82,-0.617403,-0.40176,-5.04662,-1.89873,-0.40176,1
2,7,84,-0.461107,-1.43452,-5.35927,-2.00544,-1.43452,0
1,5,80,-0.216376,0.000164125,-4.82344,-1.66435,-0.216376,1
1,16,68,-0.723942,0.070532,-4.27007,-1.01066,0.070532,1
1,6,54,1.86915,2.1306,-3.28628,-0.56961,2.1306,1
3,6,49,-0.0714087,1.21053,-2.3856,-0.416188,1.21053,1
3,14,38,0.965089,1.30075,0.671689,-0.230343,1.30075,1
2,19,81,-1.49611,-1.88587,-4.70389,-1.77463,-1.88587,0
4,12,32,-1.51638,-1.51638,1.7249,-0.805878,1.7249,2
2,3,82,-0.14159,-0.120553,-5.04662,-1.89873,-0.120553,1
4,14,74,-4.33476,-3.00877,-4.86797,-1.45906,-1.45906,3
3,12,89,-2.04556,-2.05577,-5.75042,-2.39784,-2.05577,0
2,4,84,-0.516686,-0.530935,-5.35927,-2.00544,-0.530935,0
2,8,85,-0.80936,-1.50072,-5.14185,-2.10808,-1.50072,0
4,18,96,-5.75042,-5.75042,-3.41916,-2.99602,-2.99602,3
3,13,90,-1.90646,-2.1339,-6.05291,-2.36134,-2.1339,0
3,16,93,-2.233,-2.97355,-3.41916,-2.51688,-2.97355,0
3,6,6,2.22275,4.31581,2.97518,-0.805878,4.31581,1
2,19,30,3.00508,2.20752,1.53923,-0.805878,2.20752,0
3,11,88,-2.04836,-1.38016,-5.55605,-2.24038,-1.38016,1
1,19,40,2.08537,2.70669,0.424054,-0.32524,2.70669,1
3,10,87,-1.86992,-1.46073,-5.60239,-2.09737,-1.46073,1
3,14,64,-0.481589,0.00883628,-3.84075,-0.813937,0.00883628,1
3,6,87,-1.18827,-1.29551,-5.60239,-2.09737,-1.29551,0
3,4,87,-3.44804,-1.04531,-5.60239,-2.09737,-1.04531,1
4,7,56,-1.22711,-0.0761697,-3.43957,-0.474568,-0.474568,1
3,15,91,-2.12635,-2.92197,-6.29331,-2.45927,-2.92197,0
2,2,78,-0.113612,0.387178,-4.65291,-1.66623,0.387178,1
4,20,50,-2.7155,-2.7155,-2.70986,-0.510597,-0.510597,3
2,5,81,-0.0899244,-0.234655,-4.70389,-1.77463,-0.234655,0
2,7,83,-0.458113,-1.41077,-5.22327,-1.89942,-1.41077,0
1,5,87,-0.259535,-0.290447,-5.60239,-2.09737,-0.259535,0
1,16,71,-0.246241,0.266394,-4.4203,-1.13959,0.266394,1
1,6,55,1.63128,2.17594,-3.26052,-0.458097,1.63128,1
4,12,35,-1.73068,-1.73068,1.44812,-0.805878,1.44812,2
2,3,93,-0.821219,-0.656947,-3.41916,-2.51688,-0.656947,1
4,14,75,-4.27007,-3.11602,-4.90201,-1.41384,-1.41384,3
3,12,88,-1.75842,-1.919,-5.55605,-2.24038,-1.919,0
2,4,85,-0.54118,-0.672537,-5.14185,-2.10808,-0.672537,0
2,8,84,-0.635769,-1.45177,-5.35927,-2.00544,-1.45177,0
4,18,99,-6.43894,-6.43894,-3.41916,-3.35117,-3.35117,3
3,13,89,-2.29934,-2.13195,-5.75042,-2.39784,-2.13195,1
3,16,92,-3.06525,-2.55654,-6.43894,-2.39982,-2.55654,3
3,14,65,-0.404169,-0.236853,-4.11009,-0.783219,-0.236853,1
3,6,86,-0.998772,-1.2077,-5.61978,-2.01828,-1.2077,0
3,4,86,-1.66998,-1.03479,-5.61978,-2.01828,-1.03479,1
4,2,40,1.62021,1.23517,0.424054,-0.32524,0.424054,0
1,16,49,1.76197,1.98385,-2.3856,-0.416188,1.98385,1
1,14,88,-1.0561,-0.643623,-5.55605,-2.24038,-0.643623,1
2,6,74,0.0733402,-0.0557113,-4.86797,-1.45906,-0.0557113,0
2,8,90,-1.28011,-0.614031,-6.05291,-2.36134,-0.614031,1
2,4,79,-0.124416,-0.170934,-4.30456,-1.7295,-0.170934,0
2,13,88,-1.07285,-0.541896,-5.55605,-2.24038,-0.541896,1
3,3,23,2.89279,3.96118,2.09672,-0.805878,3.96118,1
3,17,48,-0.384572,0.475108,-2.02538,-0.386848,0.475108,1
3,19,94,-2.20761,-2.51982,-3.41916,-2.55553,-2.20761,0
2,2,77,-0.0816012,0.432481,-4.67517,-1.58996,0.432481,1
4,20,51,-2.78547,-2.45315,-3.03783,-0.448822,-0.448822,3
2,5,80,-0.199084,-0.274027,-4.82344,-1.66435,-0.274027,0
1,14,51,0.736888,0.908009,-3.03783,-0.448822,0.908009,1
2,8,63,0.263277,-0.38215,-4.03562,-0.692524,-0.38215,0
2,6,81,-0.126134,-0.418603,-4.70389,-1.77463,-0.418603,0
2,7,82,-0.365551,-1.28811,-5.04662,-1.89873,-1.28811,0
2,4,86,-0.715206,-0.695351,-5.61978,-2.01828,-0.695351,1
2,8,83,-0.673636,-1.45622,-5.22327,-1.89942,-1.45622,0
2,15,90,-1.42753,-2.17214,-6.05291,-2.36134,-2.17214,0
3,18,98,-2.99243,-2.73794,-3.41916,-3.12829,-2.99243,1
2,11,16,3.61974,2.92726,2.59926,-0.805878,2.92726,0
3,3,51,-0.157413,2.03268,-3.03783,-0.448822,2.03268,1
4,19,98,-6.29331,-6.29331,-3.41916,-3.12829,-3.12829,3
3,17,92,-2.18197,-2.12209,-6.43894,-2.39982,-2.12209,1
1,16,90,-1.15261,-1.88299,-6.05291,-2.36134,-1.15261,0
1,5,82,-0.458106,-0.0847498,-5.04662,-1.89873,-0.0847498,1
1,6,48,2.06477,2.25105,-2.02538,-0.386848,2.25105,1
3,14,36,0.905338,1.55851,1.45696,0.264588,1.55851,1
3,6,51,1.4655,0.927607,-3.03783,-0.448822,0.927607,0
2,19,83,-0.995857,-1.6424,-5.22327,-1.89942,-1.6424,0
2,3,80,-0.145258,-0.159486,-4.82344,-1.66435,-0.159486,0
4,14,68,-3.77303,-2.78849,-4.27007,-1.01066,-1.01066,3
3,12,87,-1.72002,-1.90634,-5.60239,-2.09737,-1.90634,0
4,18,98,-6.29331,-6.29331,-3.41916,-3.12829,-3.12829,3
3,13,88,-1.8271,-2.04864,-5.55605,-2.24038,-2.04864,0
4,7,59,-1.35481,-0.243888,-3.59803,-0.651593,-3.59803,1
3,15,90,-2.01863,-2.73293,-6.05291,-2.36134,-2.73293,0
3,16,91,-2.11299,-2.69186,-6.29331,-2.45927,-2.69186,0
1,19,42,1.97526,2.57842,-0.0637023,-0.353411,2.57842,1
3,10,85,-1.24836,-1.72612,-5.14185,-2.10808,-1.72612,0
3,9,85,-1.57243,-1.10403,-5.14185,-2.10808,-1.10403,1
3,14,66,-1.58456,-0.474768,-4.06104,-0.806488,-0.474768,1
3,6,85,-1.34111,-1.17447,-5.14185,-2.10808,-1.17447,1
3,4,85,-1.61257,-1.1823,-5.14185,-2.10808,-1.1823,1
3,14,67,-0.801142,-0.170748,-4.33476,-0.933887,-0.170748,1
3,6,84,-2.11182,-1.13384,-5.35927,-2.00544,-1.13384,1
3,4,84,-2.02466,-1.05946,-5.35927,-2.00544,-1.05946,1
2,19,51,0.401745,0.96538,-3.03783,-0.448822,0.96538,1
3,14,68,-0.846189,-0.359726,-4.27007,-1.01066,-0.359726,1
3,6,83,-2.72754,-1.05586,-5.22327,-1.89942,-1.05586,1
3,5,83,-1.53563,-1.01222,-5.22327,-1.89942,-1.01222,1
2,9,31,2.83075,1.96424,1.72456,-0.805878,1.96424,0
1,4,47,1.34611,2.21279,-1.66582,-0.377744,2.21279,1
3,4,83,-1.63275,-0.996297,-5.22327,-1.89942,-0.996297,1
2,19,50,-0.0961594,1.13001,-2.70986,-0.510597,1.13001,1
3,14,69,-0.940142,-0.364705,-4.38821,-0.937499,-0.364705,1
3,6,82,-1.35019,-1.02253,-5.04662,-1.89873,-1.02253,1
3,5,82,-1.24561,-0.759945,-5.04662,-1.89873,-0.759945,1
2,9,30,2.84515,1.73019,1.53923,-0.805878,1.73019,0
1,4,46,1.4342,2.3747,-1.27338,-0.395639,2.3747,1
3,4,82,-1.63131,-2.01706,-5.04662,-1.89873,-2.01706,0
2,19,49,0.0618947,1.35474,-2.3856,-0.416188,1.35474,1
3,14,70,-0.986135,-0.377098,-4.23657,-1.06699,-0.377098,1
3,6,81,-1.56383,-0.959182,-4.70389,-1.77463,-0.959182,1
3,5,81,-1.58798,-0.680993,-4.70389,-1.77463,-0.680993,1
2,9,17,4.19628,4.31101,2.67763,-0.805878,4.31101,1
1,4,45,1.55581,2.4105,-0.989663,-0.351506,2.4105,1
3,4,81,-1.26591,-0.848438,-4.70389,-1.77463,-0.848438,1
3,5,80,-1.15048,-0.677678,-4.82344,-1.66435,-0.677678,1
2,9,16,3.7006,4.48031,2.59926,-0.805878,4.48031,1
1,4,44,2.72657,1.93744,-0.646582,-0.45329,1.93744,0
3,4,80,-1.69289,-0.779018,-4.82344,-1.66435,-0.779018,1
3,4,79,-1.16391,-0.746667,-4.30456,-1.7295,-0.746667,1
3,17,72,-1.6416,-1.32902,-4.69937,-1.21867,-1.32902,3
3,3,79,-0.76905,-0.35642,-4.30456,-1.7295,-0.35642,1
3,17,75,-1.36655,-1.37271,-4.90201,-1.41384,-1.37271,0
3,3,78,-1.08913,-0.571002,-4.65291,-1.66623,-0.571002,1
2,4,30,3.27071,3.32695,1.53923,-0.805878,3.27071,1
3,16,56,-0.848287,0.323538,-3.43957,-0.474568,0.323538,1
2,4,16,4.57518,4.47695,2.59926,-0.805878,4.47695,0
3,16,54,-0.790148,0.379676,-3.28628,-0.56961,0.379676,1
3,3,40,0.785732,1.34012,0.424054,-0.32524,1.34012,1
3,19,93,-2.17937,-2.46128,-3.41916,-2.51688,-2.46128,0
3,17,53,-0.486165,0.44195,-3.24637,-0.595251,0.44195,1
2,4,19,4.54957,5.3055,2.73033,-0.805878,5.3055,1
3,16,53,-1.30133,0.244176,-3.24637,-0.595251,0.244176,1
2,4,18,3.91072,4.46243,2.65786,-0.805878,4.46243,1
3,16,52,-0.471645,0.45354,-3.16282,-0.404636,0.45354,1
2,19,94,-1.94949,-1.58878,-3.41916,-2.55553,-1.58878,1
3,14,49,-0.713142,0.455433,-2.3856,-0.416188,0.455433,1
4,6,64,0.9631,-0.511893,-3.84075,-0.813937,-0.511893,0
3,12,48,0.310302,0.236078,-2.02538,-0.386848,0.236078,0
3,20,47,-0.472265,0.621067,-1.66582,-0.377744,0.621067,1
3,20,46,-0.248028,1.08851,-1.27338,-0.395639,1.08851,1
1,10,22,4.35249,4.75119,2.39276,-0.805878,4.75119,1
3,20,45,-0.180046,1.15039,-0.989663,-0.351506,1.15039,1
3,20,44,-0.344022,-0.00495894,-0.646582,-0.45329,-0.00495894,1
3,3,35,2.50359,1.98261,1.44812,-0.805878,1.98261,0
3,17,44,0.0259918,0.965286,-0.646582,-0.45329,0.965286,1
2,1,96,-0.0913948,-0.538797,-3.41916,-2.99602,-0.538797,0
2,4,10,4.85302,5.37826,2.9161,-0.805878,5.37826,1
3,16,44,0.448439,0.105399,-0.646582,-0.45329,0.105399,0
3,20,43,-0.293168,0.228339,-0.351569,-0.382527,0.228339,1
2,11,13,2.9646,3.18218,2.91513,-0.805878,3.18218,1
3,3,46,0.29817,1.04292,-1.27338,-0.395639,1.04292,1
3,17,43,-0.304871,1.29361,-0.351569,-0.382527,1.29361,1
4,7,72,-4.11009,-3.86645,-4.69937,-1.21867,-3.11392,3
3,15,43,1.31207,1.14708,-0.351569,-0.382527,1.14708,0
2,11,14,3.20267,3.56479,2.79075,-0.805878,3.56479,1
3,3,33,3.47124,2.21358,1.60775,-0.805878,2.21358,0
3,17,42,-0.0734243,1.39903,-0.0637023,-0.353411,1.39903,1
2,4,12,4.58049,5.07996,2.93608,-0.805878,5.07996,1
3,16,42,0.898783,0.0196554,-0.0637023,-0.353411,0.0196554,0
4,7,75,-4.27007,-4.15284,-4.90201,-1.41384,-1.41384,3
3,15,42,0.97284,1.20365,-0.0637023,-0.353411,1.20365,1
3,20,41,0.109055,0.341457,0.201755,-0.28101,0.341457,1
4,7,74,-4.33476,-4.10172,-4.86797,-1.45906,-1.45906,3
3,15,41,1.35085,1.26918,0.201755,-0.28101,1.26918,0
3,20,40,0.332035,0.341189,0.424054,-0.32524,0.341189,2
4,7,85,-4.65291,-4.61676,-5.14185,-2.10808,-2.10808,3
3,15,40,1.35774,1.09089,0.424054,-0.32524,1.09089,0
1,10,16,4.60053,3.78575,2.59926,-0.805878,3.78575,0
3,20,39,1.1242,0.239707,0.982003,-0.317489,0.239707,0
3,6,48,0.331893,1.38974,-2.02538,-0.386848,1.38974,1
2,19,80,-1.28163,-1.54034,-4.82344,-1.66435,-1.54034,0
3,14,39,1.90225,1.10079,0.982003,-0.317489,1.10079,0
1,10,30,3.53317,2.64531,1.53923,-0.805878,2.64531,0
3,20,37,1.45696,1.15678,0.962271,-0.077702,1.15678,0
3,6,50,0.0416626,0.869309,-2.70986,-0.510597,0.869309,1
2,19,82,-1.41433,-1.57448,-5.04662,-1.89873,-1.57448,0
3,14,37,1.10596,1.3921,0.962271,-0.077702,1.3921,1
2,1,99,-0.320482,-0.573447,-3.41916,-3.35117,-0.573447,0
2,4,5,4.45747,5.01002,2.97834,-0.805878,5.01002,1
3,16,35,1.24389,1.78438,1.44812,-0.805878,1.78438,1
2,1,98,-0.264459,-0.443245,-3.41916,-3.12829,-0.443245,0
2,4,4,6.37562,4.76515,2.97261,-0.805878,4.76515,0
3,16,34,0.758961,1.52591,1.42834,-0.805878,1.52591,1
3,3,36,2.42614,1.87058,1.45696,0.264588,1.87058,0
3,17,33,1.74441,2.05997,1.60775,-0.805878,2.05997,1
1,10,21,4.53182,4.81268,2.59473,-0.805878,4.81268,1
3,20,32,1.64733,1.8894,1.7249,-0.805878,1.8894,1
3,3,39,0.934234,1.519,0.982003,-0.317489,1.519,1
3,17,32,2.18579,2.65514,1.7249,-0.805878,2.65514,1
2,2,88,-0.642638,-0.728346,-5.55605,-2.24038,-0.728346,0
3,3,86,-2.14103,-1.77646,-5.61978,-2.01828,-1.77646,1
4,19,95,-5.55605,-5.55605,-3.41916,-2.85377,-2.85377,3
3,19,31,1.62188,1.78685,1.72456,-0.805878,1.78685,1
2,2,89,-0.813405,-0.729516,-5.75042,-2.39784,-0.729516,1
3,3,87,-1.7189,-0.950257,-5.60239,-2.09737,-0.950257,1
4,19,94,-5.60239,-5.60239,-3.41916,-2.55553,-2.55553,3
3,19,30,1.7015,1.85085,1.53923,-0.805878,1.85085,1
2,1,86,-0.499995,-0.0837106,-5.61978,-2.01828,-0.0837106,1
2,4,56,1.23774,1.17725,-3.43957,-0.474568,1.17725,0
3,16,30,1.86131,1.63621,1.53923,-0.805878,1.63621,0
2,1,81,-0.0219674,0.122999,-4.70389,-1.77463,0.122999,1
2,4,59,0.939825,1.25131,-3.59803,-0.651593,1.25131,1
3,16,29,2.02431,1.84824,1.67657,-0.805878,1.84824,0
3,15,28,2.06643,2.80165,1.70711,-0.805878,2.80165,1
2,2,92,-1.0483,-0.475614,-6.43894,-2.39982,-0.475614,1
3,3,82,-1.45754,-0.780074,-5.04662,-1.89873,-0.780074,1
4,19,67,-3.62281,-3.64671,-4.33476,-0.933887,-0.933887,3
3,19,27,2.05825,2.09625,1.79261,-0.805878,2.09625,1
2,2,90,-0.372027,-0.79829,-6.05291,-2.36134,-0.79829,0
3,3,84,-1.26319,-0.831977,-5.35927,-2.00544,-0.831977,1
4,19,65,-3.5329,-3.47108,-4.11009,-0.783219,-0.783219,3
3,19,25,2.13266,3.12212,2.04479,-0.805878,3.12212,1
3,11,24,2.9489,2.95361,2.20454,-0.805878,2.95361,1
2,2,80,-0.264225,0.189316,-4.82344,-1.66435,0.189316,1
3,3,94,-1.78728,-1.04204,-3.41916,-2.55553,-1.04204,1
4,19,71,-3.84075,-3.84075,-4.4203,-1.13959,-1.13959,3
3,19,23,4.09024,3.23195,2.09672,-0.805878,4.09024,0
3,9,87,-2.55356,-2.81153,-5.60239,-2.09737,-2.81153,3
3,3,10,2.90734,5.28274,2.9161,-0.805878,5.28274,1
3,19,67,-0.772532,-0.876951,-4.33476,-0.933887,-0.876951,0
3,17,23,2.67762,3.43493,2.09672,-0.805878,3.43493,1
3,15,23,2.51057,2.66233,2.09672,-0.805878,2.66233,1
2,2,81,-0.280813,0.222176,-4.70389,-1.77463,0.222176,1
4,19,70,-4.03562,-3.8614,-4.23657,-1.06699,-1.06699,3
3,3,95,-1.93498,-1.16927,-3.41916,-2.85377,-1.16927,1
3,19,22,4.10488,3.39739,2.39276,-0.805878,3.39739,0
3,9,84,-1.48159,-1.06276,-5.35927,-2.00544,-1.06276,1
3,3,13,2.13342,4.00086,2.91513,-0.805878,4.00086,1
3,19,64,-0.8613,-0.323155,-3.84075,-0.813937,-0.323155,1
3,17,22,2.79416,3.61591,2.39276,-0.805878,3.61591,1
2,1,78,-0.0570497,0.16977,-4.65291,-1.66623,0.16977,1
2,4,48,1.47831,1.11087,-2.02538,-0.386848,1.11087,0
3,16,22,2.59737,2.89347,2.39276,-0.805878,2.89347,1
2,2,94,-1.10851,-0.752013,-3.41916,-2.55553,-0.752013,1
3,3,80,-1.96078,-1.25489,-4.82344,-1.66435,-1.25489,1
4,19,69,-3.86868,-3.7786,-4.38821,-0.937499,-0.937499,3
3,19,21,4.095,3.46739,2.59473,-0.805878,3.46739,0
3,15,21,2.6556,2.73929,2.59473,-0.805878,2.73929,1
2,2,95,-1.10059,-0.604198,-3.41916,-2.85377,-0.604198,1
4,19,68,-3.77303,-3.81762,-4.27007,-1.01066,-1.01066,3
3,3,81,-1.49589,-0.805288,-4.70389,-1.77463,-0.805288,1
3,19,20,2.69465,2.59636,2.55099,-0.805878,2.59636,0
2,2,84,-0.498263,-0.0578713,-5.35927,-2.00544,-0.0578713,1
4,19,75,-4.27007,-4.27007,-4.90201,-1.41384,-1.41384,3
3,3,90,-1.621,-1.05584,-6.05291,-2.36134,-1.05584,1
3,17,71,-1.85454,-1.2711,-4.4203,-1.13959,-1.2711,3
3,19,19,5.85857,2.74684,2.73033,-0.805878,2.74684,0
2,1,83,-0.302198,0.0167694,-5.22327,-1.89942,0.0167694,1
2,4,53,1.66329,1.69282,-3.24637,-0.595251,1.69282,1
3,16,19,2.87744,2.82051,2.73033,-0.805878,2.82051,0
3,15,19,4.41013,2.75235,2.73033,-0.805878,2.75235,0
3,6,36,1.93616,2.00617,1.45696,0.264588,2.00617,1
3,14,19,3.6857,2.78205,2.73033,-0.805878,2.78205,0
3,11,19,2.85294,3.00829,2.73033,-0.805878,3.00829,1
2,1,82,-0.0936225,0.0889465,-5.04662,-1.89873,0.0889465,1
2,4,52,1.9143,1.6421,-3.16282,-0.404636,1.9143,0
3,16,18,2.65786,2.79728,2.65786,-0.805878,2.79728,1
3,15,18,2.65786,1.92564,2.65786,-0.805878,1.92564,0
3,15,17,2.86317,1.96301,2.67763,-0.805878,1.96301,0
3,17,95,-2.34457,-2.68962,-3.41916,-2.85377,-2.68962,0
3,3,50,1.39044,1.03538,-2.70986,-0.510597,1.03538,0
4,19,99,-6.43894,-6.43894,-3.41916,-3.35117,-3.35117,3
3,3,57,-0.668093,0.880679,-3.55909,-0.534181,0.880679,1
3,17,34,1.70234,2.0109,1.42834,-0.805878,2.0109,1
4,17,99,-6.43894,-6.43894,-3.41916,-3.35117,-3.35117,3
1,20,43,2.74846,2.57253,-0.351569,-0.382527,2.57253,0
4,16,99,-6.43894,-6.43894,-3.41916,-3.35117,-3.35117,3
4,12,99,-6.43894,-6.43894,-3.41916,-3.35117,-3.35117,3
4,9,99,-6.43894,-6.43894,-3.41916,-3.35117,-3.35117,3
4,7,99,-6.43894,-6.43894,-3.41916,-3.35117,-3.35117,3
3,12,79,-1.36954,-1.57107,-4.30456,-1.7295,-1.57107,0
4,14,92,-5.14185,-5.14185,-6.43894,-2.39982,-2.39982,3
4,6,99,-6.43894,-6.43894,-3.41916,-3.35117,-3.35117,3
4,5,99,-6.43894,-6.43894,-3.41916,-3.35117,-3.35117,3
4,3,99,-6.43894,-6.43894,-3.41916,-3.35117,-3.35117,3
4,1,99,-6.43894,-6.43894,-3.41916,-3.35117,-3.35117,3
3,3,38,2.14286,0.807479,0.671689,-0.230343,0.807479,0
3,17,35,1.11675,1.79678,1.44812,-0.805878,1.79678,1
4,17,98,-6.29331,-6.29331,-3.41916,-3.12829,-3.12829,3
1,20,40,2.78008,2.82834,0.424054,-0.32524,2.82834,1
4,16,98,-6.29331,-6.29331,-3.41916,-3.12829,-3.12829,3
4,9,98,-6.29331,-6.29331,-3.41916,-3.12829,-3.12829,3
4,8,98,-6.29331,-6.29331,-3.41916,-3.12829,-3.12829,3
4,7,98,-6.29331,-6.29331,-3.41916,-3.12829,-3.12829,3
3,12,78,-0.98263,-2.20971,-4.65291,-1.66623,-2.20971,0
4,14,93,-5.61978,-5.61978,-3.41916,-2.51688,-2.51688,3
4,6,98,-6.29331,-6.29331,-3.41916,-3.12829,-3.12829,3
4,5,98,-6.29331,-6.29331,-3.41916,-3.12829,-3.12829,3
4,3,98,-6.29331,-6.29331,-3.41916,-3.12829,-3.12829,3
4,1,98,-6.29331,-6.29331,-3.41916,-3.12829,-3.12829,3
3,3,52,1.17207,2.03179,-3.16282,-0.404636,2.03179,1
3,17,81,-1.41151,-1.7383,-4.70389,-1.77463,-1.7383,0
4,19,97,-6.05291,-6.05291,-3.41916,-2.81209,-2.81209,3
2,11,24,3.64035,4.19535,2.20454,-0.805878,4.19535,1
3,3,59,-0.516555,1.22935,-3.59803,-0.651593,1.22935,1
3,17,36,1.62183,1.87533,1.45696,0.264588,1.87533,1
4,17,97,-6.05291,-6.05291,-3.41916,-2.81209,-2.81209,3
1,20,41,2.89863,2.74699,0.201755,-0.28101,2.74699,0
4,16,97,-6.05291,-6.05291,-3.41916,-2.81209,-2.81209,3
4,12,97,-6.05291,-6.05291,-3.41916,-2.81209,-2.81209,3
4,9,97,-6.05291,-6.05291,-3.41916,-2.81209,-2.81209,3
4,7,97,-6.05291,-6.05291,-3.41916,-2.81209,-2.81209,3
4,14,66,-3.59803,-2.09121,-4.06104,-0.806488,-0.806488,3
3,12,81,-1.07872,-1.67531,-4.70389,-1.77463,-1.67531,0
4,6,97,-6.05291,-6.05291,-3.41916,-2.81209,-2.81209,3
4,5,97,-6.05291,-6.05291,-3.41916,-2.81209,-2.81209,3
2,16,86,-1.94528,-1.9693,-5.61978,-2.01828,-1.9693,0
4,3,97,-6.05291,-6.05291,-3.41916,-2.81209,-2.81209,3
4,1,97,-6.05291,-6.05291,-3.41916,-2.81209,-2.81209,3
3,17,94,-2.2648,-2.21646,-3.41916,-2.55553,-2.21646,1
3,3,53,-0.000143604,1.68485,-3.24637,-0.595251,1.68485,1
4,19,96,-5.75042,-5.75042,-3.41916,-2.99602,-2.99602,3
3,3,56,0.136061,1.5515,-3.43957,-0.474568,1.5515,1
3,17,37,1.61718,1.47327,0.962271,-0.077702,1.47327,0
4,17,96,-5.75042,-5.75042,-3.41916,-2.99602,-2.99602,3
1,20,46,1.30965,2.31435,-1.27338,-0.395639,2.31435,1
4,16,96,-5.75042,-5.75042,-3.41916,-2.99602,-2.99602,3
4,12,96,-5.75042,-5.75042,-3.41916,-2.99602,-2.99602,3
4,9,96,-5.75042,-5.75042,-3.41916,-2.99602,-2.99602,3
4,7,96,-5.75042,-5.75042,-3.41916,-2.99602,-2.99602,3
1,4,58,0.78078,1.81571,-3.5329,-0.497556,1.81571,1
2,9,98,-1.55741,-1.47107,-3.41916,-3.12829,-1.47107,1
4,14,67,-3.62281,-2.12486,-4.33476,-0.933887,-0.933887,3
3,12,80,-1.32298,-1.48821,-4.82344,-1.66435,-1.48821,0
4,6,96,-5.75042,-5.75042,-3.41916,-2.99602,-2.99602,3
4,5,96,-5.75042,-5.75042,-3.41916,-2.99602,-2.99602,3
2,16,87,-1.88646,-2.16821,-5.60239,-2.09737,-2.16821,0
4,3,96,-5.75042,-5.75042,-3.41916,-2.99602,-2.99602,3
4,1,96,-5.75042,-5.75042,-3.41916,-2.99602,-2.99602,3
4,3,44,0.229045,2.34465,-0.646582,-0.45329,-0.646582,1
2,16,27,2.89168,3.25666,1.79261,-0.805878,3.25666,1
1,20,39,2.54586,2.761,0.982003,-0.317489,2.761,1
4,16,95,-5.55605,-5.55605,-3.41916,-2.85377,-2.85377,3
3,12,76,-0.831178,-1.30727,-4.75214,-1.45125,-1.30727,0
4,14,95,-5.55605,-5.55605,-3.41916,-2.85377,-2.85377,3
4,12,95,-5.55605,-5.55605,-3.41916,-2.85377,-2.85377,3
4,9,95,-5.55605,-5.55605,-3.41916,-2.85377,-2.85377,3
2,10,94,-1.06408,-0.551829,-3.41916,-2.55553,-0.551829,1
3,2,30,2.46927,2.8963,1.53923,-0.805878,2.8963,1
4,8,95,-5.55605,-5.55605,-3.41916,-2.85377,-2.85377,3
2,20,74,-1.11941,-0.830077,-4.86797,-1.45906,-0.830077,1
3,15,62,-0.393664,-1.42381,-3.86868,-0.735614,-1.42381,0
4,7,95,-5.55605,-5.55605,-3.41916,-2.85377,-2.85377,3
4,5,95,-5.55605,-5.55605,-3.41916,-2.85377,-2.85377,3
2,6,11,3.99068,5.18218,2.80572,-0.805878,5.18218,1
2,8,25,3.08213,4.25928,2.04479,-0.805878,3.08213,1
1,14,25,4.13966,3.35002,2.04479,-0.805878,3.35002,0
3,9,75,-1.14231,-0.667689,-4.90201,-1.41384,-0.667689,1
4,4,95,-5.55605,-5.55605,-3.41916,-2.85377,-2.85377,3
4,3,95,-5.55605,-5.55605,-3.41916,-2.85377,-2.85377,3
4,1,95,-5.55605,-5.55605,-3.41916,-2.85377,-2.85377,3
4,3,83,-4.5268,-2.70085,-5.22327,-1.89942,-1.89942,3
2,16,24,2.95798,3.36503,2.20454,-0.805878,3.36503,1
1,20,36,2.98493,2.3838,1.45696,0.264588,2.3838,0
4,16,94,-5.60239,-5.60239,-3.41916,-2.55553,-2.55553,3
3,12,77,-2.13315,-1.43593,-4.67517,-1.58996,-1.43593,1
4,14,94,-5.60239,-5.60239,-3.41916,-2.55553,-2.55553,3
4,12,94,-5.60239,-5.60239,-3.41916,-2.55553,-2.55553,3
4,9,94,-5.60239,-5.60239,-3.41916,-2.55553,-2.55553,3
2,10,93,-1.07996,-0.548494,-3.41916,-2.51688,-0.548494,1
3,2,31,2.52962,2.72875,1.72456,-0.805878,2.72875,1
4,8,94,-5.60239,-5.60239,-3.41916,-2.55553,-2.55553,3
2,20,77,-1.07576,-0.75467,-4.67517,-1.58996,-0.75467,1
3,15,61,-0.499102,-1.20433,-3.77303,-0.607646,-1.20433,0
4,7,94,-5.60239,-5.60239,-3.41916,-2.55553,-2.55553,3
4,5,94,-5.60239,-5.60239,-3.41916,-2.55553,-2.55553,3
2,6,8,3.16074,4.27908,2.93668,-0.805878,4.27908,1
2,8,24,3.07935,4.53033,2.20454,-0.805878,4.53033,1
1,14,26,3.87041,3.40879,2.08517,-0.805878,3.40879,0
3,9,72,-1.77087,-1.21609,-4.69937,-1.21867,-1.21609,1
4,4,94,-5.60239,-5.60239,-3.41916,-2.55553,-2.55553,3
4,3,94,-5.60239,-5.60239,-3.41916,-2.55553,-2.55553,3
4,1,94,-5.60239,-5.60239,-3.41916,-2.55553,-2.55553,3
1,20,37,3.79862,2.5091,0.962271,-0.077702,2.5091,0
4,16,93,-5.61978,-5.61978,-3.41916,-2.51688,-2.51688,3
4,12,93,-5.61978,-5.61978,-3.41916,-2.51688,-2.51688,3
4,9,93,-5.61978,-5.61978,-3.41916,-2.51688,-2.51688,3
2,10,88,-1.13832,-0.152883,-5.55605,-2.24038,-0.152883,1
3,2,28,2.04108,2.55894,1.70711,-0.805878,2.55894,1
4,8,93,-5.61978,-5.61978,-3.41916,-2.51688,-2.51688,3
2,20,72,-0.980466,-0.483482,-4.69937,-1.21867,-0.483482,1
3,15,48,-0.202857,0.10077,-2.02538,-0.386848,0.10077,1
4,7,93,-5.61978,-5.61978,-3.41916,-2.51688,-2.51688,3
4,5,93,-5.61978,-5.61978,-3.41916,-2.51688,-2.51688,3
1,3,63,0.970621,0.928377,-4.03562,-0.692524,0.928377,0
2,8,27,2.75419,4.22527,1.79261,-0.805878,4.22527,1
2,6,13,4.26463,4.64337,2.91513,-0.805878,4.64337,1
1,14,23,3.56531,3.93289,2.09672,-0.805878,3.93289,1
3,9,53,-0.551357,0.835953,-3.24637,-0.595251,0.835953,1
4,4,93,-5.61978,-5.61978,-3.41916,-2.51688,-2.51688,3
4,3,93,-5.61978,-5.61978,-3.41916,-2.51688,-2.51688,3
4,1,93,-5.61978,-5.61978,-3.41916,-2.51688,-2.51688,3
4,16,92,-5.14185,-5.14185,-6.43894,-2.39982,-2.39982,3
4,12,92,-5.14185,-5.14185,-6.43894,-2.39982,-2.39982,3
4,9,92,-5.14185,-5.14185,-6.43894,-2.39982,-2.39982,3
2,10,95,-1.14528,-0.771259,-3.41916,-2.85377,-0.771259,1
3,2,29,2.41698,2.66994,1.67657,-0.805878,2.41698,1
4,8,92,-5.14185,-5.14185,-6.43894,-2.39982,-2.39982,3
2,20,75,-0.89276,-0.581211,-4.90201,-1.41384,-0.581211,1
3,15,63,-0.75005,-1.33157,-4.03562,-0.692524,-1.33157,3
4,7,92,-5.14185,-5.14185,-6.43894,-2.39982,-2.39982,3
4,5,92,-5.14185,-5.14185,-6.43894,-2.39982,-2.39982,3
1,3,62,0.821538,1.03403,-3.86868,-0.735614,1.03403,1
2,6,10,4.76135,5.10984,2.9161,-0.805878,5.10984,1
2,8,26,2.82673,4.24144,2.08517,-0.805878,4.24144,1
1,14,24,4.05065,3.55926,2.20454,-0.805878,3.55926,0
3,9,74,-1.53641,-1.7606,-4.86797,-1.45906,-1.7606,3
4,4,92,-5.14185,-5.14185,-6.43894,-2.39982,-2.39982,3
4,3,92,-5.14185,-5.14185,-6.43894,-2.39982,-2.39982,3
4,1,92,-5.14185,-5.14185,-6.43894,-2.39982,-2.39982,3
1,20,35,3.77693,2.80082,1.44812,-0.805878,2.80082,0
4,16,91,-5.35927,-5.35927,-6.29331,-2.45927,-2.45927,3
3,12,72,-0.541121,-1.08135,-4.69937,-1.21867,-1.08135,0
4,14,91,-5.35927,-5.35927,-6.29331,-2.45927,-2.45927,3
4,12,91,-5.35927,-5.35927,-6.29331,-2.45927,-2.45927,3
4,9,91,-5.35927,-5.35927,-6.29331,-2.45927,-2.45927,3
2,20,78,-1.19364,-1.00545,-4.65291,-1.66623,-1.00545,1
3,15,58,-0.404859,-1.03798,-3.5329,-0.497556,-1.03798,0
4,7,91,-5.35927,-5.35927,-6.29331,-2.45927,-2.45927,3
4,5,91,-5.35927,-5.35927,-6.29331,-2.45927,-2.45927,3
2,6,7,4.67353,4.27031,2.92731,-0.805878,4.27031,0
1,3,5,4.8927,4.31584,2.97834,-0.805878,4.31584,0
1,14,29,3.23481,3.3451,1.67657,-0.805878,3.3451,1
3,9,79,-2.88267,-1.78443,-4.30456,-1.7295,-1.78443,3
4,4,91,-5.35927,-5.35927,-6.29331,-2.45927,-2.45927,3
4,3,91,-5.35927,-5.35927,-6.29331,-2.45927,-2.45927,3
3,18,41,-0.0727779,1.3429,0.201755,-0.28101,1.3429,1
2,11,85,-1.24585,-1.10667,-5.14185,-2.10808,-1.10667,1
4,2,91,-5.35927,-5.35927,-6.29331,-2.45927,-2.45927,3
4,1,91,-5.35927,-5.35927,-6.29331,-2.45927,-2.45927,3
3,12,73,-1.16496,-1.12236,-4.58061,-1.30758,-1.12236,1
4,14,90,-5.22327,-5.22327,-6.05291,-2.36134,-2.36134,3
4,12,90,-5.22327,-5.22327,-6.05291,-2.36134,-2.36134,3
4,9,90,-5.22327,-5.22327,-6.05291,-2.36134,-2.36134,3
2,20,65,-0.101591,0.441999,-4.11009,-0.783219,0.441999,1
3,15,57,-0.628531,-0.960643,-3.55909,-0.534181,-0.960643,3
4,7,90,-5.22327,-5.22327,-6.05291,-2.36134,-2.36134,3
4,5,90,-5.22327,-5.22327,-6.05291,-2.36134,-2.36134,3
1,3,4,4.92335,5.6843,2.97261,-0.805878,5.6843,1
1,14,30,2.82873,3.01746,1.53923,-0.805878,3.01746,1
3,9,76,-1.52916,-0.796804,-4.75214,-1.45125,-0.796804,1
4,4,90,-5.22327,-5.22327,-6.05291,-2.36134,-2.36134,3
4,3,90,-5.22327,-5.22327,-6.05291,-2.36134,-2.36134,3
2,6,20,4.1169,3.46115,2.55099,-0.805878,3.46115,0
1,3,20,4.69322,4.58226,2.55099,-0.805878,4.58226,0
1,14,14,5.27758,5.06664,2.79075,-0.805878,5.06664,0
3,18,46,0.193134,1.32482,-1.27338,-0.395639,1.32482,1
2,11,84,-1.2299,-1.49169,-5.35927,-2.00544,-1.49169,0
4,2,90,-5.22327,-5.22327,-6.05291,-2.36134,-2.36134,3
4,1,90,-5.22327,-5.22327,-6.05291,-2.36134,-2.36134,3
3,12,74,-1.18752,-1.16436,-4.86797,-1.45906,-1.16436,1
4,14,89,-5.04662,-5.04662,-5.75042,-2.39784,-2.39784,3
4,12,89,-5.04662,-5.04662,-5.75042,-2.39784,-2.39784,3
4,9,89,-5.04662,-5.04662,-5.75042,-2.39784,-2.39784,3
2,10,92,-1.10101,-0.510098,-6.43894,-2.39982,-0.510098,1
3,2,24,3.56063,2.96165,2.20454,-0.805878,2.96165,0
4,8,89,-5.04662,-5.04662,-5.75042,-2.39784,-2.39784,3
2,20,76,-1.15871,-0.90533,-4.75214,-1.45125,-0.90533,1
3,15,60,-0.454416,-0.759315,-3.62281,-0.563066,-0.759315,0
4,7,89,-5.04662,-5.04662,-5.75042,-2.39784,-2.39784,3
4,5,89,-5.04662,-5.04662,-5.75042,-2.39784,-2.39784,3
2,6,9,2.82627,4.02374,2.89122,-0.805878,4.02374,1
1,3,3,6.05263,5.64368,3,-0.805878,5.64368,0
1,14,27,4.01862,2.77216,1.79261,-0.805878,2.77216,0
3,9,73,-0.74607,-0.335303,-4.58061,-1.30758,-0.335303,1
4,4,89,-5.04662,-5.04662,-5.75042,-2.39784,-2.39784,3
4,3,89,-5.04662,-5.04662,-5.75042,-2.39784,-2.39784,3
2,11,87,-1.11284,-0.960694,-5.60239,-2.09737,-0.960694,1
3,18,43,-0.316199,1.16148,-0.351569,-0.382527,1.16148,1
4,2,89,-5.04662,-5.04662,-5.75042,-2.39784,-2.39784,3
4,1,89,-5.04662,-5.04662,-5.75042,-2.39784,-5.04662,3
4,12,88,-4.70389,-4.70389,-5.55605,-2.24038,-2.24038,3
4,9,88,-4.70389,-4.70389,-5.55605,-2.24038,-2.24038,3
2,20,79,-1.3047,-1.05016,-4.30456,-1.7295,-1.05016,1
3,15,59,-0.236554,-1.19938,-3.59803,-0.651593,-1.19938,0
4,7,88,-4.70389,-4.70389,-5.55605,-2.24038,-2.24038,3
4,5,88,-4.70389,-4.70389,-5.55605,-2.24038,-2.24038,3
2,6,6,5.05925,5.45989,2.97518,-0.805878,5.45989,1
1,14,28,3.21383,2.80331,1.70711,-0.805878,2.80331,0
3,9,78,-1.06885,-0.791196,-4.65291,-1.66623,-0.791196,1
4,4,88,-4.70389,-4.70389,-5.55605,-2.24038,-2.24038,3
4,3,88,-4.70389,-4.70389,-5.55605,-2.24038,-2.24038,3
3,18,40,0.0387645,1.36358,0.424054,-0.32524,1.36358,1
2,11,86,-0.895044,-0.902889,-5.61978,-2.01828,-0.902889,0
4,2,88,-4.70389,-4.70389,-5.55605,-2.24038,-2.24038,3
4,1,88,-4.70389,-4.70389,-5.55605,-2.24038,-2.24038,3
4,12,87,-4.82344,-4.82344,-5.60239,-2.09737,-2.09737,3
4,9,87,-4.82344,-4.82344,-5.60239,-2.09737,-5.60239,3
2,20,82,-1.67848,-1.35921,-5.04662,-1.89873,-1.35921,1
3,15,54,-0.251805,-0.73099,-3.28628,-0.56961,-0.73099,0
4,7,87,-4.82344,-4.82344,-5.60239,-2.09737,-2.09737,3
4,5,87,-4.82344,-4.82344,-5.60239,-2.09737,-2.09737,3
2,8,17,3.98767,4.3872,2.67763,-0.805878,4.3872,1
1,3,57,0.992957,0.825631,-3.55909,-0.534181,0.825631,0
2,6,51,1.47361,1.40445,-3.03783,-0.448822,1.47361,0
1,14,17,3.87508,4.32104,2.67763,-0.805878,4.32104,1
3,9,51,-0.859669,-0.879319,-3.03783,-0.448822,-0.879319,3
4,4,87,-4.82344,-4.82344,-5.60239,-2.09737,-2.09737,3
4,3,87,-4.82344,-4.82344,-5.60239,-2.09737,-2.09737,3
4,1,87,-4.82344,-4.82344,-5.60239,-2.09737,-2.09737,3
4,9,86,-4.30456,-4.30456,-5.61978,-2.01828,-2.01828,3
2,20,85,-1.70111,-1.55743,-5.14185,-2.10808,-1.55743,1
3,15,53,-0.694573,-0.781336,-3.24637,-0.595251,-0.781336,3
4,7,86,-4.30456,-4.30456,-5.61978,-2.01828,-2.01828,3
4,5,86,-4.30456,-4.30456,-5.61978,-2.01828,-2.01828,3
3,9,48,0.0599358,-0.814457,-2.02538,-0.386848,-0.814457,0
4,4,86,-4.30456,-4.30456,-5.61978,-2.01828,-2.01828,3
4,3,86,-4.30456,-4.30456,-5.61978,-2.01828,-5.61978,3
4,1,86,-4.30456,-4.30456,-5.61978,-2.01828,-2.01828,3
4,9,85,-4.65291,-4.64817,-5.14185,-2.10808,-2.10808,3
2,20,80,-1.24072,-0.924555,-4.82344,-1.66435,-0.924555,1
4,5,85,-4.69426,-4.65848,-5.14185,-2.10808,-5.14185,3
1,3,55,1.19526,0.674843,-3.26052,-0.458097,0.674843,0
2,8,19,4.32187,3.90179,2.73033,-0.805878,3.90179,0
2,6,53,1.01488,0.594182,-3.24637,-0.595251,0.594182,0
1,14,47,2.1513,2.13315,-1.66582,-0.377744,2.13315,0
3,9,61,-1.16553,-0.341575,-3.77303,-0.607646,-0.341575,1
4,4,85,-4.78961,-4.66219,-5.14185,-2.10808,-2.10808,3
4,3,85,-4.38513,-2.57564,-5.14185,-2.10808,-2.10808,3
4,1,85,-0.639887,-0.46609,-5.14185,-2.10808,-2.10808,1
2,1,75,0.212627,0.401662,-4.90201,-1.41384,0.401662,1
4,2,43,1.3144,0.977722,-0.351569,-0.382527,0.297598,0
1,16,54,0.554871,1.21269,-3.28628,-0.56961,1.21269,1
1,14,87,-1.16313,-0.899604,-5.60239,-2.09737,-0.899604,1
2,6,77,-0.0767157,-0.55982,-4.67517,-1.58996,-0.55982,0
2,8,91,-1.61379,-0.759578,-6.29331,-2.45927,-0.759578,1
2,4,78,-0.0908435,-0.241488,-4.65291,-1.66623,-0.241488,0
2,13,87,-1.08319,-0.532574,-5.60239,-2.09737,-0.532574,1
2,2,76,0.0752181,0.542265,-4.75214,-1.45125,0.542265,1
4,20,52,-2.89315,-2.53389,-3.16282,-0.404636,-0.404636,3
2,5,79,-0.186351,-0.306203,-4.30456,-1.7295,-0.306203,0
2,8,48,1.64032,2.43145,-2.02538,-0.386848,2.43145,1
1,14,50,1.53761,1.82845,-2.70986,-0.510597,1.82845,1
2,6,80,-0.170958,-0.658577,-4.82344,-1.66435,-0.658577,0
2,7,81,-0.436502,-1.16057,-4.70389,-1.77463,-1.16057,0
2,4,87,-0.956982,-0.786353,-5.60239,-2.09737,-0.786353,1
1,14,80,-0.543809,-0.0228389,-4.82344,-1.66435,-0.0228389,1
2,8,82,-0.59483,-1.36257,-5.04662,-1.89873,-1.36257,0
3,4,78,-1.34783,-0.896405,-4.65291,-1.66623,-0.896405,1
1,17,21,3.44844,4.49141,2.59473,-0.805878,4.49141,1
3,17,86,-1.88328,-1.74984,-5.61978,-2.01828,-1.74984,1
3,3,77,-1.02345,-0.595353,-4.67517,-1.58996,-0.595353,1
1,19,43,2.12087,2.55032,-0.351569,-0.382527,2.55032,1
3,10,84,-1.22547,-1.6527,-5.35927,-2.00544,-1.6527,0
2,15,89,-1.61305,-2.43413,-5.75042,-2.39784,-2.43413,0
3,5,79,-1.48914,-0.651472,-4.30456,-1.7295,-0.651472,1
3,17,19,5.49657,2.71157,2.73033,-0.805878,2.71157,0
3,9,83,-1.61536,-1.04249,-5.22327,-1.89942,-1.04249,1
3,18,92,-2.21773,-2.28508,-6.43894,-2.39982,-2.28508,0
2,19,48,0.374448,1.61557,-2.02538,-0.386848,1.61557,1
3,14,71,-0.520294,-0.89229,-4.4203,-1.13959,-0.89229,0
3,6,80,-1.50454,-1.69228,-4.82344,-1.66435,-1.69228,0
4,3,46,-0.313327,-0.676127,-1.27338,-0.395639,-0.676127,0
2,16,29,2.92366,2.97598,1.67657,-0.805878,2.97598,1
3,19,29,1.78135,1.86357,1.67657,-0.805878,1.86357,1
4,19,93,-5.61978,-5.61978,-3.41916,-2.51688,-2.51688,3
1,5,81,-0.259612,0.053239,-4.70389,-1.77463,-0.259612,1
1,16,69,-0.511678,0.352022,-4.38821,-0.937499,0.352022,1
1,6,49,1.94876,2.1288,-2.3856,-0.416188,2.1288,1
4,12,33,-1.57416,-1.57416,1.60775,-0.805878,1.60775,2
2,3,83,-0.227248,-0.167572,-5.22327,-1.89942,-0.167572,1
4,14,69,-3.86868,-2.50189,-4.38821,-0.937499,-0.937499,3
3,12,86,-1.94511,-1.84287,-5.61978,-2.01828,-1.84287,1
3,13,87,-1.69422,-1.91507,-5.60239,-2.09737,-1.91507,0
4,7,58,-1.30761,-0.331492,-3.5329,-0.497556,-0.331492,1
3,15,89,-2.17557,-3.18045,-5.75042,-2.39784,-3.18045,0
3,12,75,-1.34855,-1.29947,-4.90201,-1.41384,-1.29947,1
4,14,88,-4.70389,-4.70389,-5.55605,-2.24038,-2.24038,3
3,16,90,-2.0116,-2.61134,-6.05291,-2.36134,-2.61134,0
1,20,32,2.84126,2.94601,1.7249,-0.805878,2.94601,1
4,16,90,-5.22327,-5.22327,-6.05291,-2.36134,-2.36134,3
4,9,84,-4.67517,-4.57703,-5.35927,-2.00544,-2.00544,3
2,20,83,-1.3893,-1.09174,-5.22327,-1.89942,-1.09174,1
3,15,55,-0.122687,-0.647526,-3.26052,-0.458097,-0.647526,0
4,7,84,-4.67517,-4.68727,-5.35927,-2.00544,-2.00544,3
4,5,84,-4.76969,-4.69441,-5.35927,-2.00544,-2.00544,3
1,3,54,1.47412,0.99022,-3.28628,-0.56961,0.99022,0
2,8,18,4.54534,4.24408,2.65786,-0.805878,4.24408,0
2,6,50,0.972027,1.74729,-2.70986,-0.510597,1.74729,1
1,14,16,3.55825,4.44009,2.59926,-0.805878,4.44009,1
3,9,50,0.0957175,-0.562417,-2.70986,-0.510597,-0.562417,0
4,4,84,-4.8935,-4.70724,-5.35927,-2.00544,-2.00544,3
4,3,84,-4.53598,-2.58819,-5.35927,-2.00544,-2.00544,3
4,1,84,-0.381747,-0.490011,-5.35927,-2.00544,-0.490011,0
2,1,74,0.430527,0.595889,-4.86797,-1.45906,0.595889,1
4,2,42,1.45482,1.10753,-0.0637023,-0.353411,0.0639725,0
1,16,55,0.259934,0.991197,-3.26052,-0.458097,0.991197,1
1,14,86,-0.833078,-0.761053,-5.61978,-2.01828,-0.761053,1
2,6,76,0.0451174,-1.05248,-4.75214,-1.45125,-1.05248,0
2,8,92,-1.39626,-0.783882,-6.43894,-2.39982,-0.783882,1
2,4,77,0.039102,-0.224722,-4.67517,-1.58996,-0.224722,0
2,13,86,-1.27317,-0.293557,-5.61978,-2.01828,-0.293557,1
3,3,41,0.691315,1.32027,0.201755,-0.28101,1.32027,1
3,17,50,-0.486995,0.0863185,-2.70986,-0.510597,0.0863185,1
3,19,92,-2.09391,-2.30268,-6.43894,-2.39982,-2.30268,0
2,2,75,0.072707,0.658161,-4.90201,-1.41384,0.658161,1
4,20,53,-2.88215,-2.62156,-3.24637,-0.595251,-0.595251,3
2,5,78,-0.229771,-0.656998,-4.65291,-1.66623,-0.656998,0
1,14,85,-0.874139,-0.534222,-5.14185,-2.10808,-0.874139,1
2,8,93,-1.39483,-0.752287,-3.41916,-2.51688,-0.752287,1
2,6,79,-0.0907618,-0.625512,-4.30456,-1.7295,-0.625512,0
2,7,80,-0.386085,-1.20804,-4.82344,-1.66435,-1.20804,0
2,4,80,-0.127617,-0.172217,-4.82344,-1.66435,-0.172217,0
1,14,81,-0.555995,-0.286245,-4.70389,-1.77463,-0.286245,1
2,8,81,-0.567192,-1.23478,-4.70389,-1.77463,-1.23478,0
3,2,25,3.5322,2.25288,2.04479,-0.805878,2.25288,0
4,8,88,-4.70389,-4.70389,-5.55605,-2.24038,-2.24038,3
2,10,83,-0.530929,-1.09275,-5.22327,-1.89942,-1.09275,0
1,4,57,1.29202,1.95444,-3.55909,-0.534181,1.95444,1
3,4,77,-1.78042,-1.85056,-4.67517,-1.58996,-1.85056,3
1,17,20,3.55799,3.32021,2.55099,-0.805878,3.32021,0
3,17,73,-1.95252,-1.40164,-4.58061,-1.30758,-1.95252,3
3,3,76,-1.44872,-0.49475,-4.75214,-1.45125,-0.49475,1
2,15,88,-1.88296,-2.36269,-5.55605,-2.24038,-2.36269,0
3,5,78,-1.93933,-0.661602,-4.65291,-1.66623,-0.661602,1
3,9,82,-2.25082,-1.26119,-5.04662,-1.89873,-1.26119,1
2,5,32,3.04778,3.30765,1.7249,-0.805878,3.30765,1
4,20,99,-6.43894,-6.43894,-3.41916,-3.35117,-3.35117,3
3,6,79,-1.02886,-1.6518,-4.30456,-1.7295,-1.6518,0
3,12,20,2.70178,3.27367,2.55099,-0.805878,3.27367,1
3,11,84,-1.77753,-2.31442,-5.35927,-2.00544,-2.31442,0
4,3,45,-0.195272,-0.692439,-0.989663,-0.351506,-0.389407,0
2,16,26,3.08193,3.38451,2.08517,-0.805878,3.38451,1
3,19,28,1.9599,1.99637,1.70711,-0.805878,1.99637,1
4,19,92,-5.14185,-5.14185,-6.43894,-2.39982,-2.39982,3
1,5,92,-0.303525,-0.259225,-6.43894,-2.39982,-0.259225,1
1,16,88,-0.877556,-1.76576,-5.55605,-2.24038,-1.76576,0
1,6,50,1.90464,2.03369,-2.70986,-0.510597,2.03369,1
3,14,42,1.54989,1.20132,-0.0637023,-0.353411,1.20132,0
2,19,85,-1.3245,-1.99144,-5.14185,-2.10808,-1.99144,0
2,3,86,-0.760334,-0.719819,-5.61978,-2.01828,-0.719819,1
4,14,70,-4.03562,-2.60031,-4.23657,-1.06699,-1.06699,3
3,12,85,-1.80632,-1.81294,-5.14185,-2.10808,-1.81294,0
3,15,88,-2.2816,-3.07649,-5.55605,-2.24038,-3.07649,3
3,12,68,-0.67972,-0.475223,-4.27007,-1.01066,-0.475223,1
4,14,87,-4.82344,-4.82344,-5.60239,-2.09737,-2.09737,3
3,16,89,-1.96003,-2.47901,-5.75042,-2.39784,-2.47901,0
1,20,33,2.99014,2.81495,1.60775,-0.805878,2.81495,0
4,16,89,-5.04662,-5.04662,-5.75042,-2.39784,-2.39784,3
2,10,90,-0.962751,-0.175002,-6.05291,-2.36134,-0.175002,1
3,2,18,3.02496,2.62885,2.65786,-0.805878,2.62885,0
4,8,83,-4.75214,-4.50326,-5.22327,-1.89942,-1.89942,3
2,20,86,-1.8619,-1.84442,-5.61978,-2.01828,-1.84442,1
3,15,50,-0.447832,-0.223657,-2.70986,-0.510597,-0.223657,1
4,7,83,-4.75214,-4.58622,-5.22327,-1.89942,-4.58622,3
4,5,83,-4.80041,-4.78961,-5.22327,-1.89942,-1.89942,3
2,8,29,3.32295,3.73735,1.67657,-0.805878,3.73735,1
2,6,15,4.48835,4.79085,2.8676,-0.805878,4.79085,1
1,3,61,0.758795,1.09842,-3.77303,-0.607646,1.09842,1
1,14,21,2.81099,3.91856,2.59473,-0.805878,3.91856,1
3,9,55,-0.574502,0.282011,-3.26052,-0.458097,0.282011,1
4,4,83,-4.79613,-4.81459,-5.22327,-1.89942,-1.89942,3
4,2,93,-5.61978,-5.61978,-3.41916,-2.51688,-2.51688,3
4,11,96,-5.75042,-5.75042,-3.41916,-2.99602,-2.99602,3
4,1,83,-0.489157,-0.577669,-5.22327,-1.89942,-1.89942,0
1,5,96,-0.275103,-0.412686,-3.41916,-2.99602,-0.412686,0
4,2,53,-1.13655,-0.537155,-3.24637,-0.595251,-0.575893,1
1,16,52,0.911389,1.82219,-3.16282,-0.404636,1.82219,1
2,4,76,0.175124,0.133627,-4.75214,-1.45125,0.133627,0
2,13,85,-1.29228,-0.493679,-5.14185,-2.10808,-0.493679,1
3,3,18,4.75989,4.06491,2.65786,-0.805878,4.06491,0
3,17,63,-0.609492,0.334211,-4.03562,-0.692524,0.334211,1
3,19,91,-2.03045,-2.22845,-6.29331,-2.45927,-2.22845,0
2,2,74,0.325556,0.740666,-4.86797,-1.45906,0.740666,1
4,20,54,-2.99027,-2.6922,-3.28628,-0.56961,-0.56961,3
2,5,77,0.165046,-0.0738923,-4.67517,-1.58996,-0.0738923,0
2,7,79,-0.0937381,-1.1219,-4.30456,-1.7295,-1.1219,0
2,4,81,-0.445387,-0.536334,-4.70389,-1.77463,-0.536334,0
1,14,82,-0.548739,-0.228989,-5.04662,-1.89873,-0.548739,1
2,8,80,-0.381147,-1.12509,-4.82344,-1.66435,-0.381147,0
3,2,26,3.50873,2.07786,2.08517,-0.805878,2.07786,0
4,8,91,-5.35927,-5.35927,-6.29331,-2.45927,-2.45927,3
2,10,82,-0.256337,-0.800325,-5.04662,-1.89873,-0.800325,0
1,4,56,0.956046,1.88238,-3.43957,-0.474568,1.88238,1
3,4,76,-1.03623,-0.537021,-4.75214,-1.45125,-0.537021,1
1,17,23,3.4784,4.49356,2.09672,-0.805878,4.49356,1
3,17,84,-1.57176,-1.9461,-5.35927,-2.00544,-1.9461,0
3,3,75,-0.502753,-0.0488772,-4.90201,-1.41384,-0.0488772,1
2,15,87,-1.39902,-1.9364,-5.60239,-2.09737,-1.9364,0
2,11,27,3.42281,3.58972,1.79261,-0.805878,3.58972,1
3,3,60,-0.486764,1.34514,-3.62281,-0.563066,1.34514,1
3,17,89,-1.96453,-2.02639,-5.75042,-2.39784,-2.02639,0
3,5,77,-0.955368,-0.486019,-4.67517,-1.58996,-0.486019,1
3,1,59,0.15424,-0.985394,-3.59803,-0.651593,-0.985394,0
3,7,79,-1.2216,-1.41877,-4.30456,-1.7295,-1.41877,0
3,3,8,4.77987,4.10399,2.93668,-0.805878,4.10399,0
3,17,21,2.75914,3.73925,2.59473,-0.805878,3.73925,1
3,9,81,-1.25518,-0.888232,-4.70389,-1.77463,-0.888232,1
2,6,23,4.10189,4.24251,2.09672,-0.805878,4.24251,1
1,3,21,4.62887,4.05805,2.59473,-0.805878,4.05805,0
2,5,33,3.21018,3.7229,1.60775,-0.805878,3.7229,1
4,20,98,-6.29331,-6.29331,-3.41916,-3.12829,-3.12829,3
3,6,78,-0.877204,-0.80441,-4.65291,-1.66623,-0.80441,1
1,16,91,-1.01873,-1.88266,-6.29331,-2.45927,-1.88266,0
1,5,83,-0.512411,-0.103286,-5.22327,-1.89942,-0.103286,1
1,6,51,1.77377,2.5364,-3.03783,-0.448822,2.5364,1
2,3,81,-0.387262,-0.142537,-4.70389,-1.77463,-0.142537,1
4,14,71,-3.84075,-2.57351,-4.4203,-1.13959,-1.13959,3
3,12,84,-1.25639,-1.68399,-5.35927,-2.00544,-1.68399,0
4,7,52,-0.803232,0.230463,-3.16282,-0.404636,-0.404636,1
3,15,87,-1.82756,-2.46984,-5.60239,-2.09737,-2.46984,0
3,12,69,-1.13295,-0.47493,-4.38821,-0.937499,-0.47493,1
4,14,86,-4.30456,-4.30456,-5.61978,-2.01828,-2.01828,3
3,16,88,-1.95021,-2.34305,-5.55605,-2.24038,-2.34305,0
1,20,38,2.45873,2.21794,0.671689,-0.230343,2.21794,0
4,16,88,-4.70389,-4.70389,-5.55605,-2.24038,-2.24038,3
2,10,89,-0.806522,-0.168452,-5.75042,-2.39784,-0.806522,1
3,2,19,4.15064,2.74718,2.73033,-0.805878,2.74718,0
4,8,82,-4.90201,-4.40293,-5.04662,-1.89873,-1.89873,3
2,20,73,-1.02669,-0.524645,-4.58061,-1.30758,-0.524645,1
3,15,49,-0.257779,-0.0330816,-2.3856,-0.416188,-0.0330816,1
4,7,82,-4.90201,-4.56929,-5.04662,-1.89873,-1.89873,3
4,5,82,-4.76808,-4.8935,-5.04662,-1.89873,-1.89873,3
2,6,12,4.49754,4.50765,2.93608,-0.805878,4.50765,1
2,8,28,3.95623,4.17371,1.70711,-0.805878,4.17371,1
1,3,60,0.810055,0.575269,-3.62281,-0.563066,0.575269,0
1,14,22,3.78555,3.93158,2.39276,-0.805878,3.78555,1
3,9,52,-0.403737,0.169072,-3.16282,-0.404636,0.169072,1
4,4,82,-4.6103,-4.88783,-5.04662,-1.89873,-5.04662,3
4,2,92,-5.14185,-5.14185,-6.43894,-2.39982,-2.39982,3
4,11,97,-6.05291,-6.05291,-3.41916,-2.81209,-2.81209,3
2,16,25,3.08188,3.81565,2.04479,-0.805878,3.81565,1
4,3,82,-4.22263,-2.53798,-5.04662,-1.89873,-5.04662,3
4,1,82,-0.72348,-0.502357,-5.04662,-1.89873,-0.967816,1
2,13,84,-1.53561,-0.598343,-5.35927,-2.00544,-0.598343,1
3,3,19,2.80911,3.66556,2.73033,-0.805878,3.66556,1
3,17,60,-0.498664,0.260123,-3.62281,-0.563066,0.260123,1
3,19,90,-1.92052,-2.57102,-6.05291,-2.36134,-2.57102,0
2,2,73,-0.0167579,0.265354,-4.58061,-1.30758,-0.0167579,1
4,6,65,0.944867,-0.617143,-4.11009,-0.783219,-0.783219,0
3,12,49,0.23663,-0.060314,-2.3856,-0.416188,-0.060314,0
4,12,56,-3.03023,-1.94513,-3.43957,-0.474568,-0.474568,3
2,3,74,0.147423,0.199442,-4.86797,-1.45906,0.199442,1
4,20,55,-3.02202,-2.75069,-3.26052,-0.458097,-0.458097,3
2,5,76,-0.368755,-0.17103,-4.75214,-1.45125,-0.17103,1
2,7,78,-0.238665,-1.35024,-4.65291,-1.66623,-1.35024,0
1,5,50,2.01409,2.62839,-2.70986,-0.510597,2.62839,1
2,19,43,1.76665,2.18138,-0.351569,-0.382527,2.18138,1
3,14,92,-2.18965,-1.9138,-6.43894,-2.39982,-1.9138,1
1,1,45,2.43751,2.70985,-0.989663,-0.351506,2.43751,1
1,10,85,-0.644127,-0.601693,-5.14185,-2.10808,-0.601693,1
3,8,79,-1.55336,-0.940808,-4.30456,-1.7295,-0.940808,1
3,2,27,3.42845,2.10204,1.79261,-0.805878,2.10204,0
4,8,90,-5.22327,-5.22327,-6.05291,-2.36134,-2.36134,3
2,10,81,-0.333901,-1.08095,-4.70389,-1.77463,-1.08095,0
1,4,55,1.327,2.11998,-3.26052,-0.458097,2.11998,1
3,4,75,-1.12832,-0.639599,-4.90201,-1.41384,-0.639599,1
1,17,22,2.76898,5.45783,2.39276,-0.805878,5.45783,1
3,17,87,-2.13457,-2.29848,-5.60239,-2.09737,-2.29848,3
3,3,74,-1.67001,-1.04862,-4.86797,-1.45906,-1.04862,1
2,15,86,-1.60583,-1.97665,-5.61978,-2.01828,-1.97665,0
2,11,28,3.48001,3.54151,1.70711,-0.805878,3.54151,1
3,3,63,-0.859047,0.822002,-4.03562,-0.692524,0.822002,1
3,17,88,-1.91847,-2.06489,-5.55605,-2.24038,-2.06489,0
3,5,76,-0.889277,-0.334304,-4.75214,-1.45125,-0.334304,1
1,6,82,0.013203,-0.152035,-5.04662,-1.89873,-0.152035,0
4,11,44,-2.26409,-0.574684,-0.646582,-0.45329,-0.646582,3
4,2,97,-6.05291,-6.05291,-3.41916,-2.81209,-2.81209,3
3,1,58,0.460241,-0.53455,-3.5329,-0.497556,-0.53455,0
3,7,78,-2.25393,-1.60939,-4.65291,-1.66623,-1.60939,1
3,3,9,3.5707,3.90466,2.89122,-0.805878,3.90466,1
3,17,18,2.65786,2.91596,2.65786,-0.805878,2.91596,1
3,9,80,-2.00282,-1.7949,-4.82344,-1.66435,-1.7949,3
3,13,85,-1.44274,-1.76058,-5.14185,-2.10808,-1.76058,0
2,6,22,3.69399,3.80143,2.39276,-0.805878,3.80143,1
1,3,18,5.57808,3.8252,2.65786,-0.805878,3.8252,0
2,5,34,3.08882,3.66901,1.42834,-0.805878,3.66901,1
4,20,97,-6.05291,-6.05291,-3.41916,-2.81209,-2.81209,3
3,6,77,-2.46304,-0.743077,-4.67517,-1.58996,-0.743077,1
4,3,47,-0.576814,-0.764644,-1.66582,-0.377744,-1.66582,3
2,16,28,2.89426,2.98949,1.70711,-0.805878,2.98949,1
3,19,34,1.68965,1.82147,1.42834,-0.805878,1.82147,1
4,19,90,-5.22327,-5.22327,-6.05291,-2.36134,-2.36134,3
1,16,94,-1.38864,-2.04305,-3.41916,-2.55553,-1.38864,0
1,5,94,-0.530832,-0.532629,-3.41916,-2.55553,-0.532629,0
1,6,60,1.0763,1.50035,-3.62281,-0.563066,1.50035,1
3,14,40,1.70782,1.18002,0.424054,-0.32524,1.18002,0
2,19,87,-1.63017,-1.29461,-5.60239,-2.09737,-1.29461,1
2,3,84,-0.426564,-0.315648,-5.35927,-2.00544,-0.315648,1
4,14,64,-3.55909,-2.26239,-3.84075,-0.813937,-0.813937,3
3,12,83,-1.45417,-1.89516,-5.22327,-1.89942,-1.89516,0
4,7,55,-0.974122,0.0604258,-3.26052,-0.458097,-3.26052,1
3,15,86,-2.55676,-2.45088,-5.61978,-2.01828,-2.45088,3
3,12,70,-0.796825,-0.630327,-4.23657,-1.06699,-0.630327,1
4,14,85,-4.65291,-3.49058,-5.14185,-2.10808,-2.10808,3
3,16,87,-1.86154,-2.61591,-5.60239,-2.09737,-2.61591,0
4,16,87,-4.82344,-4.82344,-5.60239,-2.09737,-2.09737,3
4,5,81,-4.79771,-4.79613,-4.70389,-1.77463,-1.77463,3
3,9,49,0.491467,-0.601317,-2.3856,-0.416188,-0.601317,0
4,4,81,-4.6296,-4.74823,-4.70389,-1.77463,-1.77463,3
4,3,81,-4.3234,-2.46284,-4.70389,-1.77463,-1.77463,3
4,1,81,-0.272534,-0.364924,-4.70389,-1.77463,-0.432089,0
2,1,71,0.596171,0.933156,-4.4203,-1.13959,0.933156,1
2,13,83,-1.81738,-0.802484,-5.22327,-1.89942,-0.802484,1
3,3,20,4.16375,3.83702,2.55099,-0.805878,3.83702,0
3,17,49,-0.408853,0.344711,-2.3856,-0.416188,0.344711,1
3,19,89,-2.4376,-2.22452,-5.75042,-2.39784,-2.22452,1
2,2,72,0.260495,0.593775,-4.69937,-1.21867,0.593775,1
4,20,56,-3.03023,-2.8372,-3.43957,-0.474568,-0.474568,3
2,5,75,-0.220554,-0.709623,-4.90201,-1.41384,-0.709623,0
2,7,77,-0.437473,-1.11249,-4.67517,-1.58996,-1.11249,0
1,1,12,5.47902,5.06118,2.93608,-0.805878,5.06118,0
3,5,75,-1.7515,-0.85437,-4.90201,-1.41384,-0.85437,1
1,4,54,1.41582,2.2797,-3.28628,-0.56961,2.2797,1
3,4,74,-2.21829,-1.95823,-4.86797,-1.45906,-1.95823,3
2,15,85,-1.89761,-1.59344,-5.14185,-2.10808,-1.59344,1
1,6,93,-0.554093,-0.596591,-3.41916,-2.51688,-0.596591,0
4,11,45,-2.28561,-2.28561,-0.989663,-0.351506,-0.989663,3
4,2,96,-5.75042,-5.75042,-3.41916,-2.99602,-2.99602,3
3,1,57,0.58426,-0.482179,-3.55909,-0.534181,0.58426,0
3,7,77,-1.82176,-1.80263,-4.67517,-1.58996,-1.80263,3
1,17,17,3.37256,4.33187,2.67763,-0.805878,4.33187,1
3,17,82,-1.78335,-1.83104,-5.04662,-1.89873,-1.83104,0
3,3,73,-1.01948,-0.211979,-4.58061,-1.30758,-0.211979,1
1,5,49,2.15423,2.76181,-2.3856,-0.416188,2.76181,1
2,19,40,1.89835,2.2108,0.424054,-0.32524,2.2108,1
3,14,95,-2.41434,-1.85091,-3.41916,-2.85377,-1.85091,1
1,1,46,2.28374,2.50611,-1.27338,-0.395639,2.50611,1
1,10,82,-0.329368,-0.346255,-5.04662,-1.89873,-0.346255,0
3,8,78,-1.61885,-2.50686,-4.65291,-1.66623,-2.50686,0
3,13,86,-1.60261,-1.83286,-5.61978,-2.01828,-1.83286,0
3,6,76,-1.49338,-1.7084,-4.75214,-1.45125,-1.7084,3
3,14,43,1.23318,1.14687,-0.351569,-0.382527,1.14687,0
2,19,84,-1.44807,-1.93236,-5.35927,-2.00544,-1.93236,0
2,3,87,-0.693266,-0.479626,-5.60239,-2.09737,-0.479626,1
4,14,65,-3.5329,-2.411,-4.11009,-0.783219,-0.783219,3
3,12,82,-2.30496,-2.15293,-5.04662,-1.89873,-2.15293,3
4,7,54,-0.982955,0.177719,-3.28628,-0.56961,-3.28628,1
3,15,85,-2.0996,-2.27019,-5.14185,-2.10808,-2.27019,0
3,12,71,-1.55236,-1.19433,-4.4203,-1.13959,-1.19433,3
4,14,84,-4.67517,-3.36553,-5.35927,-2.00544,-2.00544,3
3,16,86,-1.79147,-2.17372,-5.61978,-2.01828,-2.17372,0
4,16,86,-4.30456,-4.30456,-5.61978,-2.01828,-2.01828,3
2,10,91,-0.932657,-0.453587,-6.29331,-2.45927,-0.453587,1
3,2,17,3.84267,4.00036,2.67763,-0.805878,4.00036,1
4,8,80,-4.58061,-4.3477,-4.82344,-1.66435,-1.66435,3
4,5,80,-4.51381,-4.6103,-4.82344,-1.66435,-1.66435,3
2,8,30,3.46879,3.90725,1.53923,-0.805878,3.90725,1
2,6,14,4.24166,4.3211,2.79075,-0.805878,4.3211,1
1,3,58,0.913658,0.949786,-3.5329,-0.497556,0.949786,1
1,14,20,3.73894,3.82968,2.55099,-0.805878,3.82968,1
3,9,54,-0.524478,-0.571996,-3.28628,-0.56961,-0.571996,0
4,4,80,-4.37437,-4.6301,-4.82344,-1.66435,-1.66435,3
4,3,80,-4.0651,-2.36697,-4.82344,-1.66435,-1.66435,3
4,1,80,-0.175659,-0.197836,-4.82344,-1.66435,-0.197836,0
2,1,70,0.543158,-0.458696,-4.23657,-1.06699,-0.458696,0
1,14,90,-1.04555,-0.792486,-6.05291,-2.36134,-0.792486,1
2,6,72,0.0137147,0.0875536,-4.69937,-1.21867,0.0875536,1
2,8,88,-1.13977,-0.396623,-5.55605,-2.24038,-0.396623,1
2,4,73,-0.107916,0.131713,-4.58061,-1.30758,0.131713,1
2,13,82,-1.22273,-0.634685,-5.04662,-1.89873,-0.634685,1
3,3,21,3.18486,3.95153,2.59473,-0.805878,3.95153,1
3,17,62,-1.11929,0.354018,-3.86868,-0.735614,0.354018,1
3,19,88,-1.85578,-2.29895,-5.55605,-2.24038,-2.29895,0
2,2,71,0.253156,0.313175,-4.4203,-1.13959,0.313175,1
4,6,67,0.650142,-0.867222,-4.33476,-0.933887,-4.33476,0
3,12,47,0.342913,-0.28893,-1.66582,-0.377744,-0.28893,0
4,12,54,-2.99027,-1.86099,-3.28628,-0.56961,-0.56961,3
2,3,72,0.268572,0.335177,-4.69937,-1.21867,0.335177,1
4,20,57,-2.97891,-2.88652,-3.55909,-0.534181,-0.534181,3
2,5,74,-0.427059,-0.0141824,-4.86797,-1.45906,-0.0141824,1
1,14,89,-0.965519,-0.661635,-5.75042,-2.39784,-0.661635,1
2,8,89,-1.16653,-0.571733,-5.75042,-2.39784,-0.571733,1
2,6,75,-0.361472,-0.0735539,-4.90201,-1.41384,-0.0735539,1
2,7,76,-0.182985,-1.00397,-4.75214,-1.45125,-1.00397,0
2,15,20,2.88366,2.69914,2.55099,-0.805878,2.69914,0
2,10,79,-0.0652029,-0.629854,-4.30456,-1.7295,-0.629854,0
2,15,84,-1.09105,-1.19688,-5.35927,-2.00544,-1.19688,0
4,7,49,-2.88215,1.2884,-2.3856,-0.416188,-2.3856,1
3,15,84,-1.75041,-1.93151,-5.35927,-2.00544,-1.93151,0
3,6,75,-1.76862,-0.514792,-4.90201,-1.41384,-0.514792,1
3,13,83,-2.16951,-1.70424,-5.22327,-1.89942,-1.70424,1
2,16,85,-0.93349,-1.26164,-5.14185,-2.10808,-1.26164,0
3,17,85,-1.62055,-2.03701,-5.14185,-2.10808,-2.03701,0
3,3,72,-1.14183,-0.374867,-4.69937,-1.21867,-0.374867,1
2,20,57,-0.114738,0.58156,-3.55909,-0.534181,0.58156,1
1,5,48,2.16854,2.75486,-2.02538,-0.386848,2.75486,1
2,19,41,1.88239,2.28895,0.201755,-0.28101,2.28895,1
3,14,94,-2.29162,-1.68836,-3.41916,-2.55553,-2.29162,1
1,1,47,2.08012,2.42922,-1.66582,-0.377744,2.42922,1
1,10,83,-0.651882,-0.625428,-5.22327,-1.89942,-0.651882,1
3,8,77,-0.984118,-0.867747,-4.67517,-1.58996,-0.867747,1
3,16,85,-1.81115,-1.55089,-5.14185,-2.10808,-1.55089,1
1,4,53,1.5465,2.26686,-3.24637,-0.595251,2.26686,1
3,4,73,-0.751729,-0.353314,-4.58061,-1.30758,-0.353314,1
1,1,13,5.07858,5.01394,2.91513,-0.805878,5.01394,0
3,5,74,-0.869975,-0.243168,-4.86797,-1.45906,-0.243168,1
1,6,92,-0.546376,-0.687082,-6.43894,-2.39982,-0.687082,0
4,11,50,-2.7155,-2.7155,-2.70986,-0.510597,-0.510597,3
4,2,99,-6.43894,-6.43894,-3.41916,-3.35117,-3.35117,3
3,1,56,0.507296,-0.446348,-3.43957,-0.474568,-0.446348,0
3,7,76,-1.58479,-1.34576,-4.75214,-1.45125,-1.34576,1
3,14,46,-0.106958,1.25497,-1.27338,-0.395639,1.25497,1
2,19,89,-2.06164,-1.50087,-5.75042,-2.39784,-1.50087,1
3,12,64,-0.677318,-0.976954,-3.84075,-0.813937,-0.976954,0
4,14,83,-4.75214,-3.4594,-5.22327,-1.89942,-1.89942,3
4,16,85,-4.65291,-4.65291,-5.14185,-2.10808,-2.10808,3
4,5,79,-4.50652,-4.6296,-4.30456,-1.7295,-1.7295,3
3,9,59,-0.241681,-0.0454,-3.59803,-0.651593,-0.0454,1
4,4,79,-4.27448,-4.58308,-4.30456,-1.7295,-1.7295,3
4,3,79,-3.88887,-2.27407,-4.30456,-1.7295,-1.7295,3
4,1,79,-0.1577,-0.124574,-4.30456,-1.7295,-1.7295,1
2,1,69,0.701772,0.336081,-4.38821,-0.937499,0.336081,0
1,6,26,4.38562,4.01768,2.08517,-0.805878,4.01768,0
4,2,41,1.67031,1.20924,0.201755,-0.28101,0.17754,0
1,16,48,1.80431,2.01092,-2.02538,-0.386848,2.01092,1
2,4,72,0.335103,0.191243,-4.69937,-1.21867,0.191243,0
2,13,81,-1.23443,-0.463723,-4.70389,-1.77463,-0.463723,1
4,9,83,-4.75214,-4.4267,-5.22327,-1.89942,-1.89942,3
2,20,84,-1.26982,-1.04699,-5.35927,-2.00544,-1.04699,1
3,15,52,-0.456933,-0.621545,-3.16282,-0.404636,-0.621545,3
4,7,81,-4.86797,-4.62809,-4.70389,-1.77463,-1.77463,3
4,12,86,-4.30456,-4.30456,-5.61978,-2.01828,-2.01828,3
1,12,71,-0.132272,0.622575,-4.4203,-1.13959,0.622575,1
4,15,89,-5.04662,-5.04662,-5.75042,-2.39784,-2.39784,3
3,17,59,-1.10354,0.346225,-3.59803,-0.651593,0.346225,1
3,3,30,1.89712,2.43442,1.53923,-0.805878,1.89712,1
3,19,87,-1.79485,-2.06855,-5.60239,-2.09737,-2.06855,0
2,2,70,0.664055,0.471621,-4.23657,-1.06699,0.471621,0
4,20,58,-3.03783,-2.94354,-3.5329,-0.497556,-0.497556,3
2,5,73,-0.161186,-0.13287,-4.58061,-1.30758,-0.161186,1
2,7,75,-0.118618,-0.828785,-4.90201,-1.41384,-0.828785,0
2,15,21,2.94149,3.85399,2.59473,-0.805878,3.85399,1
2,10,78,0.0387504,-0.585906,-4.65291,-1.66623,-0.585906,0
2,15,83,-1.04601,-1.15605,-5.22327,-1.89942,-1.15605,0
4,7,48,-2.89315,1.2603,-2.02538,-0.386848,1.2603,1
3,15,83,-1.97962,-1.86994,-5.22327,-1.89942,-1.86994,1
3,6,74,-1.27396,-0.503498,-4.86797,-1.45906,-0.503498,1
2,11,23,4.44475,3.94922,2.09672,-0.805878,3.94922,0
3,13,84,-1.33967,-1.60476,-5.35927,-2.00544,-1.60476,0
2,16,84,-1.06769,-1.21495,-5.35927,-2.00544,-1.21495,0
2,20,56,0.223733,0.822163,-3.43957,-0.474568,0.822163,1
1,5,55,1.69725,2.16726,-3.26052,-0.458097,2.16726,1
2,19,38,1.80894,2.00781,0.671689,-0.230343,2.00781,1
3,14,89,-2.02752,-1.55528,-5.75042,-2.39784,-1.55528,1
1,1,16,5.06379,4.6317,2.59926,-0.805878,4.6317,0
1,10,80,-0.737784,-0.772326,-4.82344,-1.66435,-0.772326,0
3,8,76,-0.880626,-0.746558,-4.75214,-1.45125,-0.746558,1
3,16,84,-1.74462,-1.47964,-5.35927,-2.00544,-1.47964,1
1,4,52,2.01111,2.48447,-3.16282,-0.404636,2.48447,1
3,4,72,-0.914585,-1.23406,-4.69937,-1.21867,-1.23406,0
1,1,14,4.82961,5.91252,2.79075,-0.805878,5.91252,1
3,5,73,-0.887725,-0.124794,-4.58061,-1.30758,-0.124794,1
1,6,95,-0.601776,-0.504842,-3.41916,-2.85377,-0.504842,1
4,11,51,-2.78547,-2.70841,-3.03783,-0.448822,-0.448822,3
4,2,98,-6.29331,-6.29331,-3.41916,-3.12829,-3.12829,3
3,1,39,2.74928,1.67819,0.982003,-0.317489,1.67819,0
3,7,75,-1.54708,-1.34922,-4.90201,-1.41384,-1.34922,1
3,9,77,-1.53286,-0.903275,-4.67517,-1.58996,-0.903275,1
3,14,41,1.0197,1.21563,0.201755,-0.28101,1.21563,1
2,19,86,-1.56608,-1.39278,-5.61978,-2.01828,-1.39278,1
2,3,85,-0.334979,-0.356796,-5.14185,-2.10808,-0.356796,0
3,12,65,-0.552846,-0.261085,-4.11009,-0.783219,-0.261085,1
4,14,82,-4.90201,-3.52185,-5.04662,-1.89873,-1.89873,3
4,16,84,-4.67517,-4.67517,-5.35927,-2.00544,-2.00544,3
4,5,78,-4.40693,-4.37437,-4.65291,-1.66623,-1.66623,3
2,8,40,2.74411,2.37697,0.424054,-0.32524,2.37697,0
2,6,56,0.996691,0.555099,-3.43957,-0.474568,0.555099,0
1,3,48,1.23574,1.97446,-2.02538,-0.386848,1.97446,1
1,14,42,2.63772,1.52737,-0.0637023,-0.353411,1.52737,0
3,9,56,-0.773068,0.66381,-3.43957,-0.474568,0.66381,1
4,4,78,-4.35867,-4.34374,-4.65291,-1.66623,-1.66623,3
4,3,78,-4.03719,-2.25961,-4.65291,-1.66623,-1.66623,3
4,1,78,-0.0443275,-0.132513,-4.65291,-1.66623,-4.65291,0
2,1,68,0.618717,-0.306643,-4.27007,-1.01066,-0.306643,0
2,13,80,-1.15678,-0.629424,-4.82344,-1.66435,-0.629424,1
2,17,84,-1.20943,-1.29295,-5.35927,-2.00544,-1.29295,0
4,9,82,-4.90201,-4.46612,-5.04662,-1.89873,-1.89873,3
2,20,87,-1.70341,-1.71549,-5.60239,-2.09737,-1.71549,0
3,15,51,-0.0915027,-0.605686,-3.03783,-0.448822,-0.605686,0
4,7,80,-4.58061,-4.42534,-4.82344,-1.66435,-1.66435,3
4,12,85,-4.65291,-1.57802,-5.14185,-2.10808,-2.10808,1
3,3,31,1.87653,2.56111,1.72456,-0.805878,2.56111,1
3,17,56,-0.818658,0.191241,-3.43957,-0.474568,0.191241,1
3,19,86,-1.71574,-2.17728,-5.61978,-2.01828,-2.17728,0
2,2,69,0.388034,0.575559,-4.38821,-0.937499,0.575559,1
4,20,59,-3.16282,-2.95679,-3.59803,-0.651593,-0.651593,3
2,5,72,-0.351729,-0.248331,-4.69937,-1.21867,-0.248331,1
1,14,91,-1.15228,-0.927236,-6.29331,-2.45927,-0.927236,1
2,8,71,-0.333004,-0.630349,-4.4203,-1.13959,-0.630349,0
2,6,73,-0.181545,-0.266505,-4.58061,-1.30758,-0.266505,0
2,7,74,-0.26843,-0.806396,-4.86797,-1.45906,-0.806396,0
2,15,22,2.49356,3.68377,2.39276,-0.805878,3.68377,1
2,10,77,0.384875,-0.526499,-4.67517,-1.58996,-0.526499,0
2,15,82,-0.932932,-1.21454,-5.04662,-1.89873,-1.21454,0
4,7,51,-0.73902,0.459035,-3.03783,-0.448822,-3.03783,1
3,15,82,-1.95841,-1.87741,-5.04662,-1.89873,-1.87741,1
3,6,73,-1.72007,-0.785695,-4.58061,-1.30758,-0.785695,1
2,11,40,3.4493,2.33821,0.424054,-0.32524,2.33821,0
3,13,81,-1.13061,-1.41582,-4.70389,-1.77463,-1.41582,0
2,16,83,-1.12509,-1.10094,-5.22327,-1.89942,-1.10094,1
3,16,83,-1.73808,-1.39982,-5.22327,-1.89942,-1.39982,1
1,4,35,3.26465,3.60119,1.44812,-0.805878,3.60119,1
3,4,71,-0.95919,-1.39022,-4.4203,-1.13959,-1.39022,0
1,1,15,4.54428,4.06202,2.8676,-0.805878,4.06202,0
3,5,72,-1.10727,-0.0338223,-4.69937,-1.21867,-0.0338223,1
3,1,38,2.45349,2.64651,0.671689,-0.230343,2.64651,1
3,7,74,-1.78298,-1.46403,-4.86797,-1.45906,-1.46403,3
1,5,90,-0.457888,-0.52481,-6.05291,-2.36134,-0.457888,0
1,16,82,-0.969879,-0.369603,-5.04662,-1.89873,-0.369603,1
1,6,56,1.48963,2.04684,-3.43957,-0.474568,2.04684,1
3,14,44,0.978201,1.10294,-0.646582,-0.45329,1.10294,1
2,19,91,-1.66321,-1.49947,-6.29331,-2.45927,-1.49947,1
4,16,83,-4.75214,-4.75214,-5.22327,-1.89942,-1.89942,3
3,12,66,-0.712138,-0.317979,-4.06104,-0.806488,-0.317979,1
4,14,81,-4.86797,-3.50279,-4.70389,-1.77463,-1.77463,3
4,5,77,-4.25053,-4.27448,-4.67517,-1.58996,-1.58996,3
3,9,37,2.47958,3.42987,0.962271,-0.077702,3.42987,1
4,4,77,-4.28624,-4.29976,-4.67517,-1.58996,-4.29976,3
4,3,77,-3.90144,-2.11489,-4.67517,-1.58996,-1.58996,3
4,1,77,-0.165381,-0.00900477,-4.67517,-1.58996,-0.00900477,1
2,1,67,0.659698,0.173108,-4.33476,-0.933887,0.173108,0
2,13,79,-1.21125,-0.43478,-4.30456,-1.7295,-0.43478,1
4,9,81,-4.86797,-4.45892,-4.70389,-1.77463,-1.77463,3
4,13,85,-4.65291,-4.66065,-5.14185,-2.10808,-2.10808,3
2,20,90,-2.1268,-2.00318,-6.05291,-2.36134,-2.00318,1
3,15,46,-0.137074,0.24667,-1.27338,-0.395639,0.24667,1
4,7,79,-4.69937,-4.51707,-4.30456,-1.7295,-1.7295,3
4,12,84,-4.67517,-1.60239,-5.35927,-2.00544,-2.00544,1
1,12,73,-0.187658,0.489366,-4.58061,-1.30758,0.489366,1
4,15,87,-4.82344,-4.82344,-5.60239,-2.09737,-2.09737,3
2,11,48,1.23784,1.10025,-2.02538,-0.386848,1.10025,0
1,3,91,-0.0192258,-0.228756,-6.29331,-2.45927,-0.228756,0
4,17,89,-5.04662,-5.04662,-5.75042,-2.39784,-2.39784,3
3,3,16,3.05153,3.93295,2.59926,-0.805878,3.93295,1
3,17,61,-0.316313,0.423113,-3.77303,-0.607646,0.423113,1
3,19,85,-1.71112,-2.34517,-5.14185,-2.10808,-2.34517,0
2,2,68,0.457379,0.449612,-4.27007,-1.01066,0.449612,0
4,20,60,-3.24637,-3.00422,-3.62281,-0.563066,-0.563066,3
2,5,71,0.000949056,0.370928,-4.4203,-1.13959,0.370928,1
2,7,73,0.116633,-0.739935,-4.58061,-1.30758,-0.739935,0
2,15,23,2.37964,3.58714,2.09672,-0.805878,3.58714,1
2,10,76,0.229951,-0.449474,-4.75214,-1.45125,-0.449474,0
2,15,81,-1.25982,-1.39342,-4.70389,-1.77463,-1.39342,0
4,7,50,-2.99027,1.37327,-2.70986,-0.510597,-2.70986,1
3,15,81,-1.57809,-1.85392,-4.70389,-1.77463,-1.85392,0
3,6,72,-1.23767,-0.299834,-4.69937,-1.21867,-0.299834,1
4,3,38,0.0771102,1.85619,0.671689,-0.230343,-0.107652,1
2,16,21,3.29634,3.01954,2.59473,-0.805878,3.01954,0
4,18,89,-5.04662,-5.04662,-5.75042,-2.39784,-2.39784,3
3,13,19,2.66682,2.74376,2.73033,-0.805878,2.74376,1
3,19,37,1.24272,1.36061,0.962271,-0.077702,1.36061,1
3,3,96,-2.06768,-1.10409,-3.41916,-2.99602,-1.10409,1
4,19,85,-4.65291,-4.65291,-5.14185,-2.10808,-2.10808,3
3,13,82,-1.21285,-1.52801,-5.04662,-1.89873,-1.52801,0
2,16,82,-0.755745,-1.29654,-5.04662,-1.89873,-1.29654,0
3,16,82,-2.32601,-1.61325,-5.04662,-1.89873,-1.61325,1
1,4,34,3.64839,3.77362,1.42834,-0.805878,3.77362,1
3,4,70,-0.380029,0.0353012,-4.23657,-1.06699,0.0353012,1
1,10,72,-0.190651,-0.21634,-4.69937,-1.21867,-0.21634,0
1,1,8,5.29723,5.04286,2.93668,-0.805878,5.04286,0
3,5,71,-1.00245,-0.0223772,-4.4203,-1.13959,-0.0223772,1
3,1,37,2.57031,2.56036,0.962271,-0.077702,2.56036,0
3,7,73,-1.33092,-1.09566,-4.58061,-1.30758,-1.09566,1
1,16,93,-1.16801,-2.06132,-3.41916,-2.51688,-2.06132,0
1,5,89,-0.43431,-0.391825,-5.75042,-2.39784,-0.391825,1
1,6,57,1.17322,1.84054,-3.55909,-0.534181,1.84054,1
3,14,47,-0.239012,0.961405,-1.66582,-0.377744,0.961405,1
2,19,88,-1.57723,-1.48317,-5.55605,-2.24038,-1.48317,1
3,8,91,-2.33138,-1.34071,-6.29331,-2.45927,-1.34071,1
1,1,25,4.11292,3.80099,2.04479,-0.805878,3.80099,0
1,10,89,-0.378658,0.162142,-5.75042,-2.39784,0.162142,1
2,19,63,-0.103718,0.0244837,-4.03562,-0.692524,0.0244837,1
3,14,80,-1.22045,-1.49314,-4.82344,-1.66435,-1.49314,0
4,16,82,-4.90201,-4.90201,-5.04662,-1.89873,-1.89873,3
3,12,67,-0.640092,-0.713013,-4.33476,-0.933887,-0.713013,0
4,14,80,-4.58061,-3.23784,-4.82344,-1.66435,-1.66435,3
4,5,76,-4.36594,-4.35867,-4.75214,-1.45125,-1.45125,3
3,9,58,-0.462938,0.00552065,-3.5329,-0.497556,0.00552065,1
4,4,76,-4.26633,-4.33898,-4.75214,-1.45125,-1.45125,3
4,3,76,-3.97924,-2.20088,-4.75214,-1.45125,-4.75214,3
4,1,76,0.124352,-0.0196778,-4.75214,-1.45125,-1.45125,0
2,1,66,0.652812,-0.183731,-4.06104,-0.806488,-0.183731,0
2,13,78,-1.46186,-0.809011,-4.65291,-1.66623,-0.809011,1
4,9,80,-4.58061,-4.37466,-4.82344,-1.66435,-1.66435,3
4,13,84,-4.67517,-4.63268,-5.35927,-2.00544,-2.00544,3
2,20,93,-2.26618,-2.18996,-3.41916,-2.51688,-2.18996,1
3,15,45,0.584285,0.461549,-0.989663,-0.351506,0.461549,0
4,7,78,-4.4203,-4.24067,-4.65291,-1.66623,-1.66623,3
4,12,83,-4.75214,-1.51914,-5.22327,-1.89942,-1.89942,1
1,12,74,-0.627319,0.404477,-4.86797,-1.45906,0.404477,1
4,15,86,-4.30456,-4.30456,-5.61978,-2.01828,-2.01828,3
3,3,17,3.04745,2.81958,2.67763,-0.805878,2.81958,0
3,17,58,-0.475255,0.373871,-3.5329,-0.497556,0.373871,1
3,19,84,-1.65319,-1.76935,-5.35927,-2.00544,-1.76935,0
2,2,67,0.532132,0.562633,-4.33476,-0.933887,0.562633,1
4,20,61,-3.28628,-3.06475,-3.77303,-0.607646,-0.607646,3
2,5,70,0.588809,0.575261,-4.23657,-1.06699,0.575261,0
1,14,93,-1.03431,-0.916916,-3.41916,-2.51688,-0.916916,1
2,8,69,-0.122758,-0.891511,-4.38821,-0.937499,-0.891511,0
2,6,71,-0.376271,-0.281312,-4.4203,-1.13959,-0.281312,1
2,7,72,-0.376174,-0.73095,-4.69937,-1.21867,-0.73095,0
2,15,16,2.93836,3.79398,2.59926,-0.805878,3.79398,1
2,10,75,0.158975,-0.577211,-4.90201,-1.41384,-0.577211,0
2,15,80,-1.18455,-1.30245,-4.82344,-1.66435,-1.30245,0
4,7,61,-1.57124,-0.205614,-3.77303,-0.607646,-0.607646,1
3,15,80,-1.72914,-2.283,-4.82344,-1.66435,-2.283,3
3,6,71,-1.87359,-1.29139,-4.4203,-1.13959,-1.29139,3
2,11,22,4.40435,4.13497,2.39276,-0.805878,4.13497,0
3,13,79,-1.19432,-1.4996,-4.30456,-1.7295,-1.4996,0
2,16,81,-1.07126,-1.32191,-4.70389,-1.77463,-1.32191,0
2,16,94,-2.15891,-2.47454,-3.41916,-2.55553,-2.15891,0
3,13,78,-1.72047,-1.61431,-4.65291,-1.66623,-1.61431,1
3,16,81,-1.57461,-1.87654,-4.70389,-1.77463,-1.87654,0
1,4,33,3.69087,4.10636,1.60775,-0.805878,4.10636,1
3,4,69,0.0967389,-0.173566,-4.38821,-0.937499,-0.173566,0
1,10,73,-0.222899,-0.066857,-4.58061,-1.30758,-0.066857,1
1,1,9,5.67878,2.53925,2.89122,-0.805878,2.53925,0
3,5,70,-0.188315,-0.658466,-4.23657,-1.06699,-0.658466,0
3,1,36,2.58084,2.8538,1.45696,0.264588,2.8538,1
3,7,72,-2.51606,-2.24696,-4.69937,-1.21867,-2.24696,3
1,16,80,-0.786611,-0.129932,-4.82344,-1.66435,-0.129932,1
1,5,68,1.02205,1.10103,-4.27007,-1.01066,1.10103,1
1,6,58,0.922386,1.50912,-3.5329,-0.497556,1.50912,1
3,14,50,-0.59323,0.68117,-2.70986,-0.510597,0.68117,1
2,19,93,-1.99365,-1.74082,-3.41916,-2.51688,-1.74082,1
4,5,75,-4.18297,-4.28624,-4.90201,-1.41384,-4.90201,3
1,3,53,1.19107,1.24695,-3.24637,-0.595251,1.24695,1
2,8,21,3.66607,2.87642,2.59473,-0.805878,2.87642,0
2,6,55,0.735881,0.723851,-3.26052,-0.458097,0.723851,0
1,14,45,2.51559,2.3605,-0.989663,-0.351506,2.3605,0
3,9,63,-1.21023,-1.78824,-4.03562,-0.692524,-1.78824,3
4,4,75,-4.0733,-4.29703,-4.90201,-1.41384,-1.41384,3
4,3,75,-3.74078,-2.11181,-4.90201,-1.41384,-1.41384,3
4,1,75,-0.0615868,-0.0736046,-4.90201,-1.41384,-1.41384,0
2,1,65,0.746737,0.219089,-4.11009,-0.783219,0.746737,0
2,13,77,-0.82164,-0.414444,-4.67517,-1.58996,-0.414444,1
4,9,79,-4.69937,-4.31185,-4.30456,-1.7295,-1.7295,3
4,13,83,-4.75214,-4.66619,-5.22327,-1.89942,-1.89942,3
2,20,88,-1.71254,-1.67706,-5.55605,-2.24038,-1.67706,1
3,15,32,1.72492,2.65512,1.7249,-0.805878,2.65512,1
4,7,77,-4.23657,-4.17333,-4.67517,-1.58996,-1.58996,3
4,12,82,-4.90201,-1.61537,-5.04662,-1.89873,-1.89873,1
2,11,50,1.13592,1.01356,-2.70986,-0.510597,1.01356,0
1,3,93,-0.399572,-0.329493,-3.41916,-2.51688,-0.329493,1
4,17,87,-4.82344,-4.82344,-5.60239,-2.09737,-2.09737,3
3,3,26,2.61021,2.86953,2.08517,-0.805878,2.86953,1
3,19,83,-1.63178,-1.54643,-5.22327,-1.89942,-1.54643,1
2,2,66,0.677545,0.735615,-4.06104,-0.806488,0.735615,1
4,20,62,-3.26052,-3.11655,-3.86868,-0.735614,-0.735614,3
2,5,69,0.668388,0.450383,-4.38821,-0.937499,0.450383,0
1,14,92,-1.1969,-1.08653,-6.43894,-2.39982,-1.08653,1
2,8,70,-0.479223,-1.13831,-4.23657,-1.06699,-1.13831,0
2,6,70,0.376586,-0.0696608,-4.23657,-1.06699,-0.0696608,0
2,7,71,-0.0371062,-0.537969,-4.4203,-1.13959,-0.537969,0
2,15,17,4.53526,2.40141,2.67763,-0.805878,2.40141,0
2,10,74,0.539418,-0.247402,-4.86797,-1.45906,-0.247402,0
2,15,79,-0.668432,-0.879351,-4.30456,-1.7295,-0.879351,0
4,7,44,-2.26409,-0.272461,-0.646582,-0.45329,-0.45329,1
3,15,79,-1.48303,-1.62989,-4.30456,-1.7295,-1.62989,0
3,6,70,0.146209,-0.349244,-4.23657,-1.06699,-0.349244,0
2,11,19,4.00373,3.01943,2.73033,-0.805878,3.01943,0
3,13,80,-1.29617,-1.37346,-4.82344,-1.66435,-1.37346,0
2,16,80,-0.730978,-0.84053,-4.82344,-1.66435,-0.84053,0
3,17,76,-1.44822,-1.432,-4.75214,-1.45125,-1.432,1
3,3,67,-0.742538,1.19433,-4.33476,-0.933887,1.19433,1
2,16,95,-2.14683,-2.57846,-3.41916,-2.85377,-2.57846,0
3,13,77,-0.984927,-1.18373,-4.67517,-1.58996,-1.18373,0
3,16,80,-1.53037,-1.18646,-4.82344,-1.66435,-1.18646,1
1,4,32,3.99114,3.48422,1.7249,-0.805878,3.48422,0
3,4,68,0.187481,-0.115576,-4.27007,-1.01066,-0.115576,0
1,1,10,5.55221,5.11688,2.9161,-0.805878,5.11688,0
3,5,69,0.057058,-0.6063,-4.38821,-0.937499,-0.6063,0
1,5,91,-0.604856,-0.38043,-6.29331,-2.45927,-0.38043,1
1,16,83,-0.98351,-0.383196,-5.22327,-1.89942,-0.383196,1
1,6,59,1.5,1.8232,-3.59803,-0.651593,1.8232,1
3,14,45,-0.14495,1.27305,-0.989663,-0.351506,1.27305,1
2,19,90,-2.06908,-1.69334,-6.05291,-2.36134,-1.69334,1
4,5,74,-4.24114,-4.26633,-4.86797,-1.45906,-1.45906,3
1,3,52,1.23957,1.39946,-3.16282,-0.404636,1.39946,1
2,6,52,1.27799,0.865836,-3.16282,-0.404636,1.27799,0
2,8,20,4.03256,3.86054,2.55099,-0.805878,3.86054,0
1,14,46,2.25527,2.24037,-1.27338,-0.395639,2.24037,0
3,9,60,-0.574139,-0.0900523,-3.62281,-0.563066,-0.0900523,1
4,4,74,-4.04275,-4.2207,-4.86797,-1.45906,-4.86797,3
4,3,74,-3.76802,-2.05597,-4.86797,-1.45906,-1.45906,3
4,1,74,-0.151389,-0.0903161,-4.86797,-1.45906,-0.0903161,1
2,1,64,0.80716,0.0761268,-3.84075,-0.813937,0.80716,0
2,4,67,0.576246,0.41768,-4.33476,-0.933887,0.41768,0
2,13,76,-1.18161,-0.706284,-4.75214,-1.45125,-0.706284,1
4,9,78,-4.4203,-4.17129,-4.65291,-1.66623,-1.66623,3
4,13,82,-4.90201,-4.81636,-5.04662,-1.89873,-1.89873,3
2,20,91,-2.11189,-1.92918,-6.29331,-2.45927,-1.92918,1
3,15,47,-0.226932,0.231518,-1.66582,-0.377744,0.231518,1
4,7,76,-4.38821,-4.11448,-4.75214,-1.45125,-1.45125,3
1,11,84,-0.652928,-1.71278,-5.35927,-2.00544,-1.71278,0
4,16,50,-2.7155,-2.7155,-2.70986,-0.510597,-0.510597,3
1,8,48,2.34859,2.30611,-2.02538,-0.386848,2.30611,0
4,10,79,-4.69937,-4.29258,-4.30456,-1.7295,-1.7295,3
4,12,81,-4.86797,-1.61771,-4.70389,-1.77463,-1.77463,1
2,11,49,1.14669,1.03708,-2.3856,-0.416188,1.03708,0
1,3,90,-0.329461,-0.267531,-6.05291,-2.36134,-0.267531,1
4,17,86,-4.30456,-4.30456,-5.61978,-2.01828,-2.01828,3
3,3,27,2.42776,2.78232,1.79261,-0.805878,2.78232,1
3,19,82,-1.56422,-1.49617,-5.04662,-1.89873,-1.49617,1
2,2,65,0.61332,0.225966,-4.11009,-0.783219,0.225966,0
4,20,63,-3.43957,-3.14071,-4.03562,-0.692524,-0.692524,3
2,5,68,0.600969,0.237871,-4.27007,-1.01066,0.237871,0
1,14,95,-1.23757,-1.28137,-3.41916,-2.85377,-1.28137,0
2,8,67,-0.00914962,-0.892319,-4.33476,-0.933887,-0.892319,0
2,6,69,-0.0568599,-0.455751,-4.38821,-0.937499,-0.455751,0
2,7,70,0.805866,-1.21084,-4.23657,-1.06699,-1.21084,0
1,6,24,4.46115,3.99278,2.20454,-0.805878,3.99278,0
4,2,47,-0.330613,1.61573,-1.66582,-0.377744,0.0653904,1
1,16,50,1.55813,1.80507,-2.70986,-0.510597,1.80507,1
2,4,74,-0.556441,-0.555352,-4.86797,-1.45906,-0.555352,1
2,15,18,3.52663,2.15756,2.65786,-0.805878,2.15756,0
2,10,73,0.433276,-0.583977,-4.58061,-1.30758,-0.583977,0
2,15,78,-0.91836,-1.02377,-4.65291,-1.66623,-1.02377,0
4,7,47,-2.78547,1.30161,-1.66582,-0.377744,-0.377744,1
3,15,78,-1.4032,-1.70336,-4.65291,-1.66623,-1.70336,0
3,6,69,-1.06513,-1.68394,-4.38821,-0.937499,-1.68394,3
2,16,79,-0.909647,-0.893164,-4.30456,-1.7295,-0.893164,1
1,16,98,-1.52179,-2.13125,-3.41916,-3.12829,-2.13125,0
2,20,63,-0.361623,0.19578,-4.03562,-0.692524,0.19578,1
1,5,10,5.20679,5.368,2.9161,-0.805878,5.368,1
1,1,21,4.26049,6.00077,2.59473,-0.805878,6.00077,1
1,10,93,-0.663249,-0.0460425,-3.41916,-2.51688,-0.0460425,1
3,8,71,-1.04948,-0.477607,-4.4203,-1.13959,-0.477607,1
2,16,92,-1.8668,-2.27696,-6.43894,-2.39982,-2.27696,0
3,13,76,-1.4503,-1.3069,-4.75214,-1.45125,-1.3069,1
3,16,79,-1.47093,-1.12034,-4.30456,-1.7295,-1.12034,1
3,4,67,0.355811,-0.173315,-4.33476,-0.933887,-0.173315,0
1,1,11,5.03785,5.58068,2.80572,-0.805878,5.58068,1
3,5,68,-0.688447,-0.316328,-4.27007,-1.01066,-0.316328,1
3,14,48,-0.323785,0.863215,-2.02538,-0.386848,0.863215,1
2,19,95,-2.0431,-1.83909,-3.41916,-2.85377,-1.83909,1
4,5,73,-3.96925,-4.0733,-4.58061,-1.30758,-1.30758,3
1,3,51,1.63048,1.71262,-3.03783,-0.448822,1.71262,1
2,8,23,3.92828,2.66979,2.09672,-0.805878,2.66979,0
2,6,57,0.725299,0.633454,-3.55909,-0.534181,0.633454,0
1,14,43,2.70593,1.38712,-0.351569,-0.382527,2.70593,0
3,9,57,-0.680062,-0.0522758,-3.55909,-0.534181,-0.0522758,1
4,4,73,-3.88947,-4.08148,-4.58061,-1.30758,-1.30758,3
4,3,73,-3.47389,-1.72342,-4.58061,-1.30758,-1.30758,3
4,1,73,0.0315984,0.179477,-4.58061,-1.30758,0.179477,1
2,1,63,0.93292,0.586479,-4.03562,-0.692524,0.586479,0
1,14,67,-0.410133,0.30251,-4.33476,-0.933887,-0.410133,1
2,6,65,0.452547,0.0459951,-4.11009,-0.783219,0.0459951,0
2,8,79,-0.577234,-1.26755,-4.30456,-1.7295,-0.577234,0
2,4,66,0.806528,0.54879,-4.06104,-0.806488,0.54879,0
2,13,75,-1.34675,-0.688524,-4.90201,-1.41384,-0.688524,1
4,9,77,-4.23657,-4.02948,-4.67517,-1.58996,-1.58996,3
4,13,81,-4.86797,-4.7683,-4.70389,-1.77463,-1.77463,3
2,20,94,-2.25169,-2.13553,-3.41916,-2.55553,-2.13553,1
1,11,85,-0.522658,-1.51689,-5.14185,-2.10808,-1.51689,0
4,16,49,-2.61941,-2.61941,-2.3856,-0.416188,-0.416188,3
1,8,49,2.30903,2.17913,-2.3856,-0.416188,2.17913,0
4,10,78,-4.4203,-4.34159,-4.65291,-1.66623,-1.66623,3
4,12,80,-4.58061,-1.38283,-4.82344,-1.66435,-1.66435,1
3,3,28,1.7248,2.65822,1.70711,-0.805878,2.65822,1
3,17,57,-0.745804,0.618444,-3.55909,-0.534181,0.618444,1
3,19,81,-1.4626,-1.68587,-4.70389,-1.77463,-1.68587,0
2,2,64,0.917918,0.763502,-3.84075,-0.813937,0.917918,0
2,5,67,0.643147,0.627934,-4.33476,-0.933887,0.627934,0
1,14,94,-1.16085,-1.08974,-3.41916,-2.55553,-1.08974,1
2,8,68,0.212172,-0.585808,-4.27007,-1.01066,-0.585808,0
2,6,68,0.0313317,-0.487773,-4.27007,-1.01066,0.0313317,0
2,7,69,0.46231,-1.76767,-4.38821,-0.937499,-1.76767,0
2,4,75,-0.754868,-0.525212,-4.90201,-1.41384,-0.525212,1
2,15,19,2.79401,3.66031,2.73033,-0.805878,3.66031,1
2,10,72,-0.0631066,-0.810449,-4.69937,-1.21867,-0.810449,0
2,15,77,-0.947497,-1.34899,-4.67517,-1.58996,-1.34899,0
4,7,46,-2.7155,1.32331,-1.27338,-0.395639,-0.395639,1
3,15,77,-1.90172,-2.45939,-4.67517,-1.58996,-2.45939,3
3,6,68,-0.227057,-1.80423,-4.27007,-1.01066,-1.80423,0
2,16,78,-1.08892,-1.1768,-4.65291,-1.66623,-1.1768,0
3,17,74,-0.937643,-1.36597,-4.86797,-1.45906,-1.36597,0
3,3,65,-0.077788,0.989138,-4.11009,-0.783219,-0.077788,1
2,20,62,-0.37111,0.191485,-3.86868,-0.735614,0.191485,1
1,5,9,4.65881,4.61983,2.89122,-0.805878,4.61983,0
1,1,22,4.29296,5.64368,2.39276,-0.805878,5.64368,1
1,10,90,-0.367136,0.323101,-6.05291,-2.36134,0.323101,1
3,8,70,-2.58834,-0.237434,-4.23657,-1.06699,-0.237434,1
2,16,93,-2.10153,-2.53264,-3.41916,-2.51688,-2.53264,0
3,13,75,-1.68294,-1.46848,-4.90201,-1.41384,-1.46848,3
3,16,78,-1.38163,-1.55228,-4.65291,-1.66623,-1.55228,0
3,4,66,-0.897278,-0.688496,-4.06104,-0.806488,-0.688496,1
1,10,76,-0.0767637,-0.0624684,-4.75214,-1.45125,-0.0624684,1
1,1,4,6.02178,6.41943,2.97261,-0.805878,6.41943,1
3,5,67,0.0641104,-0.358179,-4.33476,-0.933887,-0.358179,0
4,4,99,-6.43894,-6.43894,-3.41916,-3.35117,-3.35117,3
3,9,71,-1.71736,-0.643671,-4.4203,-1.13959,-0.643671,1
3,14,51,-0.244918,-0.138636,-3.03783,-0.448822,-0.138636,1
2,19,92,-2.13433,-1.63223,-6.43894,-2.39982,-1.63223,1
3,18,20,2.73033,2.60377,2.55099,-0.805878,2.60377,0
2,11,42,3.02496,1.8217,-0.0637023,-0.353411,1.8217,0
1,3,69,0.521162,0.328096,-4.38821,-0.937499,0.328096,0
4,17,79,-4.69937,-4.69937,-4.30456,-1.7295,-1.7295,3
2,20,95,-2.25407,-2.09203,-3.41916,-2.85377,-2.09203,1
4,5,72,-4.07906,-4.04275,-4.69937,-1.21867,-1.21867,3
1,3,50,0.936377,1.8931,-2.70986,-0.510597,1.8931,1
2,8,22,3.05896,2.64636,2.39276,-0.805878,2.64636,0
2,6,54,1.03524,0.773079,-3.28628,-0.56961,1.03524,0
1,14,44,2.48701,1.21588,-0.646582,-0.45329,1.21588,0
3,9,62,-1.08505,-1.49545,-3.86868,-0.735614,-1.49545,3
4,4,72,-3.99388,-3.99786,-4.69937,-1.21867,-3.99786,3
4,3,72,-3.66456,-1.78516,-4.69937,-1.21867,-1.78516,3
4,1,72,0.567977,0.361405,-4.69937,-1.21867,-4.69937,0
3,8,89,-1.6489,-1.16953,-5.75042,-2.39784,-1.16953,1
2,19,61,-0.313557,0.155348,-3.77303,-0.607646,0.155348,1
3,14,82,-1.37422,-1.58417,-5.04662,-1.89873,-1.58417,0
1,1,27,4.25285,3.92791,1.79261,-0.805878,3.92791,0
1,10,71,0.019148,-0.00358994,-4.4203,-1.13959,-0.00358994,0
2,1,62,1.03332,0.226923,-3.86868,-0.735614,0.226923,0
4,17,81,-4.86797,-4.86797,-4.70389,-1.77463,-1.77463,3
2,11,72,-0.599392,-0.454233,-4.69937,-1.21867,-0.454233,1
2,13,74,-0.903724,-0.549965,-4.86797,-1.45906,-0.549965,1
3,20,87,-2.02684,-2.02622,-5.60239,-2.09737,-2.02622,1
4,9,76,-4.38821,-4.05882,-4.75214,-1.45125,-1.45125,3
2,11,29,2.85077,3.32829,1.67657,-0.805878,3.32829,1
3,18,97,-2.54285,-2.51162,-3.41916,-2.81209,-2.54285,1
4,13,80,-4.58061,-4.53963,-4.82344,-1.66435,-1.66435,3
2,20,81,-1.19308,-0.980831,-4.70389,-1.77463,-0.980831,1
1,11,82,-0.612175,-1.45601,-5.04662,-1.89873,-1.45601,0
4,16,60,-3.24637,-2.77417,-3.62281,-0.563066,-0.563066,3
1,8,54,1.83946,1.69688,-3.28628,-0.56961,1.69688,0
4,10,77,-4.23657,-4.27867,-4.67517,-1.58996,-1.58996,3
4,12,79,-4.69937,-1.59825,-4.30456,-1.7295,-1.7295,1
2,11,51,0.275319,1.85729,-3.03783,-0.448822,1.85729,1
1,3,92,-0.166179,-0.283206,-6.43894,-2.39982,-0.283206,0
4,17,84,-4.67517,-4.67517,-5.35927,-2.00544,-2.00544,3
3,3,29,1.68055,2.00245,1.67657,-0.805878,2.00245,1
3,19,80,-1.42564,-1.33451,-4.82344,-1.66435,-1.33451,1
2,5,66,0.510597,0.540232,-4.06104,-0.806488,0.540232,1
1,14,65,-0.464067,0.389258,-4.11009,-0.783219,0.389258,1
2,8,65,0.272241,-0.576573,-4.11009,-0.783219,-0.576573,0
2,6,67,0.0804277,-0.433048,-4.33476,-0.933887,-0.433048,0
2,7,68,0.676211,-0.877279,-4.27007,-1.01066,-0.877279,0
2,4,68,0.79927,0.682492,-4.27007,-1.01066,0.682492,0
3,2,21,3.42547,4.16404,2.59473,-0.805878,4.16404,1
4,8,84,-4.67517,-4.69332,-5.35927,-2.00544,-2.00544,3
2,10,71,0.681049,-0.465723,-4.4203,-1.13959,-0.465723,0
2,15,76,-0.72834,-0.865957,-4.75214,-1.45125,-0.865957,0
4,7,41,-2.08792,-0.148234,0.201755,-0.28101,-0.28101,2
3,15,76,-1.28084,-1.54932,-4.75214,-1.45125,-1.54932,0
3,6,67,-1.09407,-1.59165,-4.33476,-0.933887,-1.59165,3
2,16,77,-0.718008,-0.725111,-4.67517,-1.58996,-0.725111,0
3,17,77,-1.99316,-1.68743,-4.67517,-1.58996,-1.68743,3
3,3,64,-0.921874,1.01335,-3.84075,-0.813937,1.01335,1
1,1,23,4.42007,5.44444,2.09672,-0.805878,5.44444,1
1,10,91,-0.474756,0.186273,-6.29331,-2.45927,0.186273,1
3,8,69,-1.93306,-0.149296,-4.38821,-0.937499,-0.149296,1
2,16,90,-1.92993,-2.29302,-6.05291,-2.36134,-2.29302,0
3,13,74,-1.29374,-1.26206,-4.86797,-1.45906,-1.26206,1
3,16,77,-1.32291,-0.97273,-4.67517,-1.58996,-0.97273,1
3,2,63,-0.258986,-0.30221,-4.03562,-0.692524,-0.30221,0
3,4,65,0.308688,-0.0450681,-4.11009,-0.783219,-0.0450681,0
1,10,77,-0.179652,-0.156188,-4.67517,-1.58996,-0.156188,1
1,1,5,6.18054,4.6514,2.97834,-0.805878,4.6514,0
3,5,66,-0.42382,-0.248556,-4.06104,-0.806488,-0.248556,1
4,4,96,-5.75042,-5.75042,-3.41916,-2.99602,-2.99602,3
3,9,70,-0.607386,-0.60211,-4.23657,-1.06699,-0.60211,1
3,18,21,2.76897,3.21801,2.59473,-0.805878,3.21801,1
2,11,41,3.29482,2.00583,0.201755,-0.28101,2.00583,0
1,3,66,0.813016,0.638147,-4.06104,-0.806488,0.638147,0
4,17,78,-4.4203,-4.4203,-4.65291,-1.66623,-1.66623,3
3,20,96,-2.45064,-2.79498,-3.41916,-2.99602,-2.79498,0
4,18,79,-4.69937,-4.69937,-4.30456,-1.7295,-1.7295,3
2,20,98,-2.57043,-2.49062,-3.41916,-3.12829,-2.49062,1
3,15,38,1.54068,1.86186,0.671689,-0.230343,1.86186,1
4,7,71,-3.84075,-3.71939,-4.4203,-1.13959,-1.13959,3
4,5,71,-3.85239,-3.88947,-4.4203,-1.13959,-1.13959,3
3,9,35,2.28211,3.74836,1.44812,-0.805878,3.74836,1
4,4,71,-3.84477,-3.92195,-4.4203,-1.13959,-4.4203,3
4,3,71,-3.49489,-1.60757,-4.4203,-1.13959,-1.13959,3
4,19,37,-1.84662,-1.84662,0.962271,-0.077702,-0.077702,2
3,19,53,-0.0843053,-0.12777,-3.24637,-0.595251,-0.12777,0
2,2,62,1.20848,0.936809,-3.86868,-0.735614,0.936809,0
1,14,64,-0.411361,0.524323,-3.84075,-0.813937,0.524323,1
2,8,66,0.268066,-0.534471,-4.06104,-0.806488,-0.534471,0
2,6,66,0.583905,0.208809,-4.06104,-0.806488,0.208809,0
4,17,32,-1.51638,-1.51638,1.7249,-0.805878,1.7249,2
3,18,59,-0.459546,-0.020725,-3.59803,-0.651593,-0.020725,1
2,11,71,-0.477265,-0.35521,-4.4203,-1.13959,-0.35521,1
4,8,33,-1.57416,-1.75199,1.60775,-0.805878,1.60775,2
3,7,65,-0.969749,-1.43618,-4.11009,-0.783219,-1.43618,3
3,1,61,0.17942,-0.605006,-3.77303,-0.607646,0.17942,0
3,20,86,-1.65386,-2.53645,-5.61978,-2.01828,-2.53645,0
4,9,75,-4.27007,-4.02467,-4.90201,-1.41384,-1.41384,3
3,20,25,2.20454,3.24309,2.04479,-0.805878,2.20454,1
4,14,53,-2.88215,-1.39182,-3.24637,-0.595251,-0.595251,3
4,18,84,-4.67517,-4.67517,-5.35927,-2.00544,-2.00544,3
1,17,27,3.41573,3.42929,1.79261,-0.805878,3.42929,1
3,16,76,-1.28246,-0.89985,-4.75214,-1.45125,-0.89985,1
3,3,6,3.38222,4.76793,2.97518,-0.805878,4.76793,1
3,19,79,-1.35769,-1.32187,-4.30456,-1.7295,-1.32187,1
3,3,70,-1.59319,1.02288,-4.23657,-1.06699,1.02288,1
3,17,67,-0.744871,-0.230189,-4.33476,-0.933887,-0.230189,1
4,19,79,-4.69937,-4.69937,-4.30456,-1.7295,-1.7295,3
1,10,74,0.0729846,0.15531,-4.86797,-1.45906,0.15531,1
1,1,6,5.53102,5.7928,2.97518,-0.805878,5.7928,1
1,9,70,0.100989,1.23082,-4.23657,-1.06699,1.23082,1
2,18,18,3.12932,4.72823,2.65786,-0.805878,4.72823,1
3,5,65,0.267977,-0.0771084,-4.11009,-0.783219,-0.0771084,0
1,16,87,-1.07027,-1.97059,-5.60239,-2.09737,-1.97059,0
1,5,71,0.155822,0.844969,-4.4203,-1.13959,0.844969,1
1,6,7,5.15223,5.08413,2.92731,-0.805878,5.08413,0
2,16,39,1.98791,2.32802,0.982003,-0.317489,2.32802,1
4,3,48,-0.311077,-0.928333,-2.02538,-0.386848,-2.02538,0
4,11,71,-3.84075,-3.78858,-4.4203,-1.13959,-1.13959,3
3,20,99,-2.50252,-3.56594,-3.41916,-3.35117,-3.56594,0
2,6,24,3.36522,3.4327,2.20454,-0.805878,3.4327,1
1,3,16,4.26331,5.25397,2.59926,-0.805878,5.25397,1
2,8,8,4.59327,4.19727,2.93668,-0.805878,4.19727,0
4,18,78,-4.4203,-4.4203,-4.65291,-1.66623,-1.66623,3
3,9,32,1.63931,1.02029,1.7249,-0.805878,1.02029,2
4,4,70,-1.9581,-2.27526,-4.23657,-1.06699,-1.06699,3
4,3,70,-2.25955,-1.78823,-4.23657,-1.06699,-1.06699,3
2,13,72,-1.01778,-0.449809,-4.69937,-1.21867,-0.449809,1
4,20,22,-0.882782,-0.882782,2.39276,-0.805878,2.39276,2
3,16,25,2.38865,3.35945,2.04479,-0.805878,3.35945,1
2,4,63,0.4231,0.580954,-4.03562,-0.692524,0.580954,1
4,19,44,-2.26409,-2.10998,-0.646582,-0.45329,-0.45329,3
3,19,44,-0.317211,0.728838,-0.646582,-0.45329,0.728838,1
3,17,98,-2.65136,-2.604,-3.41916,-3.12829,-2.604,1
4,17,35,-1.73068,-0.284444,1.44812,-0.805878,1.44812,2
3,18,56,-0.515765,0.0693955,-3.43957,-0.474568,0.0693955,1
2,11,70,-0.656964,-0.138615,-4.23657,-1.06699,-0.138615,1
4,8,32,-1.51638,-1.72214,1.7249,-0.805878,1.7249,2
3,7,64,-1.03604,-0.972196,-3.84075,-0.813937,-0.972196,3
3,1,60,0.087146,-0.914544,-3.62281,-0.563066,-0.914544,0
2,4,69,0.8557,0.368624,-4.38821,-0.937499,0.368624,0
4,1,70,-0.521423,-3.04153,-4.23657,-1.06699,-2.71228,0
4,10,11,-0.381377,-0.805878,2.80572,-0.805878,2.80572,2
1,11,16,4.9362,4.69982,2.59926,-0.805878,4.69982,0
2,10,44,1.53939,2.52185,-0.646582,-0.45329,2.52185,1
4,8,73,-4.06104,-3.84503,-4.58061,-1.30758,-1.30758,3
2,3,59,0.755202,1.34041,-3.59803,-0.651593,1.34041,1
3,12,51,-1.39883,0.300219,-3.03783,-0.448822,0.300219,1
4,6,71,-3.84075,-3.70246,-4.4203,-1.13959,-4.4203,3
1,17,26,3.66848,3.42665,2.08517,-0.805878,3.42665,0
3,17,91,-2.34406,-2.21092,-6.29331,-2.45927,-2.21092,1
3,3,62,-0.98158,1.3199,-3.86868,-0.735614,1.3199,1
2,20,59,-0.352799,0.347287,-3.59803,-0.651593,0.347287,1
1,5,54,1.89594,1.97254,-3.28628,-0.56961,1.97254,1
2,19,39,2.06061,2.56395,0.982003,-0.317489,2.56395,1
3,14,88,-1.95261,-1.48266,-5.55605,-2.24038,-1.48266,1
1,1,17,4.63151,5.20043,2.67763,-0.805878,5.20043,1
1,10,81,-0.521554,-0.507881,-4.70389,-1.77463,-0.507881,1
3,8,67,-0.599719,-0.0837441,-4.33476,-0.933887,-0.0837441,1
3,16,75,-1.21581,-1.22343,-4.90201,-1.41384,-1.22343,0
3,3,71,-0.830425,-0.0612481,-4.4203,-1.13959,-0.0612481,1
3,17,64,-0.40758,0.183035,-3.84075,-0.813937,0.183035,1
4,19,78,-4.4203,-4.4203,-4.65291,-1.66623,-1.66623,3
1,10,75,-0.210209,-0.174333,-4.90201,-1.41384,-0.174333,1
1,1,7,4.84572,4.2027,2.92731,-0.805878,4.2027,0
1,9,71,0.416694,-0.404757,-4.4203,-1.13959,-0.404757,0
2,18,19,2.41255,3.49843,2.73033,-0.805878,3.49843,1
3,5,64,-0.637127,-0.994438,-3.84075,-0.813937,-0.994438,0
2,3,96,-0.816043,-0.524718,-3.41916,-2.99602,-0.524718,1
3,14,52,-0.384882,-0.0102686,-3.16282,-0.404636,-0.0102686,1
2,19,67,-0.439452,-0.173254,-4.33476,-0.933887,-0.173254,1
2,16,38,1.74043,2.53924,0.671689,-0.230343,2.53924,1
4,3,49,-0.380854,-1.06995,-2.3856,-0.416188,-2.3856,0
4,11,70,-4.03562,-3.92622,-4.23657,-1.06699,-1.06699,3
4,14,50,-2.7155,-2.7155,-2.70986,-0.510597,-0.510597,3
4,18,77,-4.23657,-4.23657,-4.67517,-1.58996,-1.58996,3
3,9,45,0.487983,-0.032919,-0.989663,-0.351506,-0.032919,0
4,4,69,-1.83828,-2.14474,-4.38821,-0.937499,-1.47475,3
4,3,69,-2.20292,-1.73549,-4.38821,-0.937499,-4.38821,3
4,1,69,-0.364864,-2.8586,-4.38821,-0.937499,-1.21194,0
2,13,71,-0.906552,-0.0626063,-4.4203,-1.13959,-0.0626063,1
2,1,59,1.28148,0.0384518,-3.59803,-0.651593,0.0384518,0
4,19,35,-1.73068,-1.73068,1.44812,-0.805878,-0.805878,2
3,19,59,-0.120829,-0.293129,-3.59803,-0.651593,-0.293129,0
2,2,60,1.07072,0.873754,-3.62281,-0.563066,0.873754,0
4,20,21,-0.867753,-0.867753,2.59473,-0.805878,2.59473,2
3,16,24,2.51565,3.41687,2.20454,-0.805878,3.41687,1
2,4,62,0.70133,0.8618,-3.86868,-0.735614,0.8618,1
1,14,66,-0.61335,0.0989595,-4.06104,-0.806488,0.0989595,1
2,8,64,0.254868,-0.238073,-3.84075,-0.813937,-0.238073,0
2,6,64,0.503394,0.153674,-3.84075,-0.813937,0.153674,0
4,19,47,-2.47724,-2.47724,-1.66582,-0.377744,-0.377744,3
3,19,47,-0.39392,1.8767,-1.66582,-0.377744,1.8767,1
3,17,99,-2.73113,-2.66456,-3.41916,-3.35117,-2.73113,1
4,17,34,-1.65275,-0.219505,1.42834,-0.805878,1.42834,2
3,18,57,-0.597915,0.209033,-3.55909,-0.534181,0.209033,1
2,11,69,-0.481253,0.315158,-4.38821,-0.937499,0.315158,1
4,8,35,-1.73068,-1.91067,1.44812,-0.805878,1.44812,2
4,1,71,0.433326,0.538226,-4.4203,-1.13959,0.223387,1
4,10,10,-0.318694,-0.312451,2.9161,-0.805878,2.9161,2
1,11,17,4.02802,5.13967,2.67763,-0.805878,5.13967,1
2,10,35,2.64835,3.33157,1.44812,-0.805878,3.33157,1
4,8,72,-4.11009,-3.74463,-4.69937,-1.21867,-1.21867,3
2,3,58,0.23102,1.38939,-3.5329,-0.497556,1.38939,1
3,12,50,0.0560301,-0.299384,-2.70986,-0.510597,-0.299384,0
4,6,70,0.52391,-1.20115,-4.23657,-1.06699,-1.06699,0
3,17,38,1.56722,1.60943,0.671689,-0.230343,1.56722,1
3,3,61,-0.974878,1.17052,-3.77303,-0.607646,1.17052,1
3,16,74,-1.09165,-1.15839,-4.86797,-1.45906,-1.15839,0
3,3,88,-1.69354,-1.04199,-5.55605,-2.24038,-1.04199,1
3,17,69,-0.910643,-0.285228,-4.38821,-0.937499,-0.285228,1
4,19,77,-4.23657,-4.23657,-4.67517,-1.58996,-1.58996,3
2,18,20,2.60377,2.58113,2.55099,-0.805878,2.58113,0
3,5,63,0.283399,0.0168628,-4.03562,-0.692524,0.0168628,0
2,3,63,0.486036,1.11484,-4.03562,-0.692524,1.11484,1
3,9,67,-1.23024,-2.07749,-4.33476,-0.933887,-2.07749,3
2,3,99,-0.887316,-0.545873,-3.41916,-3.35117,-0.545873,1
3,14,55,-0.377998,-0.036523,-3.26052,-0.458097,-0.036523,1
2,19,64,-0.256023,-0.000270141,-3.84075,-0.813937,-0.000270141,1
2,16,37,1.65464,2.56577,0.962271,-0.077702,2.56577,1
4,3,54,-1.32047,-0.83583,-3.28628,-0.56961,-0.613952,3
4,11,69,-3.86868,-3.78473,-4.38821,-0.937499,-0.937499,3
3,20,97,-2.35125,-2.69377,-3.41916,-2.81209,-2.69377,0
4,18,76,-4.38821,-4.38821,-4.75214,-1.45125,-1.45125,3
3,9,34,2.38084,3.63612,1.42834,-0.805878,3.63612,1
4,4,68,-1.66642,-2.08907,-4.27007,-1.01066,-1.01066,3
4,3,68,-2.10532,-1.65586,-4.27007,-1.01066,-1.01066,3
4,1,68,-0.371916,-2.78395,-4.27007,-1.01066,-2.78395,0
2,13,70,-0.512887,-0.188932,-4.23657,-1.06699,-0.188932,1
2,1,58,1.3675,0.251183,-3.5329,-0.497556,0.251183,0
4,19,32,-1.51638,-1.51638,1.7249,-0.805878,1.7249,2
3,19,56,-0.497657,-0.667395,-3.43957,-0.474568,-0.667395,3
2,2,59,1.19208,0.686681,-3.59803,-0.651593,0.686681,0
4,20,20,-0.805878,-0.805878,2.55099,-0.805878,2.55099,2
3,16,27,2.25786,3.02995,1.79261,-0.805878,3.02995,1
2,4,61,0.743049,1.12937,-3.77303,-0.607646,1.12937,1
2,8,15,3.49417,4.04361,2.8676,-0.805878,4.04361,1
1,3,11,5.06031,5.25649,2.80572,-0.805878,5.25649,1
2,5,43,2.26056,1.91749,-0.351569,-0.382527,1.91749,0
4,20,88,-4.70389,-4.70389,-5.55605,-2.24038,-2.24038,3
2,17,77,-0.597766,-0.965389,-4.67517,-1.58996,-0.965389,0
3,19,46,-0.410903,1.61842,-1.27338,-0.395639,1.61842,1
4,19,46,-2.41163,-2.41163,-1.27338,-0.395639,-0.395639,3
3,17,96,-2.96764,-2.37198,-3.41916,-2.99602,-2.37198,1
4,17,37,-1.84662,-0.381057,0.962271,-0.077702,-0.077702,2
3,18,62,-0.679847,-0.39006,-3.86868,-0.735614,-0.39006,1
2,11,68,-0.358989,0.554271,-4.27007,-1.01066,0.554271,1
4,8,34,-1.65275,-1.83409,1.42834,-0.805878,1.42834,2
3,20,83,-2.11467,-1.57182,-5.22327,-1.89942,-1.57182,1
2,10,86,-0.897934,0.0567444,-5.61978,-2.01828,0.0567444,1
4,8,71,-3.84075,-3.65871,-4.4203,-1.13959,-1.13959,3
2,3,37,3.16272,3.09613,0.962271,-0.077702,3.09613,0
3,12,53,-0.849278,0.341921,-3.24637,-0.595251,0.341921,1
4,6,69,0.450249,-1.0584,-4.38821,-0.937499,-4.38821,0
4,7,53,-0.936085,0.440867,-3.24637,-0.595251,-3.24637,1
3,15,72,-1.05823,-1.30035,-4.69937,-1.21867,-1.30035,0
3,16,73,-1.43705,-0.95318,-4.58061,-1.30758,-0.95318,1
3,3,25,2.91938,2.92692,2.04479,-0.805878,2.92692,1
3,19,76,-1.17243,-1.46849,-4.75214,-1.45125,-1.46849,0
3,3,89,-1.83432,-1.00146,-5.75042,-2.39784,-1.00146,1
3,17,66,-0.534302,-0.0305234,-4.06104,-0.806488,-0.0305234,1
4,19,76,-4.38821,-4.38821,-4.75214,-1.45125,-1.45125,3
2,18,21,4.3901,3.40635,2.59473,-0.805878,3.40635,0
1,10,65,0.254188,0.732553,-4.11009,-0.783219,0.732553,1
1,1,1,5.25763,6.5964,3,-0.805878,5.25763,1
3,5,62,0.0424085,0.0907809,-3.86868,-0.735614,0.0907809,1
3,12,44,1.20985,1.30675,-0.646582,-0.45329,1.30675,1
4,6,92,-5.14185,-5.14185,-6.43894,-2.39982,-2.39982,3
2,3,60,0.16481,1.33022,-3.62281,-0.563066,0.16481,1
3,9,66,-0.267537,-0.491151,-4.06104,-0.806488,-0.491151,0
3,14,58,-0.878179,0.307644,-3.5329,-0.497556,0.307644,1
2,19,69,-0.608183,-0.215616,-4.38821,-0.937499,-0.215616,1
2,16,36,1.69102,3.03488,1.45696,0.264588,3.03488,1
4,3,55,-1.36438,-0.967878,-3.26052,-0.458097,-0.458097,3
4,11,68,-3.77303,-3.71954,-4.27007,-1.01066,-1.01066,3
4,14,48,-2.52467,-2.52467,-2.02538,-0.386848,-0.386848,3
4,18,75,-4.27007,-4.27007,-4.90201,-1.41384,-1.41384,3
3,15,34,1.6434,2.04395,1.42834,-0.805878,2.04395,1
4,7,67,-1.77705,-0.749761,-4.33476,-0.933887,-0.933887,1
3,9,39,1.68484,1.35413,0.982003,-0.317489,1.35413,0
4,4,67,-1.70395,-2.01203,-4.33476,-0.933887,-0.933887,3
4,3,67,-2.06121,-1.4937,-4.33476,-0.933887,-0.933887,3
2,4,64,0.674529,1.07432,-3.84075,-0.813937,1.07432,1
4,1,67,-0.252748,-2.68117,-4.33476,-0.933887,-0.933887,0
2,13,69,-0.425072,-0.374414,-4.38821,-0.937499,-0.374414,1
3,16,26,2.3922,3.28547,2.08517,-0.805878,3.28547,1
2,4,60,1.22415,1.34183,-3.62281,-0.563066,1.34183,1
1,11,26,3.46976,3.76853,2.08517,-0.805878,3.76853,1
2,10,42,1.76592,2.83133,-0.0637023,-0.353411,2.83133,1
4,8,67,-3.5489,-2.43394,-4.33476,-0.933887,-0.933887,3
1,11,90,-0.496391,-0.806469,-6.05291,-2.36134,-0.806469,0
1,8,62,0.966973,0.563189,-3.86868,-0.735614,0.563189,0
4,10,69,-3.77303,-2.59309,-4.38821,-0.937499,-0.937499,3
4,19,81,-4.86797,-4.86797,-4.70389,-1.77463,-1.77463,3
3,19,41,-0.273916,1.01584,0.201755,-0.28101,1.01584,1
3,17,97,-2.51788,-2.48859,-3.41916,-2.81209,-2.51788,1
4,17,36,-1.77946,-0.325093,1.45696,0.264588,0.264588,2
3,18,63,-0.540302,-0.0859233,-4.03562,-0.692524,-0.0859233,1
2,11,67,-0.468684,0.51713,-4.33476,-0.933887,0.51713,1
4,1,26,3.4161,-0.14678,2.08517,-0.805878,-0.240925,0
4,8,45,-2.61941,-1.45668,-0.989663,-0.351506,-0.989663,3
3,20,82,-2.04963,-1.80802,-5.04662,-1.89873,-1.80802,1
2,10,85,-0.347661,-1.02815,-5.14185,-2.10808,-1.02815,0
4,8,70,-3.68015,-2.71169,-4.23657,-1.06699,-1.06699,3
2,9,14,3.69389,4.13105,2.79075,-0.805878,4.13105,1
2,3,36,3.21791,2.93297,1.45696,0.264588,2.93297,0
3,12,52,-0.734891,0.290596,-3.16282,-0.404636,0.290596,1
4,6,68,0.401253,-0.952033,-4.27007,-1.01066,-4.27007,0
4,7,36,-1.77946,-0.792014,1.45696,0.264588,1.45696,2
3,15,71,-0.961932,-1.15456,-4.4203,-1.13959,-1.15456,0
3,16,72,-1.05903,-1.06069,-4.69937,-1.21867,-1.06069,0
1,10,78,-0.188183,-0.185944,-4.65291,-1.66623,-0.185944,1
1,1,2,6.46125,6.74288,2.95846,-0.805878,6.74288,1
1,9,66,0.443702,1.43667,-4.06104,-0.806488,1.43667,1
2,18,22,4.42798,3.31476,2.39276,-0.805878,3.31476,0
3,5,61,0.117647,0.256559,-3.77303,-0.607646,0.256559,1
3,1,43,2.24788,1.11418,-0.351569,-0.382527,1.11418,0
3,7,63,-1.5851,-0.935188,-4.03562,-0.692524,-0.935188,3
2,3,97,-0.846924,-0.654655,-3.41916,-2.81209,-0.654655,1
3,14,53,-0.378428,-0.22421,-3.24637,-0.595251,-0.22421,1
2,19,66,-0.31851,-0.101808,-4.06104,-0.806488,-0.101808,1
2,16,59,-0.0405874,-0.147869,-3.59803,-0.651593,-0.147869,0
4,3,12,-0.355257,6.70168,2.93608,-0.805878,2.93608,1
4,11,67,-3.62281,-3.577,-4.33476,-0.933887,-0.933887,3
4,14,51,-2.78547,-1.35498,-3.03783,-0.448822,-0.448822,3
4,18,74,-4.33476,-4.33476,-4.86797,-1.45906,-1.45906,3
3,9,36,2.24737,3.66414,1.45696,0.264588,3.66414,1
4,4,66,-1.67968,-1.96651,-4.06104,-0.806488,-4.06104,3
4,3,66,-2.04629,-1.47236,-4.06104,-0.806488,-0.806488,3
3,1,7,3.64953,4.77393,2.92731,-0.805878,4.77393,1
3,7,43,0.704256,1.40804,-0.351569,-0.382527,1.40804,1
4,11,83,-4.75214,-4.72236,-5.22327,-1.89942,-1.89942,3
4,2,66,-1.80983,-1.25212,-4.06104,-0.806488,-0.806488,3
2,4,65,0.859545,0.786771,-4.11009,-0.783219,0.786771,0
4,1,66,-0.227134,-2.67137,-4.06104,-0.806488,-2.3283,0
2,13,68,-0.43,-0.0311348,-4.27007,-1.01066,-0.0311348,1
2,1,56,1.30499,0.341728,-3.43957,-0.474568,0.341728,0
4,19,62,-3.26052,-3.28287,-3.86868,-0.735614,-0.735614,3
3,19,62,-0.774937,-0.497414,-3.86868,-0.735614,-0.497414,1
2,2,57,1.05513,0.851493,-3.55909,-0.534181,0.851493,0
4,4,98,-6.29331,-6.29331,-3.41916,-3.12829,-3.12829,3
3,9,68,-1.45617,-1.62539,-4.27007,-1.01066,-1.62539,3
4,20,26,-1.12974,-1.12974,2.08517,-0.805878,2.08517,2
1,5,66,1.16643,1.22056,-4.06104,-0.806488,1.22056,1
1,16,42,3.12957,2.30272,-0.0637023,-0.353411,2.30272,0
3,20,88,-2.00681,-2.12541,-5.55605,-2.24038,-2.12541,0
1,11,27,3.68095,3.61723,1.79261,-0.805878,3.61723,0
2,10,41,1.95137,3.21842,0.201755,-0.28101,1.95137,1
4,8,66,-3.43305,-2.17578,-4.06104,-0.806488,-0.806488,3
1,11,91,-0.522957,-0.794163,-6.29331,-2.45927,-0.522957,0
1,8,63,0.998951,0.481095,-4.03562,-0.692524,0.481095,0
4,16,59,-3.16282,-2.70921,-3.59803,-0.651593,-0.651593,3
4,10,68,-3.62281,-2.49497,-4.27007,-1.01066,-1.01066,3
4,17,39,-1.93459,-1.71981,0.982003,-0.317489,-0.317489,2
3,18,60,-0.503309,-0.0657849,-3.62281,-0.563066,-0.0657849,1
2,11,66,-0.242361,0.474956,-4.06104,-0.806488,0.474956,1
4,1,27,3.42154,-0.176168,1.79261,-0.805878,3.42154,0
4,8,44,-2.26409,-0.0101681,-0.646582,-0.45329,-0.646582,1
2,10,80,-0.135626,-1.4604,-4.82344,-1.66435,-1.4604,0
4,8,69,-3.63092,-2.65465,-4.38821,-0.937499,-0.937499,3
1,11,92,-0.548668,-0.878603,-6.43894,-2.39982,-0.878603,0
4,16,58,-3.03783,-2.6739,-3.5329,-0.497556,-0.497556,3
1,8,56,1.80784,1.25822,-3.43957,-0.474568,1.80784,0
4,10,71,-3.84075,-3.83819,-4.4203,-1.13959,-1.13959,3
3,17,39,1.24861,1.55375,0.982003,-0.317489,1.55375,1
3,3,58,-0.661631,1.25061,-3.5329,-0.497556,1.25061,1
1,11,83,-0.314177,-1.35262,-5.22327,-1.89942,-1.35262,0
1,8,55,1.77348,1.38937,-3.26052,-0.458097,1.38937,0
4,16,51,-2.78547,-2.18101,-3.03783,-0.448822,-0.448822,3
4,10,76,-4.38821,-4.24223,-4.75214,-1.45125,-1.45125,3
4,7,39,-1.93459,0.034692,0.982003,-0.317489,0.982003,2
3,15,70,-1.03228,-1.65446,-4.23657,-1.06699,-1.65446,0
3,16,71,-0.952611,-1.21111,-4.4203,-1.13959,-1.21111,0
1,10,79,-0.283106,-0.2774,-4.30456,-1.7295,-0.283106,1
1,1,3,5.65226,5.65827,3,-0.805878,5.65827,1
1,9,67,0.272224,1.30523,-4.33476,-0.933887,1.30523,1
2,18,23,4.62755,3.35336,2.09672,-0.805878,3.35336,0
3,5,60,0.0537709,0.253341,-3.62281,-0.563066,0.253341,1
3,1,42,2.37497,1.33928,-0.0637023,-0.353411,1.33928,0
3,7,62,-2.22715,-1.57704,-3.86868,-0.735614,-1.57704,3
3,12,46,0.4213,0.519122,-1.27338,-0.395639,0.519122,1
4,6,66,0.798586,-0.778365,-4.06104,-0.806488,-0.806488,0
2,3,62,-0.121614,1.26898,-3.86868,-0.735614,1.26898,1
3,9,64,-0.686767,-0.327384,-3.84075,-0.813937,-0.327384,1
1,5,78,-0.169926,-0.0117257,-4.65291,-1.66623,-0.169926,1
1,16,46,2.77558,2.60959,-1.27338,-0.395639,2.60959,0
1,6,12,4.27728,4.74179,2.93608,-0.805878,4.74179,1
3,14,56,-0.986807,-0.430259,-3.43957,-0.474568,-0.430259,1
2,19,71,-0.880364,-1.13194,-4.4203,-1.13959,-1.13194,0
3,14,91,-2.13944,-1.88987,-6.29331,-2.45927,-1.88987,1
2,19,36,2.35667,2.3371,1.45696,0.264588,2.3371,0
3,11,66,-0.968023,-0.55727,-4.06104,-0.806488,-0.55727,1
2,16,68,-0.510081,-1.06782,-4.27007,-1.01066,-1.06782,0
3,13,68,-0.560542,-0.795184,-4.27007,-1.01066,-0.795184,0
2,16,58,0.0323228,-0.23383,-3.5329,-0.497556,-0.23383,0
4,3,13,-0.496319,1.28748,2.91513,-0.805878,2.91513,2
4,11,66,-3.59803,-3.51365,-4.06104,-0.806488,-0.806488,3
3,20,26,2.04479,3.1846,2.08517,-0.805878,3.1846,1
4,14,54,-2.99027,-1.481,-3.28628,-0.56961,-0.56961,3
4,18,73,-4.06104,-4.06104,-4.58061,-1.30758,-1.30758,3
2,3,57,0.157682,1.25108,-3.55909,-0.534181,1.25108,1
3,9,33,2.35534,3.7,1.60775,-0.805878,3.7,1
4,4,65,-1.50726,-1.89493,-4.11009,-0.783219,-0.783219,3
4,3,65,-2.0247,-1.42255,-4.11009,-0.783219,-4.11009,3
2,4,70,0.804706,0.510546,-4.23657,-1.06699,0.510546,0
4,1,65,-0.246794,-2.56004,-4.11009,-0.783219,-1.67163,0
2,13,67,-0.437903,-0.369133,-4.33476,-0.933887,-0.369133,1
2,1,55,1.22089,0.316102,-3.26052,-0.458097,0.316102,0
4,19,63,-3.43957,-3.39808,-4.03562,-0.692524,-0.692524,3
3,19,63,-1.03581,-0.536302,-4.03562,-0.692524,-0.536302,1
2,2,56,0.976343,1.10784,-3.43957,-0.474568,0.976343,1
4,4,97,-6.05291,-6.05291,-3.41916,-2.81209,-2.81209,3
3,9,65,-1.06568,-1.76916,-4.11009,-0.783219,-1.76916,3
4,20,25,-1.10732,-1.10732,2.04479,-0.805878,2.04479,2
3,16,28,2.14786,1.98375,1.70711,-0.805878,1.98375,0
2,4,58,1.1668,1.20521,-3.5329,-0.497556,1.20521,1
3,20,89,-1.79107,-2.28767,-5.75042,-2.39784,-2.28767,0
1,14,52,0.598979,1.0389,-3.16282,-0.404636,0.598979,1
2,6,46,1.50801,2.68882,-1.27338,-0.395639,2.68882,1
2,8,62,0.156872,-0.300773,-3.86868,-0.735614,-0.300773,0
3,4,63,-0.35181,-0.755079,-4.03562,-0.692524,-0.755079,0
2,3,23,3.94963,4.20597,2.09672,-0.805878,4.20597,1
2,9,63,-0.28627,0.0012253,-4.03562,-0.692524,0.0012253,1
3,20,77,-1.14481,-1.32151,-4.67517,-1.58996,-1.32151,0
1,11,24,3.4688,3.56516,2.20454,-0.805878,3.56516,1
2,10,84,-0.567581,-1.13436,-5.35927,-2.00544,-0.567581,0
4,8,65,-3.33946,-2.24933,-4.11009,-0.783219,-2.24933,3
4,7,40,-2.00091,-0.182097,0.424054,-0.32524,0.424054,2
3,15,75,-1.22296,-1.35119,-4.90201,-1.41384,-1.35119,0
1,11,88,-0.437618,-0.648754,-5.55605,-2.24038,-0.648754,0
1,8,60,0.928482,0.553662,-3.62281,-0.563066,0.553662,0
4,10,67,-3.59803,-2.37511,-4.33476,-0.933887,-0.933887,3
4,17,38,-1.89425,-0.420747,0.671689,-0.230343,0.671689,2
3,18,61,-0.695232,-0.214675,-3.77303,-0.607646,-0.214675,1
2,11,65,-0.261855,0.52047,-4.11009,-0.783219,0.52047,1
4,8,63,-3.23598,-1.99208,-4.03562,-0.692524,-0.692524,3
3,7,91,-1.45109,-1.91029,-6.29331,-2.45927,-1.91029,0
3,1,55,0.331077,-0.613697,-3.26052,-0.458097,-0.613697,0
2,10,87,-0.852702,-0.193918,-5.60239,-2.09737,-0.193918,1
4,8,68,-3.55974,-2.54164,-4.27007,-1.01066,-1.01066,3
4,16,76,-4.38821,-4.38821,-4.75214,-1.45125,-1.45125,3
4,7,38,-1.89425,-0.990432,0.671689,-0.230343,0.671689,2
3,15,69,-0.991653,-1.45728,-4.38821,-0.937499,-1.45728,3
3,16,70,-0.834288,-1.04232,-4.23657,-1.06699,-1.04232,0
1,3,82,-0.0590128,-0.3851,-5.04662,-1.89873,-0.3851,0
4,17,94,-5.60239,-5.60239,-3.41916,-2.55553,-2.55553,3
2,11,57,0.59644,1.10018,-3.55909,-0.534181,1.10018,1
3,3,4,1.76737,4.34859,2.97261,-0.805878,4.34859,1
3,19,73,-1.23753,-0.948379,-4.58061,-1.30758,-0.948379,1
1,10,68,0.109876,0.618631,-4.27007,-1.01066,0.618631,1
1,1,28,3.87111,4.0721,1.70711,-0.805878,4.0721,1
2,18,24,2.99907,2.3926,2.20454,-0.805878,2.3926,0
3,5,59,0.0300717,-0.695966,-3.59803,-0.651593,-0.695966,0
3,1,41,3.16347,2.18002,0.201755,-0.28101,2.18002,0
3,7,61,-1.63269,-1.17188,-3.77303,-0.607646,-1.17188,3
1,5,77,0.029866,0.175472,-4.67517,-1.58996,0.175472,1
1,16,41,3.30953,2.27413,0.201755,-0.28101,2.27413,0
1,6,13,4.84354,5.2897,2.91513,-0.805878,5.2897,1
3,14,59,-0.0865729,0.256865,-3.59803,-0.651593,0.256865,1
2,19,68,-0.539305,-0.276248,-4.27007,-1.01066,-0.276248,1
3,11,67,-1.52943,-0.649352,-4.33476,-0.933887,-0.649352,1
2,16,69,-0.25378,-1.10981,-4.38821,-0.937499,-1.10981,0
3,13,67,-1.82328,-1.43253,-4.33476,-0.933887,-1.43253,3
2,16,57,0.234871,-0.0673241,-3.55909,-0.534181,-0.0673241,0
4,3,50,-0.917243,-1.10053,-2.70986,-0.510597,-0.628553,3
4,11,65,-3.5329,-3.47125,-4.11009,-0.783219,-0.783219,3
4,14,49,-2.61941,-2.61941,-2.3856,-0.416188,-2.3856,3
4,18,72,-4.11009,-4.11009,-4.69937,-1.21867,-1.21867,3
3,15,35,1.6638,1.99786,1.44812,-0.805878,1.99786,1
4,7,64,-1.8754,-0.451315,-3.84075,-0.813937,-0.813937,1
2,3,56,0.884403,1.51526,-3.43957,-0.474568,1.51526,1
3,9,38,1.94985,3.22211,0.671689,-0.230343,3.22211,1
4,4,64,-1.37839,-1.956,-3.84075,-0.813937,-0.813937,3
4,3,64,-1.96013,-1.47852,-3.84075,-0.813937,-1.47852,3
2,4,71,0.180419,0.499101,-4.4203,-1.13959,0.499101,1
4,1,64,-0.137698,-2.54535,-3.84075,-0.813937,-2.19897,0
2,13,66,-0.315747,-0.317606,-4.06104,-0.806488,-0.317606,0
2,1,54,1.16172,0.962736,-3.28628,-0.56961,1.16172,0
2,2,55,1.18963,1.30058,-3.26052,-0.458097,1.30058,1
4,20,24,-1.02966,-1.02966,2.20454,-0.805878,2.20454,2
3,16,31,1.83045,1.80323,1.72456,-0.805878,1.80323,0
2,4,57,1.69101,1.52339,-3.55909,-0.534181,1.52339,0
3,20,94,-2.15874,-2.51413,-3.41916,-2.55553,-2.51413,0
2,6,47,0.939788,2.42553,-1.66582,-0.377744,2.42553,1
1,14,53,0.269481,0.761486,-3.24637,-0.595251,0.761486,1
2,8,61,0.396055,-0.0704132,-3.77303,-0.607646,-0.0704132,0
3,4,62,0.285968,-0.00589736,-3.86868,-0.735614,-0.00589736,0
2,3,20,4.25617,3.94916,2.55099,-0.805878,3.94916,0
2,9,62,0.0998324,0.404457,-3.86868,-0.735614,0.404457,1
4,17,41,-2.08792,-1.84976,0.201755,-0.28101,-0.28101,2
3,18,50,-0.425764,0.722331,-2.70986,-0.510597,0.722331,1
2,11,64,-0.138998,0.794637,-3.84075,-0.813937,0.794637,1
4,8,62,-3.17285,-1.85365,-3.86868,-0.735614,-0.735614,3
3,7,90,-2.01668,-1.66084,-6.05291,-2.36134,-1.66084,1
3,1,54,0.74587,0.124114,-3.28628,-0.56961,0.74587,0
4,19,84,-4.67517,-4.67517,-5.35927,-2.00544,-2.00544,3
3,19,36,1.48521,1.79614,1.45696,0.264588,1.79614,1
3,3,97,-2.17698,-1.15287,-3.41916,-2.81209,-1.15287,1
3,10,63,-0.469114,0.414384,-4.03562,-0.692524,0.414384,1
2,7,60,1.5397,-0.594289,-3.62281,-0.563066,-0.594289,0
2,12,65,0.166925,-0.0817115,-4.11009,-0.783219,-0.0817115,0
1,11,81,-0.71727,-1.60223,-4.70389,-1.77463,-1.60223,0
4,16,61,-3.28628,-2.84656,-3.77303,-0.607646,-0.607646,3
1,8,53,1.85264,1.90452,-3.24637,-0.595251,1.90452,1
4,10,74,-4.33476,-4.03247,-4.86797,-1.45906,-1.45906,3
4,7,33,-1.57416,-0.743885,1.60775,-0.805878,1.60775,2
3,15,68,-0.834569,-1.43432,-4.27007,-1.01066,-1.43432,0
3,16,69,-0.76477,-0.750399,-4.38821,-0.937499,-0.750399,1
1,3,85,-0.203743,-0.564746,-5.14185,-2.10808,-0.564746,0
4,17,95,-5.55605,-5.55605,-3.41916,-2.85377,-2.85377,3
2,11,58,0.435164,0.962435,-3.5329,-0.497556,0.962435,1
3,3,93,-1.80346,-1.10457,-3.41916,-2.51688,-1.10457,1
3,17,70,-1.62179,-0.00504945,-4.23657,-1.06699,-0.00504945,1
4,19,72,-4.11009,-4.11009,-4.69937,-1.21867,-1.21867,3
1,10,69,-0.15829,0.418839,-4.38821,-0.937499,0.418839,1
1,1,29,3.77374,3.67143,1.67657,-0.805878,3.67143,0
2,18,25,2.55858,2.08748,2.04479,-0.805878,2.08748,0
3,5,58,0.314245,-0.825155,-3.5329,-0.497556,-0.825155,0
3,1,40,2.75451,1.47861,0.424054,-0.32524,1.47861,0
3,7,60,-0.915681,-0.928909,-3.62281,-0.563066,-0.928909,3
1,5,72,0.0669254,0.610572,-4.69937,-1.21867,0.610572,1
1,16,44,2.86823,2.20338,-0.646582,-0.45329,2.20338,0
1,6,14,4.51841,5.25625,2.79075,-0.805878,5.25625,1
3,14,62,-0.752443,-0.0990539,-3.86868,-0.735614,-0.0990539,1
2,19,73,-0.386402,-1.1638,-4.58061,-1.30758,-1.1638,0
2,16,56,0.129825,0.104983,-3.43957,-0.474568,0.104983,0
4,3,51,-1.1751,-0.660339,-3.03783,-0.448822,-0.448822,3
4,11,64,-3.55909,-3.48091,-3.84075,-0.813937,-0.813937,3
4,18,71,-3.84075,-3.84075,-4.4203,-1.13959,-1.13959,3
2,18,72,-1.17722,-0.560906,-4.69937,-1.21867,-0.560906,1
1,20,92,-1.82934,-1.47374,-6.43894,-2.39982,-1.47374,1
4,14,24,-1.02966,0.354551,2.20454,-0.805878,2.20454,2
4,6,63,1.0796,-0.526767,-4.03562,-0.692524,-0.692524,0
3,9,43,0.37357,0.392286,-0.351569,-0.382527,0.392286,1
4,4,63,-1.33178,-1.82268,-4.03562,-0.692524,-4.03562,3
4,2,65,-1.78483,-1.18755,-4.11009,-0.783219,-4.11009,3
4,11,76,-4.38821,-4.15823,-4.75214,-1.45125,-1.45125,3
2,16,44,1.62272,1.88552,-0.646582,-0.45329,1.88552,1
4,3,63,-1.85064,-1.40667,-4.03562,-0.692524,-4.03562,3
2,13,65,-0.629204,-0.318791,-4.11009,-0.783219,-0.318791,1
4,20,23,-0.967684,-0.967684,2.09672,-0.805878,2.09672,2
3,20,95,-2.17362,-2.64576,-3.41916,-2.85377,-2.64576,0
2,6,44,1.90334,2.63458,-0.646582,-0.45329,2.63458,1
1,14,54,0.510281,1.09056,-3.28628,-0.56961,1.09056,1
2,8,60,0.0357051,-0.366776,-3.62281,-0.563066,-0.366776,0
1,3,88,-0.3616,-0.288845,-5.55605,-2.24038,-0.288845,1
4,17,88,-4.70389,-4.70389,-5.55605,-2.24038,-2.24038,3
2,11,63,-0.0830743,0.518252,-4.03562,-0.692524,0.518252,1
4,8,57,-2.98224,-1.48751,-3.55909,-0.534181,-3.55909,3
3,7,89,-1.42465,-1.76897,-5.75042,-2.39784,-1.76897,0
3,1,53,0.199071,-0.433358,-3.24637,-0.595251,0.199071,0
3,10,62,-1.15971,0.134935,-3.86868,-0.735614,0.134935,1
2,7,61,1.41829,-0.739665,-3.77303,-0.607646,-0.739665,0
2,12,64,0.264453,-0.652825,-3.84075,-0.813937,-0.652825,0
1,10,66,0.360832,0.790456,-4.06104,-0.806488,0.790456,1
1,1,30,3.73212,3.91607,1.53923,-0.805878,3.91607,1
2,18,26,2.55012,2.26793,2.08517,-0.805878,2.26793,0
3,5,57,-0.843634,-0.837105,-3.55909,-0.534181,-0.837105,3
3,3,14,4.0768,5.02409,2.79075,-0.805878,5.02409,1
3,19,71,-1.12285,-1.07159,-4.4203,-1.13959,-1.12285,1
2,5,50,2.4391,1.66984,-2.70986,-0.510597,1.66984,0
4,20,81,-4.86797,-4.86797,-4.70389,-1.77463,-1.77463,3
2,17,70,-0.59651,-0.224956,-4.23657,-1.06699,-0.59651,1
4,19,27,-1.19634,-1.19634,1.79261,-0.805878,1.79261,2
1,12,64,-0.0960097,0.0278131,-3.84075,-0.813937,0.0278131,1
4,15,80,-4.58061,-2.36662,-4.82344,-1.66435,-1.66435,3
3,1,23,2.94455,2.22528,2.09672,-0.805878,2.22528,0
3,7,59,-2.67842,-2.57305,-3.59803,-0.651593,-2.57305,3
1,11,80,-0.213053,-1.15089,-4.82344,-1.66435,-1.15089,0
4,16,62,-3.26052,-2.94807,-3.86868,-0.735614,-0.735614,3
1,8,52,1.92363,1.71278,-3.16282,-0.404636,1.71278,0
4,10,75,-4.27007,-4.07775,-4.90201,-1.41384,-1.41384,3
4,7,32,-1.51638,-0.698678,1.7249,-0.805878,1.7249,2
3,15,67,-0.885888,-1.70998,-4.33476,-0.933887,-1.70998,0
4,18,70,-4.03562,-3.10415,-4.23657,-1.06699,-1.06699,3
1,5,79,-0.23334,0.122238,-4.30456,-1.7295,0.122238,1
1,16,47,2.31014,2.25274,-1.66582,-0.377744,2.25274,0
1,6,15,5.28328,5.30911,2.8676,-0.805878,5.30911,1
3,14,57,-0.896313,-0.47573,-3.55909,-0.534181,-0.47573,1
2,19,70,-0.612,-0.314722,-4.23657,-1.06699,-0.314722,1
3,16,68,-0.963192,-0.608316,-4.27007,-1.01066,-0.608316,1
2,16,63,-0.24886,-0.490951,-4.03562,-0.692524,-0.490951,0
4,3,8,2.70043,2.09097,2.93668,-0.805878,2.93668,2
4,11,63,-3.43957,-3.37038,-4.03562,-0.692524,-0.692524,3
3,18,27,2.0993,2.84646,1.79261,-0.805878,2.84646,1
2,11,39,3.4235,2.31293,0.982003,-0.317489,2.31293,0
1,3,80,0.0690912,-0.311729,-4.82344,-1.66435,-0.311729,0
4,17,64,-3.55909,-2.34149,-3.84075,-0.813937,-0.813937,3
3,9,40,1.11417,0.40491,0.424054,-0.32524,0.40491,0
4,4,62,-1.25914,-1.69805,-3.86868,-0.735614,-1.69805,3
4,2,64,-1.79534,-1.1349,-3.84075,-0.813937,-0.974418,3
4,11,77,-4.23657,-4.24035,-4.67517,-1.58996,-1.58996,3
2,16,45,1.00025,2.87413,-0.989663,-0.351506,2.87413,1
4,3,62,-1.72564,-1.25616,-3.86868,-0.735614,-1.25616,3
2,13,64,-0.296809,0.0438897,-3.84075,-0.813937,0.0438897,1
4,20,30,-1.41916,-1.41916,1.53923,-0.805878,1.53923,2
3,16,17,2.91247,2.18197,2.67763,-0.805878,2.18197,0
2,4,55,1.24605,1.27968,-3.26052,-0.458097,1.27968,1
3,20,92,-2.03324,-2.35417,-6.43894,-2.39982,-2.35417,0
2,6,45,1.21388,2.68691,-0.989663,-0.351506,1.21388,1
1,14,55,0.391447,0.950665,-3.26052,-0.458097,0.950665,1
2,8,59,0.455203,-0.146681,-3.59803,-0.651593,-0.146681,0
1,3,89,-0.399192,-0.435934,-5.75042,-2.39784,-0.435934,0
4,17,91,-5.35927,-5.35927,-6.29331,-2.45927,-2.45927,3
2,11,62,-0.00447886,0.711589,-3.86868,-0.735614,0.711589,1
4,8,56,-2.91895,-1.50353,-3.43957,-0.474568,-0.474568,3
3,7,88,-1.55184,-1.73695,-5.55605,-2.24038,-1.73695,0
3,1,52,0.56385,0.322669,-3.16282,-0.404636,0.322669,0
4,19,82,-4.90201,-4.90201,-5.04662,-1.89873,-1.89873,3
3,19,42,-0.321364,1.06378,-0.0637023,-0.353411,1.06378,1
3,3,99,-2.34254,-1.08,-3.41916,-3.35117,-1.08,1
3,10,61,-0.999896,-0.0743741,-3.77303,-0.607646,-0.0743741,1
3,2,56,0.140314,0.980874,-3.43957,-0.474568,0.980874,1
3,4,55,0.254039,0.0654081,-3.26052,-0.458097,0.0654081,0
1,10,67,0.249491,0.59275,-4.33476,-0.933887,0.59275,1
1,1,31,3.40049,3.905,1.72456,-0.805878,3.905,1
2,18,27,2.88939,2.09729,1.79261,-0.805878,2.09729,0
3,5,56,-0.129532,-0.73044,-3.43957,-0.474568,-0.73044,0
3,2,53,0.475397,1.22083,-3.24637,-0.595251,1.22083,1
4,16,81,-4.86797,-4.86797,-4.70389,-1.77463,-1.77463,3
3,3,15,3.90055,3.38479,2.8676,-0.805878,3.38479,0
3,19,70,-1.14987,-1.02649,-4.23657,-1.06699,-1.02649,1
4,19,26,-1.12974,-1.12974,2.08517,-0.805878,2.08517,2
1,12,79,-0.400822,0.0290362,-4.30456,-1.7295,0.0290362,1
4,15,81,-4.86797,-2.5101,-4.70389,-1.77463,-1.77463,3
3,1,22,2.71208,2.10794,2.39276,-0.805878,2.10794,0
3,7,58,-1.21833,-1.81229,-3.5329,-0.497556,-1.81229,3
1,17,18,4.00259,4.62884,2.65786,-0.805878,4.62884,1
3,17,83,-2.38194,-2.02007,-5.22327,-1.89942,-2.02007,3
3,3,54,0.277914,1.89784,-3.28628,-0.56961,1.89784,1
2,16,64,-0.121156,-0.566022,-3.84075,-0.813937,-0.566022,0
3,13,64,-1.51018,-0.770572,-3.84075,-0.813937,-0.770572,1
1,11,95,-0.696656,-1.04446,-3.41916,-2.85377,-1.04446,0
4,16,63,-3.43957,-3.02859,-4.03562,-0.692524,-0.692524,3
1,8,59,1.22331,0.949388,-3.59803,-0.651593,0.949388,0
4,10,72,-4.11009,-3.95578,-4.69937,-1.21867,-1.21867,3
4,7,35,-1.73068,-0.711115,1.44812,-0.805878,1.44812,2
3,15,66,-0.54544,-1.2459,-4.06104,-0.806488,-1.2459,0
1,3,13,5.0731,5.52751,2.91513,-0.805878,5.52751,1
2,6,31,3.37246,3.16158,1.72456,-0.805878,3.16158,0
2,8,13,4.61551,5.08618,2.91513,-0.805878,5.08618,1
4,18,69,-3.86868,-3.01801,-4.38821,-0.937499,-0.937499,3
3,12,63,-1.07076,-0.436678,-4.03562,-0.692524,-0.436678,1
3,16,67,-1.03,-0.614045,-4.33476,-0.933887,-0.614045,1
2,16,62,-0.132262,-0.353663,-3.86868,-0.735614,-0.353663,0
4,3,9,-0.272534,-0.323307,2.89122,-0.805878,2.89122,2
4,11,62,-3.26052,-3.20485,-3.86868,-0.735614,-0.735614,3
1,3,83,-0.127844,-0.417965,-5.22327,-1.89942,-0.417965,0
4,17,65,-3.5329,-2.3374,-4.11009,-0.783219,-0.783219,3
3,18,26,2.10906,2.81183,2.08517,-0.805878,2.81183,1
2,11,56,0.496812,1.39107,-3.43957,-0.474568,1.39107,1
3,3,91,-2.38032,-1.05656,-6.29331,-2.45927,-1.05656,1
4,19,74,-4.33476,-4.33476,-4.86797,-1.45906,-1.45906,3
3,17,68,-0.731245,-0.226963,-4.27007,-1.01066,-0.226963,1
3,9,21,2.92054,3.74091,2.59473,-0.805878,3.74091,1
4,4,61,-1.14789,-1.68043,-3.77303,-0.607646,-0.607646,3
4,2,67,-1.839,-1.33278,-4.33476,-0.933887,-1.08092,3
4,11,82,-4.90201,-4.58947,-5.04662,-1.89873,-1.89873,3
2,16,42,1.71405,2.08706,-0.0637023,-0.353411,2.08706,1
4,3,61,-1.67564,-1.25378,-3.77303,-0.607646,-0.822925,3
2,12,32,2.2847,2.75625,1.7249,-0.805878,2.75625,1
1,1,52,1.24109,1.87996,-3.16282,-0.404636,1.87996,1
1,10,60,0.462397,0.96919,-3.62281,-0.563066,0.96919,1
2,13,63,-0.133225,0.238262,-4.03562,-0.692524,0.238262,1
2,1,51,1.17275,1.14448,-3.03783,-0.448822,1.14448,0
4,20,29,-1.34672,-1.34672,1.67657,-0.805878,1.67657,2
3,16,16,2.8676,1.9231,2.59926,-0.805878,1.9231,0
2,4,54,1.49169,1.25412,-3.28628,-0.56961,1.49169,0
3,20,93,-2.32237,-2.9859,-3.41916,-2.51688,-2.9859,0
2,6,42,1.79185,2.69677,-0.0637023,-0.353411,2.69677,1
1,14,56,0.373872,0.805749,-3.43957,-0.474568,0.805749,1
2,8,58,0.731271,-0.211634,-3.5329,-0.497556,-0.211634,0
1,3,86,-0.396165,-0.22198,-5.61978,-2.01828,-0.22198,1
4,17,90,-5.22327,-5.22327,-6.05291,-2.36134,-2.36134,3
2,11,61,0.111347,0.839398,-3.77303,-0.607646,0.839398,1
4,8,59,-3.03076,-1.7866,-3.59803,-0.651593,-1.7866,3
3,7,71,-1.13486,-1.01159,-4.4203,-1.13959,-1.01159,1
3,1,51,0.465749,0.293735,-3.03783,-0.448822,0.293735,0
3,10,60,-0.172437,0.226211,-3.62281,-0.563066,0.226211,1
3,2,57,-0.00710983,-0.0104924,-3.55909,-0.534181,-0.0104924,0
3,4,54,-0.416564,0.0542804,-3.28628,-0.56961,0.0542804,1
1,10,88,-0.52001,0.347422,-5.55605,-2.24038,-0.52001,1
1,1,24,4.14599,4.10149,2.20454,-0.805878,4.10149,0
2,18,28,2.59977,2.19308,1.70711,-0.805878,2.19308,0
3,5,55,0.312595,0.251299,-3.26052,-0.458097,0.251299,0
3,2,52,0.258496,1.37424,-3.16282,-0.404636,1.37424,1
3,1,21,2.96193,2.21518,2.59473,-0.805878,2.21518,0
3,7,57,-1.4393,-1.81809,-3.55909,-0.534181,-1.81809,3
1,17,29,3.66866,3.12006,1.67657,-0.805878,3.12006,0
4,15,78,-4.4203,-2.20266,-4.65291,-1.66623,-1.66623,3
3,13,63,-0.446202,-0.704753,-4.03562,-0.692524,-0.704753,0
1,11,94,-0.677725,-1.07879,-3.41916,-2.55553,-1.07879,0
4,16,56,-3.03023,-2.49628,-3.43957,-0.474568,-0.474568,3
1,8,58,1.38672,0.976053,-3.5329,-0.497556,0.976053,0
4,10,73,-4.06104,-3.91423,-4.58061,-1.30758,-1.30758,3
4,7,34,-1.65275,-0.739146,1.42834,-0.805878,1.42834,2
3,15,65,-0.576955,-1.04253,-4.11009,-0.783219,-1.04253,0
1,3,10,5.46775,5.59528,2.9161,-0.805878,5.59528,1
2,6,30,3.58369,3.2809,1.53923,-0.805878,3.2809,0
2,8,14,4.19949,3.84313,2.79075,-0.805878,3.84313,0
4,18,68,-3.77303,-2.93859,-4.27007,-1.01066,-1.01066,3
3,12,62,-0.620491,-0.410187,-3.86868,-0.735614,-0.410187,1
3,16,66,-0.633369,-0.84715,-4.06104,-0.806488,-0.84715,0
2,16,61,0.179956,-0.242655,-3.77303,-0.607646,-0.242655,0
4,3,14,0.998965,5.32805,2.79075,-0.805878,1.23877,1
4,11,61,-3.28628,-3.20944,-3.77303,-0.607646,-0.607646,3
3,18,25,2.25045,1.50367,2.04479,-0.805878,1.50367,0
2,11,37,2.50001,2.86054,0.962271,-0.077702,2.86054,1
1,3,78,0.263166,-0.111264,-4.65291,-1.66623,-0.111264,0
4,17,66,-3.59803,-2.41672,-4.06104,-0.806488,-0.806488,3
4,13,63,-3.43957,-2.73918,-4.03562,-0.692524,-0.692524,3
2,16,43,1.71224,2.01003,-0.351569,-0.382527,2.01003,1
4,3,60,-1.78841,-1.12414,-3.62281,-0.563066,-0.563066,3
2,13,62,-0.397907,0.0690265,-3.86868,-0.735614,0.0690265,1
2,1,50,1.35248,1.54312,-2.70986,-0.510597,1.54312,1
4,20,28,-1.27956,-1.27956,1.70711,-0.805878,1.70711,2
1,3,87,-0.309109,-0.260712,-5.60239,-2.09737,-0.260712,1
4,17,93,-5.61978,-5.61978,-3.41916,-2.51688,-2.51688,3
2,11,60,0.125503,1.17531,-3.62281,-0.563066,1.17531,1
4,8,58,-3.00595,-1.71479,-3.5329,-0.497556,-0.497556,3
3,7,70,-1.87453,-1.32254,-4.23657,-1.06699,-1.87453,3
3,1,50,1.30477,2.09603,-2.70986,-0.510597,2.09603,1
3,10,59,-1.35042,0.00275758,-3.59803,-0.651593,0.00275758,1
1,5,56,1.50946,1.97491,-3.43957,-0.474568,1.97491,1
1,1,39,2.70456,2.76549,0.982003,-0.317489,2.76549,1
1,10,43,1.65503,2.4018,-0.351569,-0.382527,2.4018,1
2,12,61,0.475767,-0.220791,-3.77303,-0.607646,-0.220791,0
2,18,29,2.86792,1.90624,1.67657,-0.805878,1.90624,0
3,5,54,-0.280257,-0.539943,-3.28628,-0.56961,-0.539943,0
3,19,68,-1.52463,-1.03433,-4.27007,-1.01066,-1.52463,3
3,1,20,3.84939,3.66393,2.55099,-0.805878,3.66393,0
3,7,56,-1.74876,-1.79882,-3.43957,-0.474568,-1.79882,3
1,17,28,4.11402,3.29718,1.70711,-0.805878,3.29718,0
4,15,79,-4.69937,-2.44769,-4.30456,-1.7295,-1.7295,3
3,13,62,-1.87283,-0.758106,-3.86868,-0.735614,-0.758106,3
1,11,93,-0.656032,-0.896939,-3.41916,-2.51688,-0.896939,0
4,16,57,-2.97891,-2.56761,-3.55909,-0.534181,-0.534181,3
1,8,57,1.38289,0.969066,-3.55909,-0.534181,0.969066,0
4,10,70,-3.86868,-2.70713,-4.23657,-1.06699,-1.06699,3
4,7,45,-2.61941,1.32334,-0.989663,-0.351506,-0.989663,1
3,15,64,-0.367062,-1.27989,-3.84075,-0.813937,-1.27989,0
1,3,15,5.24994,3.08757,2.8676,-0.805878,3.08757,0
2,6,29,3.65805,3.29609,1.67657,-0.805878,3.29609,0
2,8,11,3.79054,3.86409,2.80572,-0.805878,3.86409,1
4,18,67,-3.62281,-2.97311,-4.33476,-0.933887,-0.933887,3
4,6,77,-4.23657,-4.19788,-4.67517,-1.58996,-1.58996,3
3,12,61,-1.58613,-0.309943,-3.77303,-0.607646,-0.309943,1
3,16,65,-1.6187,-0.656455,-4.11009,-0.783219,-0.656455,1
2,16,60,0.0838982,-0.103024,-3.62281,-0.563066,-0.103024,0
4,3,15,2.36964,-0.479294,2.8676,-0.805878,2.8676,2
4,11,60,-3.24637,-3.19233,-3.62281,-0.563066,-0.563066,3
3,18,24,2.26693,3.13718,2.20454,-0.805878,2.26693,1
2,11,38,2.48659,2.61055,0.671689,-0.230343,2.61055,1
1,3,81,-0.0848326,-0.419769,-4.70389,-1.77463,-0.419769,0
4,17,67,-3.62281,-2.35974,-4.33476,-0.933887,-0.933887,3
2,11,47,1.51483,1.16877,-1.66582,-0.377744,1.16877,0
3,18,19,2.79638,2.8577,2.73033,-0.805878,2.8577,1
4,13,62,-3.26052,-2.61787,-3.86868,-0.735614,-0.735614,3
1,11,41,3.4364,2.78109,0.201755,-0.28101,2.78109,0
2,10,59,0.414038,0.288527,-3.59803,-0.651593,0.414038,0
4,9,59,-3.01801,-2.82636,-3.59803,-0.651593,-0.651593,3
4,2,69,-1.99956,-1.4963,-4.38821,-0.937499,-0.937499,3
4,11,72,-4.11009,-3.86137,-4.69937,-1.21867,-1.21867,3
2,16,32,2.22286,2.69603,1.7249,-0.805878,2.69603,1
4,3,59,-1.67146,-1.02152,-3.59803,-0.651593,-3.59803,3
2,13,61,-0.123639,0.188183,-3.77303,-0.607646,0.188183,1
2,1,49,1.54741,1.60816,-2.3856,-0.416188,1.60816,1
4,19,41,-2.08792,-1.93906,0.201755,-0.28101,-0.28101,2
3,19,49,-0.385201,1.24258,-2.3856,-0.416188,1.24258,1
2,2,50,1.5719,2.30521,-2.70986,-0.510597,2.30521,1
4,20,27,-1.19634,-1.19634,1.79261,-0.805878,1.79261,2
3,2,58,0.167978,0.146601,-3.5329,-0.497556,0.146601,0
3,4,53,-0.145247,0.414849,-3.24637,-0.595251,0.414849,1
2,3,29,3.83477,2.70116,1.67657,-0.805878,2.70116,0
2,9,57,-0.163125,0.912441,-3.55909,-0.534181,0.912441,1
1,3,84,-0.27637,-0.536414,-5.35927,-2.00544,-0.536414,0
4,17,92,-5.14185,-5.14185,-6.43894,-2.39982,-2.39982,3
2,11,59,0.299304,1.00428,-3.59803,-0.651593,1.00428,1
4,8,37,-1.84662,-2.02058,0.962271,-0.077702,-0.077702,2
3,7,69,-3.22076,-3.2432,-4.38821,-0.937499,-3.2432,3
3,1,49,1.49801,1.29104,-2.3856,-0.416188,1.29104,0
3,10,58,-0.142886,0.402204,-3.5329,-0.497556,0.402204,1
2,19,46,0.564137,1.8123,-1.27338,-0.395639,1.8123,1
3,14,97,-3.72739,-2.17028,-3.41916,-2.81209,-2.17028,1
1,1,40,2.73703,2.81239,0.424054,-0.32524,2.81239,1
1,10,40,2.50618,2.59721,0.424054,-0.32524,2.59721,1
2,12,60,0.607239,-0.180894,-3.62281,-0.563066,-0.180894,0
1,10,70,0.109949,0.563374,-4.23657,-1.06699,0.563374,1
1,1,26,4.35353,3.98454,2.08517,-0.805878,3.98454,0
2,18,30,2.65522,1.94118,1.53923,-0.805878,1.94118,0
3,5,53,0.599874,0.270863,-3.24637,-0.595251,0.270863,0
1,3,6,6.16507,5.83391,2.97518,-0.805878,5.83391,0
2,5,46,2.30137,1.77894,-1.27338,-0.395639,1.77894,0
4,20,85,-4.65291,-4.65291,-5.14185,-2.10808,-2.10808,3
2,17,66,-0.592298,-0.529854,-4.06104,-0.806488,-0.529854,1
1,17,31,3.09083,2.84337,1.72456,-0.805878,2.84337,0
4,15,64,-3.55909,-1.55804,-3.84075,-0.813937,-0.813937,3
3,13,61,-0.421902,-0.623655,-3.77303,-0.607646,-0.623655,0
1,3,12,5.67835,6.26861,2.93608,-0.805878,6.26861,1
2,6,28,3.76309,3.59574,1.70711,-0.805878,3.59574,0
2,8,12,3.26777,3.41776,2.93608,-0.805878,3.41776,1
4,18,66,-3.59803,-2.92345,-4.06104,-0.806488,-0.806488,3
4,6,76,-4.38821,-4.03269,-4.75214,-1.45125,-4.75214,3
3,12,60,-0.479435,-0.42277,-3.62281,-0.563066,-0.42277,1
3,16,64,-0.547748,-0.443103,-3.84075,-0.813937,-0.443103,1
2,16,51,0.335751,0.331106,-3.03783,-0.448822,0.331106,0
4,3,4,-0.00471011,5.94425,2.97261,-0.805878,2.97261,1
4,11,59,-3.16282,-3.12762,-3.59803,-0.651593,-0.651593,3
2,11,32,2.83016,2.82829,1.7249,-0.805878,2.82829,0
3,18,18,2.65786,3.12932,2.65786,-0.805878,3.12932,1
4,13,61,-3.28628,-2.59918,-3.77303,-0.607646,-0.607646,3
4,2,68,-1.87203,-1.47524,-4.27007,-1.01066,-1.01066,3
4,11,73,-4.06104,-3.93571,-4.58061,-1.30758,-1.30758,3
2,16,33,2.89726,3.59929,1.60775,-0.805878,3.59929,1
4,3,58,-1.59436,-0.95243,-3.5329,-0.497556,-3.5329,3
2,13,60,-0.124967,0.103498,-3.62281,-0.563066,0.103498,1
2,1,48,1.7582,1.87901,-2.02538,-0.386848,1.87901,1
4,19,38,-1.89425,-1.89425,0.671689,-0.230343,-0.230343,2
3,19,54,-0.538324,-0.557986,-3.28628,-0.56961,-0.557986,0
2,2,49,1.78543,2.54152,-2.3856,-0.416188,2.54152,1
3,16,21,2.73567,3.05949,2.59473,-0.805878,3.05949,1
2,4,51,1.88049,1.76935,-3.03783,-0.448822,1.76935,0
1,8,98,-0.948382,-0.0710375,-3.41916,-3.12829,-0.0710375,1
1,11,38,3.69673,3.23017,0.671689,-0.230343,3.23017,0
4,10,97,-6.05291,-6.05291,-3.41916,-2.81209,-2.81209,3
3,2,59,0.215397,-0.294855,-3.59803,-0.651593,-0.294855,0
3,4,52,0.283303,0.325207,-3.16282,-0.404636,0.325207,1
2,3,18,4.54818,3.66386,2.65786,-0.805878,3.66386,0
2,9,56,-0.116543,1.01025,-3.43957,-0.474568,1.01025,1
3,20,70,-1.34713,-0.742739,-4.23657,-1.06699,-0.742739,1
2,14,56,0.293901,0.0515933,-3.43957,-0.474568,0.0515933,0
4,10,60,-3.16282,-2.03416,-3.62281,-0.563066,-0.563066,3
4,8,36,-1.77946,-1.97414,1.45696,0.264588,1.45696,2
3,7,68,-1.91113,-1.20946,-4.27007,-1.01066,-1.20946,3
3,1,48,1.88027,1.87821,-2.02538,-0.386848,1.87821,0
3,10,57,-1.07301,0.522502,-3.55909,-0.534181,0.522502,1
2,19,47,0.578325,1.84474,-1.66582,-0.377744,0.578325,1
3,14,96,-2.53492,-2.06797,-3.41916,-2.99602,-2.06797,1
3,8,75,-0.787808,-0.680689,-4.90201,-1.41384,-0.680689,1
1,1,41,2.81078,2.84361,0.201755,-0.28101,2.84361,1
1,10,41,2.10301,2.17471,0.201755,-0.28101,2.17471,1
2,12,59,0.445903,-0.175146,-3.59803,-0.651593,-0.175146,0
2,18,31,2.88403,1.64316,1.72456,-0.805878,1.64316,0
3,5,52,0.685739,-0.560101,-3.16282,-0.404636,-0.560101,0
2,5,48,2.17477,1.72293,-2.02538,-0.386848,1.72293,0
4,20,83,-4.75214,-4.75214,-5.22327,-1.89942,-1.89942,3
2,17,64,-0.638235,0.134832,-3.84075,-0.813937,0.134832,1
2,5,47,2.37565,1.67172,-1.66582,-0.377744,1.67172,0
4,20,84,-4.67517,-4.67517,-5.35927,-2.00544,-2.00544,3
2,17,65,-0.584665,-0.00831045,-4.11009,-0.783219,-0.00831045,1
3,19,26,1.1007,2.31781,2.08517,-0.805878,2.31781,1
3,3,83,-1.31579,-0.649835,-5.22327,-1.89942,-0.649835,1
4,19,66,-3.59803,-3.54368,-4.06104,-0.806488,-0.806488,3
2,7,37,2.50792,2.9399,0.962271,-0.077702,2.9399,1
2,12,88,-1.16873,-0.79975,-5.55605,-2.24038,-0.79975,1
4,15,65,-3.5329,-1.64008,-4.11009,-0.783219,-0.783219,3
3,13,60,-0.940857,-0.705936,-3.62281,-0.563066,-0.705936,3
3,20,98,-2.76376,-3.18137,-3.41916,-3.12829,-3.18137,0
2,6,27,3.15382,3.15246,1.79261,-0.805878,3.15246,0
1,3,17,3.42747,5.16816,2.67763,-0.805878,5.16816,1
2,8,9,2.99858,2.78062,2.89122,-0.805878,2.78062,0
4,18,65,-3.5329,-2.87577,-4.11009,-0.783219,-0.783219,3
4,6,79,-4.69937,-4.43928,-4.30456,-1.7295,-4.30456,3
3,12,59,-0.498095,-0.686142,-3.59803,-0.651593,-0.686142,0
4,16,79,-4.69937,-4.69937,-4.30456,-1.7295,-1.7295,3
2,4,25,3.57834,3.59375,2.04479,-0.805878,3.59375,1
3,16,63,-0.436397,-0.404018,-4.03562,-0.692524,-0.404018,1
2,16,50,0.36606,1.85584,-2.70986,-0.510597,1.85584,1
4,3,5,0.0176577,3.20312,2.97834,-0.805878,2.97834,1
4,11,58,-3.03783,-3.02594,-3.5329,-0.497556,-0.497556,3
2,11,33,2.69835,2.97182,1.60775,-0.805878,2.97182,1
3,18,29,2.36947,1.72082,1.67657,-0.805878,1.72082,0
4,13,60,-3.24637,-2.53576,-3.62281,-0.563066,-0.563066,3
4,2,71,0.462317,-1.40403,-4.4203,-1.13959,-1.13959,0
4,11,78,-4.4203,-4.29278,-4.65291,-1.66623,-1.66623,3
2,16,46,0.753649,2.70745,-1.27338,-0.395639,2.70745,1
4,3,57,-1.5743,-0.95094,-3.55909,-0.534181,-3.55909,3
1,20,93,-1.97478,-1.70096,-3.41916,-2.51688,-1.70096,1
4,14,27,-1.19634,0.171674,1.79261,-0.805878,1.79261,2
4,6,56,0.917186,-0.291617,-3.43957,-0.474568,-0.474568,0
4,2,70,-2.04209,-1.47242,-4.23657,-1.06699,-1.47242,3
4,11,79,-4.69937,-4.32166,-4.30456,-1.7295,-1.7295,3
2,16,47,0.695779,2.43015,-1.66582,-0.377744,2.43015,1
4,3,56,-1.32573,-0.97008,-3.43957,-0.474568,-0.474568,3
3,12,36,1.23792,2.52814,1.45696,0.264588,2.52814,1
4,6,84,-4.67517,-4.73547,-5.35927,-2.00544,-2.00544,3
2,3,52,1.45187,1.67703,-3.16282,-0.404636,1.67703,1
3,18,45,-0.494481,1.18004,-0.989663,-0.351506,1.18004,1
2,11,81,-1.26781,-1.38273,-4.70389,-1.77463,-1.38273,0
4,17,54,-2.99027,-1.40307,-3.28628,-0.56961,-0.56961,3
3,9,16,2.69371,4.31209,2.59926,-0.805878,4.31209,1
4,4,54,-1.12547,-1.27606,-3.28628,-0.56961,-3.28628,3
4,11,74,-4.33476,-3.99585,-4.86797,-1.45906,-1.45906,3
2,16,34,2.23049,3.04691,1.42834,-0.805878,3.04691,1
4,3,53,-1.23322,-0.695168,-3.24637,-0.595251,-3.24637,3
4,11,75,-4.27007,-4.06174,-4.90201,-1.41384,-1.41384,3
2,16,35,1.80036,3.17907,1.44812,-0.805878,3.17907,1
4,3,52,-1.178,-0.728509,-3.16282,-0.404636,-3.16282,3
1,5,58,1.56775,1.722,-3.5329,-0.497556,1.722,1
2,12,63,0.390733,-0.347399,-4.03562,-0.692524,-0.347399,0
1,1,37,3.03242,2.92457,0.962271,-0.077702,2.92457,0
1,10,45,2.09661,1.38164,-0.989663,-0.351506,1.38164,0
4,20,91,-5.35927,-5.35927,-6.29331,-2.45927,-2.45927,3
2,5,40,2.34806,2.4873,0.424054,-0.32524,2.4873,1
1,16,99,-1.69537,-2.58371,-3.41916,-3.35117,-2.58371,0
2,20,60,-0.136928,0.486354,-3.62281,-0.563066,0.486354,1
1,5,11,5.51038,5.46614,2.80572,-0.805878,5.46614,0
1,1,20,5.12927,1.16634,2.55099,-0.805878,1.16634,0
1,10,92,-0.498444,0.13459,-6.43894,-2.39982,0.13459,1
3,8,64,-0.343576,0.235592,-3.84075,-0.813937,0.235592,1
3,20,71,-0.834552,-1.22232,-4.4203,-1.13959,-1.22232,0
3,9,19,2.52861,3.44159,2.73033,-0.805878,3.44159,1
4,4,55,-0.860069,-1.30647,-3.26052,-0.458097,-3.26052,3
2,14,57,0.480436,0.194256,-3.55909,-0.534181,0.194256,0
4,10,61,-3.24637,-2.01113,-3.77303,-0.607646,-0.607646,3
1,20,82,-1.31587,-1.14467,-5.04662,-1.89873,-1.14467,1
4,14,26,-1.12974,0.219842,2.08517,-0.805878,2.08517,2
4,6,57,0.640922,-0.516122,-3.55909,-0.534181,-0.528158,0
4,13,64,-3.55909,-2.66259,-3.84075,-0.813937,-0.813937,3
3,9,44,0.19732,-0.0619037,-0.646582,-0.45329,-0.0619037,0
4,4,58,-0.998595,-1.3573,-3.5329,-0.497556,-1.3573,3
4,7,43,-2.24665,-0.298577,-0.351569,-0.382527,-0.382527,1
3,15,74,-1.38234,-1.30893,-4.86797,-1.45906,-1.30893,1
1,11,71,0.523049,-0.568571,-4.4203,-1.13959,-0.568571,0
4,10,64,-3.43957,-2.21933,-3.84075,-0.813937,-0.813937,3
1,20,89,-1.72053,-1.38536,-5.75042,-2.39784,-1.38536,1
4,14,31,-1.46886,-1.46886,1.72456,-0.805878,1.72456,2
4,6,60,0.84521,-0.339635,-3.62281,-0.563066,-0.339635,0
4,16,70,-4.03562,-3.37416,-4.23657,-1.06699,-1.06699,3
3,20,66,-1.03467,-0.693998,-4.06104,-0.806488,-0.693998,1
3,9,20,3.92421,3.5071,2.55099,-0.805878,3.5071,0
4,4,50,-0.742375,1.87176,-2.70986,-0.510597,-2.70986,1
1,6,37,3.21722,3.17842,0.962271,-0.077702,3.17842,0
1,5,37,3.11663,3.22869,0.962271,-0.077702,3.22869,1
2,12,50,1.30014,1.5925,-2.70986,-0.510597,1.5925,1
1,1,34,2.99812,3.45246,1.42834,-0.805878,3.45246,1
1,10,46,2.07725,2.05189,-1.27338,-0.395639,2.05189,0
4,20,90,-5.22327,-5.22327,-6.05291,-2.36134,-2.36134,3
2,5,41,2.33652,2.35124,0.201755,-0.28101,2.35124,1
1,16,96,-1.41307,-2.30931,-3.41916,-2.99602,-2.30931,0
2,20,61,-0.159664,0.357597,-3.77303,-0.607646,0.357597,1
1,5,52,2.05454,2.28771,-3.16282,-0.404636,2.28771,1
1,1,19,4.31472,6.37729,2.73033,-0.805878,6.37729,1
1,10,95,-0.786482,-0.0786288,-3.41916,-2.85377,-0.0786288,1
2,19,37,1.52318,2.06313,0.962271,-0.077702,1.52318,1
3,14,90,-2.08962,-1.60693,-6.05291,-2.36134,-1.60693,1
3,8,65,-0.22256,-0.577783,-4.11009,-0.783219,-0.577783,0
3,1,27,4.04414,4.05617,1.79261,-0.805878,4.05617,1
3,7,47,1.2896,1.48837,-1.66582,-0.377744,1.48837,1
1,20,81,-1.04277,-0.919042,-4.70389,-1.77463,-0.919042,1
4,6,52,2.3383,0.256194,-3.16282,-0.404636,-3.16282,0
4,14,23,-0.967684,-0.967684,2.09672,-0.805878,2.09672,2
3,13,36,1.76597,2.19085,1.45696,0.264588,2.19085,1
4,18,54,-2.99027,-2.11661,-3.28628,-0.56961,-0.56961,3
3,20,59,-0.636823,-0.573254,-3.59803,-0.651593,-0.573254,1
3,9,46,0.271554,-0.0900759,-1.27338,-0.395639,-0.0900759,0
4,4,56,-0.885204,-1.32446,-3.43957,-0.474568,-3.43957,3
3,7,92,-1.48906,-1.83267,-6.43894,-2.39982,-1.83267,0
3,1,72,-0.392496,0.116215,-4.69937,-1.21867,0.116215,1
4,8,60,-3.03344,-1.90041,-3.62281,-0.563066,-0.563066,3
2,14,62,-0.293098,0.227477,-3.86868,-0.735614,0.227477,1
4,10,62,-3.28628,-2.0113,-3.86868,-0.735614,-0.735614,3
2,18,77,-1.71679,-0.802696,-4.67517,-1.58996,-0.802696,1
1,20,83,-1.21988,-1.03472,-5.22327,-1.89942,-1.03472,1
4,14,21,-0.867753,-0.867753,2.59473,-0.805878,2.59473,2
4,6,58,1.84731,-0.407598,-3.5329,-0.497556,-3.5329,0
2,11,44,2.67849,1.3645,-0.646582,-0.45329,1.3645,0
3,18,22,2.77837,3.39008,2.39276,-0.805878,3.39008,1
4,13,65,-3.5329,-2.67129,-4.11009,-0.783219,-0.783219,3
3,9,47,0.0489373,-0.26563,-1.66582,-0.377744,-0.26563,0
4,4,59,-1.00488,-1.49284,-3.59803,-0.651593,-0.651593,3
4,7,42,-2.16262,-0.35669,-0.0637023,-0.353411,-0.0637023,2
3,15,73,-1.15958,-1.19823,-4.58061,-1.30758,-1.19823,0
1,11,70,-0.102757,1.2202,-4.23657,-1.06699,1.2202,1
4,10,65,-3.55909,-2.09203,-4.11009,-0.783219,-0.783219,3
1,20,94,-1.90407,-1.61602,-3.41916,-2.55553,-1.61602,1
4,14,30,-1.41916,-1.41916,1.53923,-0.805878,1.53923,2
4,6,61,1.24473,-0.319681,-3.77303,-0.607646,-0.607646,0
4,16,71,-3.84075,-3.84075,-4.4203,-1.13959,-1.13959,3
1,20,86,-1.68968,-1.38022,-5.61978,-2.01828,-1.38022,1
4,14,22,-0.882782,-0.882782,2.39276,-0.805878,2.39276,2
4,6,53,2.09932,0.0515909,-3.24637,-0.595251,-3.24637,0
2,14,53,0.613354,0.10432,-3.24637,-0.595251,0.10432,0
4,10,57,-3.03023,-1.7592,-3.55909,-0.534181,-0.534181,3
3,9,23,1.22938,3.02186,2.09672,-0.805878,3.02186,1
4,4,51,-0.658631,-0.924211,-3.03783,-0.448822,-3.03783,3
1,5,36,3.15325,3.1981,1.45696,0.264588,3.1981,1
2,12,49,1.40446,1.73066,-2.3856,-0.416188,1.73066,1
1,1,35,3.06506,3.42462,1.44812,-0.805878,3.42462,1
1,10,47,1.71223,1.01642,-1.66582,-0.377744,1.01642,0
1,16,97,-1.48349,-2.20891,-3.41916,-2.81209,-2.20891,0
2,20,58,-0.23111,0.390197,-3.5329,-0.497556,0.390197,1
1,5,53,2.08858,2.24311,-3.24637,-0.595251,2.24311,1
1,1,18,4.208,4.43091,2.65786,-0.805878,4.43091,1
1,10,94,-0.694515,0.053049,-3.41916,-2.55553,0.053049,1
3,8,66,-0.0756582,0.0536804,-4.06104,-0.806488,0.0536804,1
3,9,41,0.717247,0.564894,0.201755,-0.28101,0.564894,0
4,4,57,-0.790009,-1.11133,-3.55909,-0.534181,-0.822755,3
3,7,93,-1.58637,-1.96465,-3.41916,-2.51688,-1.96465,0
3,1,73,0.168627,1.26941,-4.58061,-1.30758,1.26941,1
4,8,61,-3.08014,-1.89656,-3.77303,-0.607646,-0.607646,3
2,14,63,-0.189008,0.126527,-4.03562,-0.692524,0.126527,1
4,10,63,-3.26052,-2.1387,-4.03562,-0.692524,-0.692524,3
2,18,76,-1.35539,-0.709304,-4.75214,-1.45125,-0.709304,1
1,20,80,-0.829699,-0.641618,-4.82344,-1.66435,-0.641618,1
4,14,20,-0.805878,-0.805878,2.55099,-0.805878,2.55099,2
4,6,59,1.72538,-0.397663,-3.59803,-0.651593,-0.651593,0
2,11,43,2.80173,1.53229,-0.351569,-0.382527,1.53229,0
3,18,23,2.78612,3.2752,2.09672,-0.805878,3.2752,1
4,13,66,-3.59803,-2.73562,-4.06104,-0.806488,-0.806488,3
3,9,42,0.649584,0.415625,-0.0637023,-0.353411,0.415625,0
4,4,60,-0.973731,-1.34198,-3.62281,-0.563066,-0.563066,3
2,1,42,2.52745,1.98251,-0.0637023,-0.353411,1.98251,0
4,19,80,-4.58061,-4.58061,-4.82344,-1.66435,-1.66435,3
3,19,40,0.81698,0.885243,0.424054,-0.32524,0.885243,1
2,2,43,2.45961,0.139444,-0.351569,-0.382527,0.139444,0
2,4,45,1.72226,1.87741,-0.989663,-0.351506,1.87741,1
1,5,76,-0.17221,0.366159,-4.75214,-1.45125,0.366159,1
1,16,40,3.65443,2.33596,0.424054,-0.32524,3.65443,0
3,20,90,-2.17727,-2.25655,-6.05291,-2.36134,-2.25655,0
1,3,95,-0.164993,-0.193579,-3.41916,-2.85377,-0.193579,0
4,17,85,-4.65291,-4.65291,-5.14185,-2.10808,-2.10808,3
2,11,52,0.469824,1.65553,-3.16282,-0.404636,1.65553,1
3,19,24,2.29409,3.08335,2.20454,-0.805878,3.08335,1
4,19,64,-3.55909,-3.50943,-3.84075,-0.813937,-0.813937,3
3,3,85,-1.51707,-1.05034,-5.14185,-2.10808,-1.05034,1
3,10,51,-1.21433,0.735123,-3.03783,-0.448822,0.735123,1
3,5,46,1.19672,0.62735,-1.27338,-0.395639,0.62735,0
3,20,67,-1.13755,-0.875436,-4.33476,-0.933887,-0.875436,1
2,17,58,0.156281,0.12953,-3.5329,-0.497556,0.12953,0
3,18,69,-1.03982,-0.728968,-4.38821,-0.937499,-0.728968,1
4,2,59,-1.28472,-0.710204,-3.59803,-0.651593,-3.59803,3
4,18,48,-2.52467,-2.52467,-2.02538,-0.386848,-0.386848,3
3,13,42,0.760835,0.893789,-0.0637023,-0.353411,0.893789,1
3,19,60,-0.693121,-0.307859,-3.62281,-0.563066,-0.307859,1
4,19,60,-3.24637,-3.21948,-3.62281,-0.563066,-0.563066,3
3,1,44,2.16959,1.10018,-0.646582,-0.45329,1.10018,0
3,7,48,1.74997,1.59091,-2.02538,-0.386848,1.59091,0
3,5,88,-1.54301,-0.713348,-5.55605,-2.24038,-0.713348,1
1,9,95,-0.638845,-1.29064,-3.41916,-2.85377,-1.29064,0
1,18,77,-0.312701,-0.695324,-4.67517,-1.58996,-0.695324,0
2,18,59,-0.0145532,0.148587,-3.59803,-0.651593,0.148587,1
2,16,54,0.104639,0.192674,-3.28628,-0.56961,0.192674,1
4,15,71,-3.84075,-1.64571,-4.4203,-1.13959,-1.13959,3
4,19,48,-2.52467,-2.52467,-2.02538,-0.386848,-0.386848,3
3,13,54,-0.888354,-0.525603,-3.28628,-0.56961,-0.525603,1
4,7,37,-1.84662,-0.914812,0.962271,-0.077702,0.962271,2
3,15,56,-0.0760962,-0.552886,-3.43957,-0.474568,-0.552886,0
4,13,22,-0.882782,-0.882782,2.39276,-0.805878,2.39276,2
4,16,77,-4.23657,-4.23657,-4.67517,-1.58996,-1.58996,3
2,4,31,3.08816,3.41148,1.72456,-0.805878,3.41148,1
3,16,57,-0.928868,0.14689,-3.55909,-0.534181,0.14689,1
1,11,25,2.94357,3.44063,2.04479,-0.805878,3.44063,1
2,10,43,1.62932,2.50934,-0.351569,-0.382527,2.50934,1
4,8,64,-3.31795,-2.22828,-3.84075,-0.813937,-0.813937,3
1,11,89,-0.650819,-0.691678,-5.75042,-2.39784,-0.691678,0
1,8,61,1.1829,0.746345,-3.77303,-0.607646,0.746345,0
4,10,66,-3.5329,-2.14292,-4.06104,-0.806488,-0.806488,3
1,9,9,5.2192,5.23749,2.89122,-0.805878,5.23749,1
2,18,73,-0.881558,-0.677125,-4.58061,-1.30758,-0.677125,1
1,20,95,-1.95801,-1.59434,-3.41916,-2.85377,-1.59434,1
4,14,25,-1.10732,0.295257,2.04479,-0.805878,2.04479,2
4,6,62,1.17222,-0.400146,-3.86868,-0.735614,-0.735614,0
2,13,56,0.178141,0.658777,-3.43957,-0.474568,0.178141,1
2,1,44,2.3368,1.97325,-0.646582,-0.45329,1.97325,0
2,2,45,2.21273,2.91215,-0.989663,-0.351506,2.91215,1
2,4,47,1.48411,1.44735,-1.66582,-0.377744,1.44735,0
4,17,83,-4.75214,-4.75214,-5.22327,-1.89942,-1.89942,3
2,11,54,0.389902,1.32031,-3.28628,-0.56961,1.32031,1
3,5,48,-0.191938,0.151987,-2.02538,-0.386848,0.151987,1
3,20,73,-0.933598,-1.26904,-4.58061,-1.30758,-1.26904,0
2,17,60,-0.246174,-0.0449927,-3.62281,-0.563066,-0.0449927,1
3,1,46,2.3574,2.36726,-1.27338,-0.395639,2.36726,1
3,7,50,1.1753,0.0552463,-2.70986,-0.510597,0.0552463,0
3,5,86,-1.35163,-0.594606,-5.61978,-2.01828,-0.594606,1
1,9,85,-0.156386,-0.707213,-5.14185,-2.10808,-0.707213,0
1,18,71,0.300735,-0.0231644,-4.4203,-1.13959,-0.0231644,0
2,18,61,-0.226806,-0.124035,-3.77303,-0.607646,-0.124035,1
4,6,75,-4.27007,-4.11285,-4.90201,-1.41384,-1.41384,3
3,12,55,-1.19179,-0.248948,-3.26052,-0.458097,-0.248948,1
2,13,57,0.354794,0.591259,-3.55909,-0.534181,0.591259,1
2,1,45,2.38725,2.36071,-0.989663,-0.351506,2.36071,0
2,2,46,2.18685,2.74305,-1.27338,-0.395639,2.74305,1
4,20,31,-1.46886,-1.46886,1.72456,-0.805878,1.72456,2
4,20,77,-4.23657,-4.23657,-4.67517,-1.58996,-1.58996,3
2,5,54,1.3855,1.13629,-3.28628,-0.56961,1.13629,0
4,17,80,-4.58061,-4.58061,-4.82344,-1.66435,-1.66435,3
2,11,55,0.565227,1.2764,-3.26052,-0.458097,1.2764,1
3,7,49,0.754729,0.298687,-2.3856,-0.416188,0.298687,0
3,1,45,2.3954,2.23652,-0.989663,-0.351506,2.23652,0
3,10,54,-0.809013,0.787619,-3.28628,-0.56961,0.787619,1
1,5,51,2.30606,2.43532,-3.03783,-0.448822,2.43532,1
2,19,42,1.75564,2.11804,-0.0637023,-0.353411,2.11804,1
3,14,93,-3.31476,-1.84914,-3.41916,-2.51688,-1.84914,1
1,1,44,2.75072,2.67182,-0.646582,-0.45329,2.67182,0
1,10,84,-0.557918,-0.418133,-5.35927,-2.00544,-0.418133,1
3,8,72,-0.586318,-0.524552,-4.69937,-1.21867,-0.524552,1
2,12,56,0.698261,0.149788,-3.43957,-0.474568,0.149788,0
3,5,49,-0.180719,0.327773,-2.3856,-0.416188,0.327773,1
3,20,78,-1.17154,-1.66476,-4.65291,-1.66623,-1.66476,0
2,17,61,-0.360542,0.269832,-3.77303,-0.607646,0.269832,1
3,1,95,-0.545144,-2.25507,-3.41916,-2.85377,-2.25507,0
3,7,99,-1.64561,-2.21839,-3.41916,-3.35117,-2.21839,0
3,18,90,-2.04751,-2.08395,-6.05291,-2.36134,-2.08395,0
4,11,11,-0.381377,-0.805878,2.80572,-0.805878,2.80572,2
4,2,58,-1.18369,-0.629176,-3.5329,-0.497556,-3.5329,3
4,18,51,-2.78547,-1.90863,-3.03783,-0.448822,-0.448822,3
3,13,41,1.40331,0.898121,0.201755,-0.28101,0.898121,0
3,1,47,2.60417,1.77898,-1.66582,-0.377744,1.77898,0
3,7,51,-1.83308,-1.73409,-3.03783,-0.448822,-1.73409,3
2,12,97,-1.49718,-1.1289,-3.41916,-2.81209,-1.1289,1
3,5,85,-1.51077,-1.47195,-5.14185,-2.10808,-1.47195,1
1,9,90,-0.391482,-0.867177,-6.05291,-2.36134,-0.867177,0
1,18,70,-0.877947,-0.449991,-4.23657,-1.06699,-0.449991,1
2,18,62,0.057779,0.183649,-3.86868,-0.735614,0.183649,1
4,15,68,-3.77303,-2.21628,-4.27007,-1.01066,-1.01066,3
3,13,57,-0.72053,-0.596852,-3.55909,-0.534181,-0.596852,3
4,13,25,-1.10732,0.625128,2.04479,-0.805878,2.04479,2
4,13,74,-4.33476,-4.24112,-4.86797,-1.45906,-1.45906,3
3,20,51,-0.353567,-0.0030772,-3.03783,-0.448822,-0.0030772,1
3,13,44,0.277532,0.853451,-0.646582,-0.45329,0.853451,1
4,18,62,-3.26052,-2.65703,-3.86868,-0.735614,-0.735614,3
4,6,72,-4.11009,-3.8061,-4.69937,-1.21867,-1.21867,3
3,12,56,-0.331338,-0.297581,-3.43957,-0.474568,-0.297581,1
4,2,81,-0.251377,-2.05768,-4.70389,-1.77463,-1.77463,0
4,11,92,-5.14185,-5.14185,-6.43894,-2.39982,-2.39982,3
4,13,97,-6.05291,-6.05291,-3.41916,-2.81209,-2.81209,3
2,11,36,2.27301,2.83644,1.45696,0.264588,2.83644,1
3,18,30,2.38929,1.67393,1.53923,-0.805878,1.67393,0
4,13,57,-2.97891,-2.23848,-3.55909,-0.534181,-0.534181,3
2,12,25,2.87262,3.21067,2.04479,-0.805878,3.21067,1
1,10,55,1.10164,1.54114,-3.26052,-0.458097,1.54114,1
2,1,46,2.31972,2.2329,-1.27338,-0.395639,2.2329,0
2,2,47,2.32627,2.80816,-1.66582,-0.377744,2.80816,1
3,16,23,2.55892,2.71312,2.09672,-0.805878,2.71312,1
2,4,49,1.41203,1.37583,-2.3856,-0.416188,1.37583,0
3,10,55,0.116363,0.910869,-3.26052,-0.458097,0.910869,1
1,5,60,1.29114,1.76722,-3.62281,-0.563066,1.76722,1
2,19,45,0.712605,1.92676,-0.989663,-0.351506,1.92676,1
3,14,98,-2.69053,-2.11522,-3.41916,-3.12829,-2.11522,1
1,1,43,2.82535,2.66257,-0.351569,-0.382527,2.66257,0
1,10,87,-0.620068,0.345927,-5.60239,-2.09737,0.345927,1
3,8,73,-1.1711,-0.643309,-4.58061,-1.30758,-0.643309,1
2,12,57,0.584655,0.486341,-3.55909,-0.534181,0.486341,0
3,5,50,0.855995,0.602694,-2.70986,-0.510597,0.602694,0
3,18,33,1.74341,1.83508,1.60775,-0.805878,1.83508,1
2,11,93,-1.18023,-1.36069,-3.41916,-2.51688,-1.36069,0
4,17,58,-3.03783,-1.76341,-3.5329,-0.497556,-0.497556,3
3,20,79,-1.28932,-1.80735,-4.30456,-1.7295,-1.80735,0
2,17,62,-0.0867118,0.261394,-3.86868,-0.735614,0.261394,1
1,3,9,4.79687,4.88707,2.89122,-0.805878,4.88707,1
2,5,45,2.5818,1.85431,-0.989663,-0.351506,1.85431,0
4,20,86,-4.30456,-4.30456,-5.61978,-2.01828,-2.01828,3
2,17,67,-0.634391,-0.0205401,-4.33476,-0.933887,-0.0205401,1
2,7,35,2.95117,3.05193,1.44812,-0.805878,3.05193,1
2,12,98,-1.56905,-1.2537,-3.41916,-3.12829,-1.2537,1
3,5,84,-1.67863,-0.888996,-5.35927,-2.00544,-0.888996,1
1,9,91,-0.432661,-0.961096,-6.29331,-2.45927,-0.961096,0
1,18,73,0.160424,-0.196464,-4.58061,-1.30758,-0.196464,0
2,18,63,0.129184,0.484635,-4.03562,-0.692524,0.484635,1
2,16,52,0.410999,0.388049,-3.16282,-0.404636,0.388049,0
4,3,7,-0.323307,6.945,2.92731,-0.805878,2.92731,1
1,6,90,-0.690035,-0.61875,-6.05291,-2.36134,-0.61875,1
4,11,52,-2.89315,-2.80103,-3.16282,-0.404636,-0.404636,3
4,15,67,-3.62281,-1.93638,-4.33476,-0.933887,-0.933887,3
3,13,58,-0.684696,-0.826005,-3.5329,-0.497556,-0.826005,3
4,13,26,-1.12974,0.584441,2.08517,-0.805878,2.08517,2
4,13,73,-4.06104,-3.98799,-4.58061,-1.30758,-1.30758,3
3,20,48,-0.244428,0.639383,-2.02538,-0.386848,0.639383,1
1,20,88,-1.64966,-1.33836,-5.55605,-2.24038,-1.33836,1
4,6,35,-1.71737,-0.757667,1.44812,-0.805878,1.44812,2
4,14,28,-1.27956,-1.27956,1.70711,-0.805878,1.70711,2
3,13,45,-0.803615,0.669562,-0.989663,-0.351506,0.669562,1
4,18,63,-3.43957,-2.7396,-4.03562,-0.692524,-0.692524,3
4,20,76,-4.38821,-4.38821,-4.75214,-1.45125,-1.45125,3
2,5,55,1.15105,1.49866,-3.26052,-0.458097,1.49866,1
4,16,73,-4.06104,-4.06104,-4.58061,-1.30758,-1.30758,3
2,4,27,2.65457,3.3562,1.79261,-0.805878,3.3562,1
3,16,61,-0.490854,-0.170467,-3.77303,-0.607646,-0.170467,1
4,13,96,-5.75042,-5.75042,-3.41916,-2.99602,-2.99602,3
3,18,37,1.28846,1.06009,0.962271,-0.077702,1.06009,0
2,11,89,-1.15302,-1.05482,-5.75042,-2.39784,-1.05482,1
4,17,62,-3.26052,-2.22633,-3.86868,-0.735614,-0.735614,3
2,11,35,2.55653,2.77063,1.44812,-0.805878,2.77063,1
3,18,31,2.25955,1.59258,1.72456,-0.805878,1.59258,0
4,13,58,-3.03783,-2.02765,-3.5329,-0.497556,-0.497556,3
3,20,52,-0.280761,-0.0529947,-3.16282,-0.404636,-0.0529947,1
3,13,49,-1.03229,0.0578351,-2.3856,-0.416188,0.0578351,1
4,18,59,-3.16282,-2.41609,-3.59803,-0.651593,-0.651593,3
4,13,69,-3.86868,-2.9859,-4.38821,-0.937499,-0.937499,3
2,1,43,2.37282,1.97455,-0.351569,-0.382527,1.97455,0
2,2,44,2.26453,-0.00436548,-0.646582,-0.45329,-0.00436548,0
2,9,9,4.34725,4.32591,2.89122,-0.805878,4.32591,0
2,3,45,1.80315,1.83311,-0.989663,-0.351506,1.83311,1
2,4,46,1.61441,1.82036,-1.27338,-0.395639,1.82036,1
1,3,94,-0.286627,-0.369341,-3.41916,-2.55553,-0.369341,0
4,17,82,-4.90201,-4.90201,-5.04662,-1.89873,-1.89873,3
2,11,53,0.339639,1.58291,-3.24637,-0.595251,1.58291,1
3,10,52,-1.45149,0.727342,-3.16282,-0.404636,0.727342,1
3,5,47,0.196598,0.445334,-1.66582,-0.377744,0.445334,1
3,18,68,-0.971582,-0.705877,-4.27007,-1.01066,-0.705877,1
4,2,56,-1.13219,-0.879283,-3.43957,-0.474568,-0.474811,3
4,18,49,-2.61941,-2.61941,-2.3856,-0.416188,-0.416188,3
3,13,43,0.943166,1.02125,-0.351569,-0.382527,1.02125,1
3,19,61,-0.649945,-0.209698,-3.77303,-0.607646,-0.209698,1
4,19,61,-3.28628,-3.19352,-3.77303,-0.607646,-0.607646,3
2,7,34,2.93395,2.93403,1.42834,-0.805878,2.93403,1
2,12,99,-1.50305,-1.13852,-3.41916,-3.35117,-1.50305,1
3,5,87,-1.73092,-0.748618,-5.60239,-2.09737,-0.748618,1
1,9,84,-0.110818,-0.770481,-5.35927,-2.00544,-0.770481,0
1,18,68,-0.488639,-0.154987,-4.27007,-1.01066,-0.154987,1
2,18,60,-0.218767,-0.0993084,-3.62281,-0.563066,-0.0993084,1
1,6,91,-0.745981,-0.67392,-6.29331,-2.45927,-0.67392,1
4,11,55,-3.02202,-2.96288,-3.26052,-0.458097,-0.458097,3
4,15,70,-4.03562,-2.1059,-4.23657,-1.06699,-1.06699,3
4,19,49,-2.61941,-2.61941,-2.3856,-0.416188,-2.3856,3
3,13,55,-1.55211,-1.03321,-3.26052,-0.458097,-1.03321,3
4,13,27,-1.19634,0.47391,1.79261,-0.805878,1.79261,2
4,13,72,-4.11009,-4.02473,-4.69937,-1.21867,-1.21867,3
3,20,49,-0.328851,0.502344,-2.3856,-0.416188,0.502344,1
1,20,91,-1.91232,-1.62779,-6.29331,-2.45927,-1.91232,1
4,6,34,-1.64259,-0.699452,1.42834,-0.805878,1.42834,2
4,14,29,-1.34672,-1.34672,1.67657,-0.805878,1.67657,2
3,13,46,-0.823818,0.496218,-1.27338,-0.395639,0.496218,1
4,18,60,-3.24637,-2.48032,-3.62281,-0.563066,-0.563066,3
4,6,74,-4.33476,-3.97822,-4.86797,-1.45906,-1.45906,3
3,12,54,-0.89607,-0.0497969,-3.28628,-0.56961,-0.0497969,1
4,16,66,-3.59803,-3.25404,-4.06104,-0.806488,-0.806488,3
2,4,28,2.95625,3.2938,1.70711,-0.805878,3.2938,1
3,16,58,-1.02585,0.0332019,-3.5329,-0.497556,0.0332019,1
2,16,53,0.171781,0.317712,-3.24637,-0.595251,0.317712,1
4,3,6,-0.0223278,5.25763,2.97518,-0.805878,2.97518,1
4,11,53,-2.88215,-2.81647,-3.24637,-0.595251,-0.595251,3
4,13,55,-3.02202,-2.09574,-3.26052,-0.458097,-0.458097,3
2,1,47,2.36656,2.09427,-1.66582,-0.377744,2.09427,0
4,19,39,-1.93459,-1.7844,0.982003,-0.317489,-0.317489,2
3,19,55,-0.241141,-0.172916,-3.26052,-0.458097,-0.172916,1
2,2,48,2.27229,2.85191,-2.02538,-0.386848,2.85191,1
4,17,53,-2.88215,-1.52462,-3.24637,-0.595251,-0.595251,3
2,9,29,3.4342,2.11907,1.67657,-0.805878,2.11907,0
3,12,41,1.57907,2.095,0.201755,-0.28101,2.095,1
4,6,89,-5.04662,-5.04662,-5.75042,-2.39784,-5.04662,3
2,3,49,1.62573,1.22996,-2.3856,-0.416188,1.22996,0
3,16,20,2.69409,2.58089,2.55099,-0.805878,2.58089,0
2,4,50,1.08769,1.44134,-2.70986,-0.510597,1.44134,1
3,20,69,-1.27871,-0.680536,-4.38821,-0.937499,-0.680536,1
1,20,84,-1.07505,-0.935926,-5.35927,-2.00544,-0.935926,1
4,14,16,-0.543395,-0.543395,2.59926,-0.805878,2.59926,2
4,6,55,2.45679,0.560247,-3.26052,-0.458097,0.560247,0
2,14,59,0.236991,0.482178,-3.59803,-0.651593,0.482178,1
4,10,59,-3.03783,-1.61292,-3.59803,-0.651593,-0.651593,3
3,18,74,-0.97262,-1.45542,-4.86797,-1.45906,-1.45542,0
3,9,29,2.33414,1.55783,1.67657,-0.805878,1.55783,0
4,4,53,-0.668309,-1.06578,-3.24637,-0.595251,-3.24637,3
4,16,65,-3.5329,-3.10568,-4.11009,-0.783219,-0.783219,3
3,10,56,-0.945231,1.05375,-3.43957,-0.474568,1.05375,1
2,19,44,1.61948,2.05973,-0.646582,-0.45329,2.05973,1
3,14,99,-2.81331,-2.28022,-3.41916,-3.35117,-2.28022,1
1,1,42,2.83961,2.59128,-0.0637023,-0.353411,2.59128,0
1,10,86,-0.520528,0.515535,-5.61978,-2.01828,0.515535,1
3,8,74,-1.60272,-1.43353,-4.86797,-1.45906,-1.43353,1
2,12,58,0.445781,0.272969,-3.5329,-0.497556,0.272969,0
3,5,51,0.743713,-0.361642,-3.03783,-0.448822,-0.361642,0
3,18,32,2.24293,1.60019,1.7249,-0.805878,1.60019,0
2,11,94,-1.38518,-1.57265,-3.41916,-2.55553,-1.57265,0
4,17,59,-3.16282,-1.75551,-3.59803,-0.651593,-0.651593,3
3,20,76,-1.10541,-1.41007,-4.75214,-1.45125,-1.41007,0
2,17,63,-0.346605,0.250164,-4.03562,-0.692524,0.250164,1
4,16,80,-4.58061,-4.58061,-4.82344,-1.66435,-1.66435,3
3,3,12,3.90681,3.99034,2.93608,-0.805878,3.99034,1
3,19,65,-1.26612,-0.351776,-4.11009,-0.783219,-0.351776,1
1,3,8,6.19586,4.53914,2.93668,-0.805878,4.53914,0
2,5,44,2.06789,1.89115,-0.646582,-0.45329,2.06789,0
4,20,87,-4.82344,-4.82344,-5.60239,-2.09737,-2.09737,3
2,17,76,-0.633418,-1.21736,-4.75214,-1.45125,-1.21736,0
4,15,66,-3.59803,-1.79254,-4.06104,-0.806488,-0.806488,3
3,13,59,-0.85507,-0.465467,-3.59803,-0.651593,-0.465467,1
1,3,14,5.35079,5.73925,2.79075,-0.805878,5.73925,1
2,6,26,3.49867,3.54691,2.08517,-0.805878,3.54691,1
2,8,10,4.17955,4.33463,2.9161,-0.805878,4.33463,1
4,18,64,-3.55909,-2.77267,-3.84075,-0.813937,-0.813937,3
4,6,78,-4.4203,-4.20311,-4.65291,-1.66623,-1.66623,3
3,12,58,-0.237999,-0.364879,-3.5329,-0.497556,-0.364879,0
4,20,75,-4.27007,-4.27007,-4.90201,-1.41384,-1.41384,3
2,5,56,1.49881,1.02577,-3.43957,-0.474568,1.02577,0
4,16,78,-4.4203,-4.4203,-4.65291,-1.66623,-1.66623,3
2,4,24,3.56368,3.61115,2.20454,-0.805878,3.56368,1
3,16,62,-0.448619,-0.0387818,-3.86868,-0.735614,-0.0387818,1
2,16,49,0.233343,1.98833,-2.3856,-0.416188,1.98833,1
4,3,10,4.04575,2.54673,2.9161,-0.805878,2.9161,0
4,11,57,-2.97891,-2.95472,-3.55909,-0.534181,-0.534181,3
2,14,52,0.695065,0.42809,-3.16282,-0.404636,0.42809,0
4,10,56,-3.02202,-1.55216,-3.43957,-0.474568,-0.474568,3
3,18,36,1.6021,0.973046,1.45696,0.264588,0.973046,0
2,11,90,-1.02335,-1.22908,-6.05291,-2.36134,-1.22908,0
4,17,63,-3.43957,-2.29503,-4.03562,-0.692524,-0.692524,3
2,11,34,2.12387,2.81728,1.42834,-0.805878,2.81728,1
3,18,28,2.48016,1.88613,1.70711,-0.805878,1.88613,0
4,13,59,-3.16282,-2.1371,-3.59803,-0.651593,-0.651593,3
2,4,26,3.64218,3.38836,2.08517,-0.805878,3.38836,0
3,16,60,-0.487681,-0.194873,-3.62281,-0.563066,-0.194873,1
4,16,72,-4.11009,-4.11009,-4.69937,-1.21867,-1.21867,3
3,10,53,-1.7328,0.519732,-3.24637,-0.595251,0.519732,1
4,15,69,-3.86868,-1.99496,-4.38821,-0.937499,-0.937499,3
3,13,56,-1.26667,-0.625166,-3.43957,-0.474568,-0.625166,3
4,13,56,-3.03023,-2.12471,-3.43957,-0.474568,-0.474568,3
4,13,28,-1.27956,-1.27956,1.70711,-0.805878,1.70711,2
4,2,80,-0.155075,-2.06173,-4.82344,-1.66435,-2.06173,0
4,11,93,-5.61978,-5.61978,-3.41916,-2.51688,-2.51688,3
4,13,71,-3.84075,-3.78943,-4.4203,-1.13959,-1.13959,3
3,20,54,-0.427836,-0.126114,-3.28628,-0.56961,-0.126114,1
3,13,47,-0.965198,0.282768,-1.66582,-0.377744,0.282768,1
4,18,61,-3.28628,-2.58888,-3.77303,-0.607646,-0.607646,3
1,6,88,-0.394976,-0.485382,-5.55605,-2.24038,-0.485382,0
4,11,54,-2.99027,-2.92158,-3.28628,-0.56961,-0.56961,3
3,20,68,-1.22671,-0.504003,-4.27007,-1.01066,-0.504003,1
1,20,87,-1.62621,-1.36793,-5.60239,-2.09737,-1.36793,1
4,14,17,-0.64769,-1.19634,2.67763,-0.805878,2.67763,2
4,6,54,1.81054,0.419454,-3.28628,-0.56961,-0.56961,0
2,14,58,0.363248,0.706732,-3.5329,-0.497556,0.706732,1
4,10,58,-2.97891,-1.52616,-3.5329,-0.497556,-0.497556,3
3,9,18,4.00011,4.25789,2.65786,-0.805878,4.25789,1
4,4,52,-0.528713,-1.00536,-3.16282,-0.404636,-3.16282,3
4,16,64,-3.55909,-3.14915,-3.84075,-0.813937,-0.813937,3
2,2,42,2.57148,0.162988,-0.0637023,-0.353411,0.162988,0
1,5,67,1.20087,1.22785,-4.33476,-0.933887,1.22785,1
1,16,43,2.74394,2.20873,-0.351569,-0.382527,2.20873,0
3,20,91,-1.97876,-2.32048,-6.29331,-2.45927,-2.32048,0
3,5,45,1.02395,1.23352,-0.989663,-0.351506,1.23352,1
4,15,76,-4.38821,-2.41541,-4.75214,-1.45125,-1.45125,3
3,18,38,1.15603,0.942467,0.671689,-0.230343,0.942467,0
2,11,92,-1.14766,-1.31778,-6.43894,-2.39982,-1.31778,0
4,17,61,-3.28628,-1.98122,-3.77303,-0.607646,-0.607646,3
3,18,70,-1.30527,-0.733358,-4.23657,-1.06699,-0.733358,1
4,2,62,-1.51646,-0.903064,-3.86868,-0.735614,-0.735614,3
4,19,59,-3.16282,-3.1923,-3.59803,-0.651593,-0.651593,3
4,16,69,-3.86868,-3.30889,-4.38821,-0.937499,-0.937499,3
3,10,50,0.355743,-0.572222,-2.70986,-0.510597,-0.572222,0
2,16,55,0.0661226,0.039256,-3.26052,-0.458097,0.039256,0
4,19,51,-2.78547,-2.64445,-3.03783,-0.448822,-0.448822,3
3,13,53,-1.01448,-0.824483,-3.24637,-0.595251,-0.824483,3
4,20,69,-3.86868,-3.51207,-4.38821,-0.937499,-0.937499,3
2,5,62,1.02755,1.06285,-3.86868,-0.735614,1.02755,1
4,13,21,-0.867753,-0.867753,2.59473,-0.805878,2.59473,2
2,11,88,-1.11772,-1.15447,-5.55605,-2.24038,-1.15447,0
3,18,58,-0.464996,0.390267,-3.5329,-0.497556,0.390267,1
4,13,70,-4.03562,-3.15814,-4.23657,-1.06699,-1.06699,3
3,20,55,-0.470373,-0.475762,-3.26052,-0.458097,-0.475762,3
3,13,48,-1.30244,-0.23189,-2.02538,-0.386848,-0.23189,1
4,18,58,-3.03783,-2.38115,-3.5329,-0.497556,-0.497556,3
3,14,35,1.09334,1.47282,1.44812,-0.805878,1.47282,1
3,6,52,1.58812,-0.694311,-3.16282,-0.404636,-0.694311,0
4,3,28,1.44828,2.24021,1.70711,-0.805878,1.70711,1
3,12,37,1.18518,1.85494,0.962271,-0.077702,1.85494,1
4,6,85,-4.65291,-4.67903,-5.14185,-2.10808,-2.10808,3
2,3,53,0.610956,1.62817,-3.24637,-0.595251,1.62817,1
3,18,34,1.66565,1.37332,1.42834,-0.805878,1.37332,0
2,11,80,-1.12372,-0.667417,-4.82344,-1.66435,-0.667417,1
4,17,57,-2.97891,-1.73678,-3.55909,-0.534181,-0.534181,3
3,20,65,-0.86039,-0.319987,-4.11009,-0.783219,-0.319987,1
1,20,72,-0.593887,-0.385218,-4.69937,-1.21867,-0.385218,1
4,14,44,-2.26409,-2.49837,-0.646582,-0.45329,-0.45329,3
4,6,51,1.54944,0.341314,-3.03783,-0.448822,0.341314,0
3,7,85,-3.32724,-2.05455,-5.14185,-2.10808,-2.05455,1
3,1,65,-0.0250826,-0.63728,-4.11009,-0.783219,-0.63728,0
4,8,53,-2.74389,-1.44401,-3.24637,-0.595251,-0.595251,3
1,11,79,-0.194185,-1.14849,-4.30456,-1.7295,-1.14849,0
4,10,88,-4.70389,-4.70389,-5.55605,-2.24038,-2.24038,3
1,8,11,4.64512,4.17188,2.80572,-0.805878,4.17188,0
2,14,55,0.685103,0.265426,-3.26052,-0.458097,0.265426,0
4,10,55,-2.99027,-1.51041,-3.26052,-0.458097,-0.458097,3
3,9,17,2.98122,4.20941,2.67763,-0.805878,4.20941,1
4,4,49,-0.366151,2.13688,-2.3856,-0.416188,-0.416188,1
2,2,39,2.74236,0.35036,0.982003,-0.317489,0.35036,0
4,20,78,-4.4203,-4.4203,-4.65291,-1.66623,-1.66623,3
2,5,53,1.40542,1.6001,-3.24637,-0.595251,1.6001,1
4,1,47,-0.850067,2.08405,-1.66582,-0.377744,-0.850067,1
4,1,25,3.71808,-0.180833,2.04479,-0.805878,-0.389181,0
4,8,46,-2.7155,-1.55672,-1.27338,-0.395639,-1.27338,3
4,9,55,-2.87577,-2.47912,-3.26052,-0.458097,-0.458097,3
1,11,29,3.17818,3.65201,1.67657,-0.805878,3.65201,1
4,8,76,-4.38821,-3.97762,-4.75214,-1.45125,-1.45125,3
2,10,47,1.67405,-0.141472,-1.66582,-0.377744,-0.141472,0
3,10,47,0.317702,-0.350945,-1.66582,-0.377744,-0.350945,0
4,19,52,-2.89315,-2.69571,-3.16282,-0.404636,-0.404636,3
4,18,56,-3.03023,-2.20323,-3.43957,-0.474568,-0.474568,3
3,13,50,-1.12443,-0.129468,-2.70986,-0.510597,-0.129468,1
3,5,42,1.32082,1.65877,-0.0637023,-0.353411,1.65877,1
3,1,24,3.78003,3.27716,2.20454,-0.805878,3.78003,0
3,7,44,0.672553,1.3993,-0.646582,-0.45329,1.3993,1
3,8,45,0.546402,0.480758,-0.989663,-0.351506,0.480758,0
2,3,67,-0.0340643,0.951085,-4.33476,-0.933887,0.951085,1
4,12,49,-2.61941,-2.61941,-2.3856,-0.416188,-0.416188,3
3,8,50,0.23565,-0.526788,-2.70986,-0.510597,-0.526788,0
1,11,87,-0.325595,-0.543077,-5.60239,-2.09737,-0.543077,0
4,16,55,-3.02202,-2.4801,-3.26052,-0.458097,-0.458097,3
1,8,51,1.99095,1.77144,-3.03783,-0.448822,1.99095,0
3,2,73,-2.18874,-2.18987,-4.58061,-1.30758,-2.18987,3
3,14,32,1.75292,3.30659,1.7249,-0.805878,3.30659,1
3,6,55,-0.792429,0.429803,-3.26052,-0.458097,0.429803,1
4,3,3,0.273204,2.87944,3,-0.805878,2.87944,2
1,6,94,-0.506688,-0.619268,-3.41916,-2.55553,-0.619268,0
4,11,48,-2.52467,-2.52467,-2.02538,-0.386848,-0.386848,3
3,4,64,-0.0295863,0.140943,-3.84075,-0.813937,0.140943,1
3,18,65,-0.75085,-0.536995,-4.11009,-0.783219,-0.536995,1
4,2,63,-1.74837,-1.04006,-4.03562,-0.692524,-4.03562,3
4,19,56,-3.03023,-3.01559,-3.43957,-0.474568,-0.474568,3
2,14,32,2.57625,3.00706,1.7249,-0.805878,3.00706,1
1,8,45,2.5886,2.47131,-0.989663,-0.351506,2.47131,0
4,16,53,-2.88215,-2.33108,-3.24637,-0.595251,-0.595251,3
2,5,65,0.962577,1.02191,-4.11009,-0.783219,0.962577,1
3,20,56,-0.500252,-0.239093,-3.43957,-0.474568,-0.239093,1
3,13,37,1.79327,1.09292,0.962271,-0.077702,1.09292,0
4,18,55,-3.02202,-2.15442,-3.26052,-0.458097,-0.458097,3
4,20,80,-4.58061,-4.58061,-4.82344,-1.66435,-1.66435,3
2,5,51,2.35291,1.534,-3.03783,-0.448822,1.534,0
3,5,44,1.18003,1.09664,-0.646582,-0.45329,1.09664,0
4,15,77,-4.23657,-2.21403,-4.67517,-1.58996,-1.58996,3
3,1,26,3.70403,3.16424,2.08517,-0.805878,3.16424,0
3,7,46,1.44172,1.35815,-1.27338,-0.395639,1.35815,0
3,8,47,0.189508,0.201457,-1.66582,-0.377744,0.201457,1
3,18,39,0.989092,1.25496,0.982003,-0.317489,1.25496,1
2,11,91,-1.21083,-1.25172,-6.29331,-2.45927,-1.25172,0
4,17,60,-3.24637,-1.79231,-3.62281,-0.563066,-0.563066,3
3,18,71,-0.899425,-1.20391,-4.4203,-1.13959,-1.20391,0
4,2,57,-1.13236,-0.787185,-3.55909,-0.534181,-3.55909,3
4,19,58,-3.03783,-3.17986,-3.5329,-0.497556,-0.497556,3
4,16,68,-3.77303,-3.3497,-4.27007,-1.01066,-1.01066,3
3,10,49,-0.0360902,-0.863278,-2.3856,-0.416188,-0.863278,0
4,19,50,-2.7155,-2.7155,-2.70986,-0.510597,-0.510597,3
3,13,52,-0.881155,-0.848563,-3.16282,-0.404636,-0.848563,3
2,12,96,-1.44417,-1.14564,-3.41916,-2.99602,-1.14564,1
4,1,24,3.48113,-0.0316572,2.20454,-0.805878,-0.370347,0
4,8,47,-2.78547,-1.60661,-1.66582,-0.377744,-1.66582,3
4,20,70,-4.03562,-3.63024,-4.23657,-1.06699,-1.06699,3
2,5,61,1.28105,1.21316,-3.77303,-0.607646,1.21316,0
4,13,24,-1.02966,0.72158,2.20454,-0.805878,2.20454,2
1,3,68,0.457495,0.506702,-4.27007,-1.01066,0.506702,1
4,17,76,-4.38821,-4.38821,-4.75214,-1.45125,-1.45125,3
2,3,77,0.0972787,0.178708,-4.67517,-1.58996,0.178708,1
4,12,51,-2.78547,-1.74862,-3.03783,-0.448822,-0.448822,3
4,13,67,-3.62281,-2.7701,-4.33476,-0.933887,-0.933887,3
3,20,42,-0.293611,0.316839,-0.0637023,-0.353411,0.316839,1
3,13,51,-0.455114,-0.490932,-3.03783,-0.448822,-0.490932,3
4,18,57,-2.97891,-2.30787,-3.55909,-0.534181,-0.534181,3
1,11,73,0.0357959,-0.999024,-4.58061,-1.30758,-0.999024,0
4,10,82,-4.90201,-4.62088,-5.04662,-1.89873,-1.89873,3
1,8,13,4.18521,4.93223,2.91513,-0.805878,4.93223,1
2,14,45,1.03393,2.01692,-0.989663,-0.351506,2.01692,1
4,10,49,-2.88215,0.21674,-2.3856,-0.416188,-2.3856,1
3,14,34,1.17676,1.51159,1.42834,-0.805878,1.51159,1
3,6,53,1.02377,-0.867221,-3.24637,-0.595251,-0.867221,0
4,3,29,1.44619,2.17375,1.67657,-0.805878,0.683936,1
2,14,34,2.86407,2.48419,1.42834,-0.805878,2.48419,0
3,18,35,1.55235,1.823,1.44812,-0.805878,1.823,1
2,11,95,-1.34071,-1.54683,-3.41916,-2.85377,-1.54683,0
4,17,56,-3.03023,-1.48378,-3.43957,-0.474568,-0.474568,3
2,17,59,-0.182054,-0.0762159,-3.59803,-0.651593,-0.0762159,1
3,20,64,-0.932103,-0.696855,-3.84075,-0.813937,-0.696855,1
1,20,75,-0.423732,-0.408061,-4.90201,-1.41384,-0.408061,1
4,14,45,-2.28561,-2.28561,-0.989663,-0.351506,-0.351506,3
4,6,50,-0.472076,0.878853,-2.70986,-0.510597,-2.70986,1
3,7,84,-2.33569,-1.96459,-5.35927,-2.00544,-1.96459,1
3,1,64,-0.254162,-0.886486,-3.84075,-0.813937,-0.886486,0
4,8,52,-2.64513,-1.4395,-3.16282,-0.404636,-0.404636,3
2,14,54,0.71287,0.473248,-3.28628,-0.56961,0.473248,0
4,10,54,-2.88215,-1.63937,-3.28628,-0.56961,-0.56961,3
3,9,22,2.06046,3.12836,2.39276,-0.805878,3.12836,1
4,4,48,-0.57588,2.37853,-2.02538,-0.386848,-2.02538,1
2,2,38,2.81373,2.62933,0.671689,-0.230343,2.62933,0
2,9,15,4.06908,4.16207,2.8676,-0.805878,4.16207,1
2,3,39,2.62313,2.6831,0.982003,-0.317489,2.6831,1
4,1,46,-0.916858,1.97907,-1.27338,-0.395639,1.96894,1
3,2,54,-0.0918065,0.497334,-3.28628,-0.56961,0.497334,1
2,9,45,2.20009,0.939297,-0.989663,-0.351506,2.20009,0
4,6,46,-0.315525,1.2005,-1.27338,-0.395639,-1.27338,1
3,7,80,-1.60448,-1.59813,-4.82344,-1.66435,-1.59813,1
3,1,76,-0.134431,0.665954,-4.75214,-1.45125,0.665954,1
4,8,48,-2.89315,-1.64589,-2.02538,-0.386848,-2.02538,3
1,11,76,-0.0691758,-0.899557,-4.75214,-1.45125,-0.899557,0
4,10,87,-4.82344,-4.82344,-5.60239,-2.09737,-2.09737,3
1,8,8,4.89054,5.94389,2.93668,-0.805878,5.94389,1
2,14,50,0.800608,1.36426,-2.70986,-0.510597,1.36426,1
4,10,50,-2.99027,0.16424,-2.70986,-0.510597,-0.510597,1
2,11,46,1.26876,1.05426,-1.27338,-0.395639,1.05426,0
1,3,73,0.631666,0.215461,-4.58061,-1.30758,0.215461,0
4,17,75,-4.27007,-4.27007,-4.90201,-1.41384,-1.41384,3
2,3,78,0.123121,0.139839,-4.65291,-1.66623,0.139839,1
4,12,52,-2.89315,-1.80503,-3.16282,-0.404636,-0.404636,3
4,1,30,2.92153,4.11968,1.53923,-0.805878,3.84589,1
4,8,41,-2.08792,0.207926,0.201755,-0.28101,0.201755,1
4,9,48,-2.89315,-1.17566,-2.02538,-0.386848,-2.02538,3
1,11,30,2.9186,3.63049,1.53923,-0.805878,3.63049,1
4,8,79,-4.69937,-4.42591,-4.30456,-1.7295,-1.7295,3
2,10,46,1.71862,-0.0382289,-1.27338,-0.395639,1.71862,0
3,10,46,0.377334,-0.168681,-1.27338,-0.395639,-0.168681,0
4,19,55,-3.02202,-2.95239,-3.26052,-0.458097,-0.458097,3
3,5,41,1.36641,1.69552,0.201755,-0.28101,1.69552,1
3,8,44,0.383969,1.61073,-0.646582,-0.45329,1.61073,1
3,11,47,0.798694,0.587574,-1.66582,-0.377744,0.587574,0
2,3,66,-0.248306,0.919398,-4.06104,-0.806488,0.919398,1
4,12,48,-2.52467,-2.52467,-2.02538,-0.386848,-0.386848,3
3,8,51,-0.664996,-0.44631,-3.03783,-0.448822,-0.44631,1
4,16,54,-2.99027,-2.4066,-3.28628,-0.56961,-0.56961,3
1,8,44,2.36091,2.72599,-0.646582,-0.45329,2.72599,1
3,2,74,-0.0887658,-0.33873,-4.86797,-1.45906,-0.33873,0
1,8,81,-0.572281,-0.54379,-4.70389,-1.77463,-0.54379,1
2,14,14,4.39085,4.39282,2.79075,-0.805878,4.39282,1
4,10,46,-2.7155,0.127893,-1.27338,-0.395639,-1.27338,1
3,14,31,1.76672,4.3155,1.72456,-0.805878,4.3155,1
3,6,56,0.406218,0.228797,-3.43957,-0.474568,0.228797,0
4,3,24,2.27353,-0.293587,2.20454,-0.805878,2.20454,0
1,6,83,-0.17532,-0.157657,-5.22327,-1.89942,-0.157657,1
4,11,47,-2.47724,-2.47724,-1.66582,-0.377744,-0.377744,3
3,18,66,-0.867489,-0.307391,-4.06104,-0.806488,-0.307391,1
4,2,50,-0.953816,1.28625,-2.70986,-0.510597,0.00272081,1
2,14,39,2.91126,2.36849,0.982003,-0.317489,2.36849,0
1,8,46,2.2854,2.46196,-1.27338,-0.395639,2.46196,1
4,16,52,-2.89315,-2.24236,-3.16282,-0.404636,-0.404636,3
4,5,70,-2.61275,-1.50629,-4.23657,-1.06699,-1.12989,3
2,2,40,2.51195,0.336041,0.424054,-0.32524,0.336041,0
4,20,79,-4.69937,-4.69937,-4.30456,-1.7295,-1.7295,3
2,5,52,1.59083,1.48096,-3.16282,-0.404636,1.48096,0
1,20,85,-1.36531,-1.31382,-5.14185,-2.10808,-1.31382,1
4,14,19,-0.760146,-0.760146,2.73033,-0.805878,2.73033,2
4,6,48,-0.42604,1.24195,-2.02538,-0.386848,-2.02538,1
3,7,94,-1.41346,-1.70434,-3.41916,-2.55553,-1.70434,0
3,1,74,0.0825188,1.18125,-4.86797,-1.45906,1.18125,1
4,8,50,-2.99027,-1.81357,-2.70986,-0.510597,-2.70986,3
1,11,78,-0.133718,-1.05442,-4.65291,-1.66623,-1.05442,0
4,10,89,-5.04662,-5.04662,-5.75042,-2.39784,-2.39784,3
1,8,10,4.9419,4.852,2.9161,-0.805878,4.852,0
2,14,48,1.0355,1.66601,-2.02538,-0.386848,1.66601,1
4,10,52,-2.78547,-1.4239,-3.16282,-0.404636,-0.404636,3
1,3,75,0.406476,0.170258,-4.90201,-1.41384,0.170258,0
4,17,73,-4.06104,-4.06104,-4.58061,-1.30758,-1.30758,3
3,9,24,2.26517,2.57094,2.20454,-0.805878,2.57094,1
4,4,46,-0.257146,2.73391,-1.27338,-0.395639,-0.395639,1
2,7,64,1.18486,-0.509787,-3.84075,-0.813937,-0.509787,0
4,9,46,-2.7155,-1.12113,-1.27338,-0.395639,-0.395639,3
1,8,96,-0.723456,-0.157421,-3.41916,-2.99602,-0.157421,1
1,11,36,3.53844,3.30489,1.45696,0.264588,3.30489,0
2,10,48,1.45748,-0.353101,-2.02538,-0.386848,-0.353101,0
3,1,25,3.57798,3.25457,2.04479,-0.805878,3.25457,0
3,7,45,1.90528,1.21797,-0.989663,-0.351506,1.21797,0
3,8,46,0.370284,0.317624,-1.27338,-0.395639,0.317624,0
3,18,64,-0.438909,-0.410336,-3.84075,-0.813937,-0.410336,1
4,2,60,-1.37466,-0.857734,-3.62281,-0.563066,-0.759573,3
4,19,57,-2.97891,-3.06794,-3.55909,-0.534181,-0.534181,3
2,4,29,2.92298,3.07576,1.67657,-0.805878,2.92298,1
3,16,59,-1.18151,0.0459346,-3.59803,-0.651593,0.0459346,1
4,16,67,-3.62281,-3.25846,-4.33476,-0.933887,-0.933887,3
3,10,48,0.18199,-0.562319,-2.02538,-0.386848,-0.562319,0
4,19,53,-2.88215,-2.80053,-3.24637,-0.595251,-0.595251,3
1,8,97,-0.855022,-0.406488,-3.41916,-2.81209,-0.406488,1
1,11,37,3.84303,3.395,0.962271,-0.077702,3.395,0
2,10,55,0.91057,1.22773,-3.26052,-0.458097,1.22773,1
4,9,47,-2.78547,-1.18207,-1.66582,-0.377744,-0.377744,3
4,13,23,-0.967684,-0.967684,2.09672,-0.805878,2.09672,2
1,3,71,0.606463,0.236791,-4.4203,-1.13959,0.236791,0
4,17,77,-4.23657,-4.23657,-4.67517,-1.58996,-1.58996,3
2,3,76,0.010575,0.257724,-4.75214,-1.45125,0.257724,1
4,12,50,-2.7155,-2.7155,-2.70986,-0.510597,-2.70986,3
4,13,68,-3.77303,-2.88716,-4.27007,-1.01066,-1.01066,3
3,20,53,-0.340285,-0.0452275,-3.24637,-0.595251,-0.0452275,1
1,11,74,-0.0148961,-0.763732,-4.86797,-1.45906,-0.763732,0
4,10,85,-4.65291,-4.79284,-5.14185,-2.10808,-2.10808,3
1,8,14,5.12401,4.3865,2.79075,-0.805878,4.3865,0
2,14,44,1.84865,2.5227,-0.646582,-0.45329,2.5227,1
4,10,48,-2.89315,0.129935,-2.02538,-0.386848,-2.02538,1
2,14,33,2.73278,2.63848,1.60775,-0.805878,2.63848,0
3,12,39,1.90647,2.03179,0.982003,-0.317489,2.03179,1
4,6,91,-5.35927,-5.35927,-6.29331,-2.45927,-2.45927,3
2,3,55,0.59026,1.24683,-3.26052,-0.458097,0.59026,1
3,18,44,-0.334697,1.01715,-0.646582,-0.45329,1.01715,1
2,11,82,-1.25945,-1.0305,-5.04662,-1.89873,-1.0305,1
4,17,55,-3.02202,-1.43534,-3.26052,-0.458097,-0.458097,3
4,6,47,-0.38284,1.19663,-1.66582,-0.377744,-1.66582,1
3,7,81,-1.67027,-1.6366,-4.70389,-1.77463,-1.6366,1
3,1,77,0.0437466,1.13203,-4.67517,-1.58996,1.13203,1
4,8,49,-2.88215,-1.73966,-2.3856,-0.416188,-2.3856,3
1,11,75,0.19615,-0.668746,-4.90201,-1.41384,-0.668746,0
4,10,84,-4.67517,-4.85424,-5.35927,-2.00544,-2.00544,3
1,8,15,4.15143,4.75305,2.8676,-0.805878,4.75305,1
2,14,51,0.824771,0.485703,-3.03783,-0.448822,0.485703,0
4,10,51,-2.7155,-1.38282,-3.03783,-0.448822,-0.448822,3
2,11,45,1.54799,1.1185,-0.989663,-0.351506,1.1185,0
1,3,70,0.34315,0.442623,-4.23657,-1.06699,0.442623,1
4,17,74,-4.33476,-4.33476,-4.86797,-1.45906,-1.45906,3
2,3,79,0.0683887,0.165454,-4.30456,-1.7295,0.165454,1
4,12,53,-2.88215,-1.78152,-3.24637,-0.595251,-0.595251,3
1,20,74,-0.634737,-0.533384,-4.86797,-1.45906,-0.533384,1
4,14,18,-0.728975,-0.728975,2.65786,-0.805878,2.65786,2
4,6,49,-0.424323,1.0907,-2.3856,-0.416188,-2.3856,1
3,7,95,-1.43434,-2.04871,-3.41916,-2.85377,-2.04871,0
3,1,75,-0.129515,0.785663,-4.90201,-1.41384,0.785663,1
4,8,51,-2.56447,-1.40329,-3.03783,-0.448822,-3.03783,3
1,11,77,-0.0099145,-0.946793,-4.67517,-1.58996,-0.946793,0
4,10,86,-4.30456,-4.30456,-5.61978,-2.01828,-2.01828,3
1,8,9,4.29772,5.2691,2.89122,-0.805878,5.2691,1
2,14,49,0.755581,1.32375,-2.3856,-0.416188,1.32375,1
4,10,53,-2.89315,-1.46918,-3.24637,-0.595251,-0.595251,3
1,3,72,0.496917,-0.03557,-4.69937,-1.21867,-0.03557,0
4,17,72,-4.11009,-4.11009,-4.69937,-1.21867,-1.21867,3
2,3,73,0.0861897,0.479893,-4.58061,-1.30758,0.479893,1
4,12,55,-3.02202,-1.91491,-3.26052,-0.458097,-0.458097,3
4,2,48,-0.51775,1.3583,-2.02538,-0.386848,1.30746,1
3,18,76,-1.31353,-1.50192,-4.75214,-1.45125,-1.50192,0
3,9,27,2.06944,1.73788,1.79261,-0.805878,1.73788,0
4,4,47,-0.414228,2.54163,-1.66582,-0.377744,-1.66582,1
2,2,37,2.70713,2.69248,0.962271,-0.077702,2.69248,0
2,9,12,3.61772,2.69398,2.93608,-0.805878,2.69398,0
2,3,38,3.09435,2.90895,0.671689,-0.230343,2.90895,0
3,2,55,0.646401,1.18879,-3.26052,-0.458097,1.18879,1
2,3,6,4.40789,5.3122,2.97518,-0.805878,5.3122,1
2,9,44,1.83408,2.61275,-0.646582,-0.45329,2.61275,1
4,1,31,2.52179,3.91415,1.72456,-0.805878,2.64322,1
4,8,40,-2.00091,0.194066,0.424054,-0.32524,0.424054,2
4,16,75,-4.27007,-4.27007,-4.90201,-1.41384,-1.41384,3
2,4,21,4.13098,3.86698,2.59473,-0.805878,3.86698,0
3,16,51,-1.06788,0.184785,-3.03783,-0.448822,0.184785,1
4,9,49,-2.88215,-1.17353,-2.3856,-0.416188,-2.3856,3
1,11,31,2.99752,3.59326,1.72456,-0.805878,3.59326,1
4,8,78,-4.4203,-4.15085,-4.65291,-1.66623,-2.90854,3
2,10,45,1.63099,0.105103,-0.989663,-0.351506,0.105103,0
3,10,45,0.261014,0.123627,-0.989663,-0.351506,0.123627,0
4,3,11,3.33235,6.69472,2.80572,-0.805878,2.80572,1
2,16,48,0.341791,1.9413,-2.02538,-0.386848,1.9413,1
4,19,54,-2.99027,-2.89244,-3.28628,-0.56961,-0.56961,3
3,5,40,1.24554,1.80902,0.424054,-0.32524,1.80902,1
4,11,80,-4.58061,-4.40035,-4.82344,-1.66435,-1.66435,3
4,2,77,-0.147464,-1.8753,-4.67517,-1.58996,-1.58996,0
3,1,6,5.03589,5.40873,2.97518,-0.805878,5.40873,1
3,7,42,0.548555,1.50955,-0.0637023,-0.353411,1.50955,1
3,8,43,0.519326,1.71734,-0.351569,-0.382527,1.71734,1
2,9,28,3.05903,2.16329,1.70711,-0.805878,2.16329,0
3,12,38,1.16478,1.95431,0.671689,-0.230343,1.95431,1
4,6,90,-5.22327,-5.22327,-6.05291,-2.36134,-2.36134,3
2,3,54,0.628149,1.25729,-3.28628,-0.56961,1.25729,1
3,18,47,-0.0495992,1.25307,-1.66582,-0.377744,1.25307,1
2,11,83,-1.00668,-0.880237,-5.22327,-1.89942,-0.880237,1
4,17,52,-2.89315,-1.3944,-3.16282,-0.404636,-0.404636,3
3,11,46,0.357411,0.465416,-1.27338,-0.395639,0.465416,1
3,14,30,1.83,4.03247,1.53923,-0.805878,4.03247,1
3,6,57,0.205517,-0.0276298,-3.55909,-0.534181,-0.0276298,0
4,3,25,2.20839,-0.285016,2.04479,-0.805878,2.04479,0
1,6,80,0.0660177,0.00981044,-4.82344,-1.66435,0.00981044,0
4,11,46,-2.41163,-2.41163,-1.27338,-0.395639,-0.395639,3
3,18,67,-1.15052,-0.815935,-4.33476,-0.933887,-0.815935,1
4,2,61,-1.47555,-0.901564,-3.77303,-0.607646,-0.70558,3
2,14,94,-2.06939,-1.51933,-3.41916,-2.55553,-1.51933,1
2,11,30,2.97631,3.27032,1.53923,-0.805878,3.27032,1
3,18,96,-3.01292,-3.2632,-3.41916,-2.99602,-3.01292,3
4,13,79,-4.69937,-4.59296,-4.30456,-1.7295,-1.7295,3
4,5,69,-2.50194,-1.53091,-4.38821,-0.937499,-0.937499,3
3,20,62,-0.679518,-0.706399,-3.86868,-0.735614,-0.706399,0
3,13,39,1.12,0.872945,0.982003,-0.317489,0.872945,0
4,18,53,-2.88215,-2.05079,-3.24637,-0.595251,-0.595251,3
3,8,48,0.553014,0.398089,-2.02538,-0.386848,0.398089,0
3,2,79,-1.94954,-0.743543,-4.30456,-1.7295,-0.743543,1
1,8,86,-0.574242,0.375515,-5.61978,-2.01828,0.375515,1
4,10,45,-2.61941,0.179849,-0.989663,-0.351506,-0.989663,1
2,7,65,1.25452,-0.806349,-4.11009,-0.783219,-0.806349,0
1,11,35,3.70054,3.21314,1.44812,-0.805878,3.21314,0
2,10,49,1.14812,-0.635011,-2.3856,-0.416188,-0.635011,0
4,9,45,-2.61941,-1.03641,-0.989663,-0.351506,-0.989663,3
4,14,14,-0.580929,-0.580929,2.79075,-0.805878,2.79075,2
4,6,45,-0.255763,1.17962,-0.989663,-0.351506,-0.989663,1
4,4,45,-0.186765,2.74422,-0.989663,-0.351506,-0.989663,1
4,2,83,-0.451687,-2.383,-5.22327,-1.89942,-2.383,0
4,11,98,-6.29331,-6.29331,-3.41916,-3.12829,-3.12829,3
3,20,72,-1.40537,-1.19347,-4.69937,-1.21867,-1.19347,1
4,1,45,-0.722351,2.33639,-0.989663,-0.351506,2.33569,1
1,5,59,1.34834,1.81731,-3.59803,-0.651593,1.81731,1
2,12,48,1.7894,1.94101,-2.02538,-0.386848,1.94101,1
1,1,36,3.09675,3.24096,1.45696,0.264588,3.24096,1
1,10,44,1.46279,2.37129,-0.646582,-0.45329,1.46279,1
4,20,92,-5.14185,-5.14185,-6.43894,-2.39982,-2.39982,3
2,5,39,2.65086,2.48744,0.982003,-0.317489,2.48744,0
4,9,50,-2.99027,-1.25032,-2.70986,-0.510597,-0.510597,3
1,1,54,1.45343,1.80051,-3.28628,-0.56961,1.80051,1
1,10,58,0.703208,1.21263,-3.5329,-0.497556,1.21263,1
2,12,46,1.83667,2.06962,-1.27338,-0.395639,2.06962,1
4,16,37,-1.84662,2.45138,0.962271,-0.077702,0.962271,1
2,17,51,0.133964,0.854382,-3.03783,-0.448822,0.854382,1
4,12,57,-2.97891,-1.93117,-3.55909,-0.534181,-0.534181,3
2,3,75,0.343656,0.390946,-4.90201,-1.41384,0.390946,1
4,16,74,-4.33476,-4.33476,-4.86797,-1.45906,-1.45906,3
2,4,20,4.69006,4.63453,2.55099,-0.805878,4.63453,0
3,16,50,-0.589917,-1.02365,-2.70986,-0.510597,-1.02365,3
4,19,91,-5.35927,-5.35927,-6.29331,-2.45927,-2.45927,3
3,19,35,1.5956,1.42606,1.44812,-0.805878,1.42606,0
2,2,36,2.90358,2.81485,1.45696,0.264588,2.81485,0
3,17,25,2.33081,1.85406,2.04479,-0.805878,1.85406,0
3,9,69,-0.440991,-0.505987,-4.38821,-0.937499,-0.505987,0
2,19,62,-0.168254,0.282748,-3.86868,-0.735614,0.282748,1
3,14,81,-1.53166,-1.5316,-4.70389,-1.77463,-1.5316,1
3,8,68,-0.270347,-0.0268533,-4.27007,-1.01066,-0.0268533,1
4,1,28,3.75214,4.49265,1.70711,-0.805878,3.38871,1
4,8,43,-2.24665,0.0138141,-0.351569,-0.382527,-0.351569,1
3,7,55,-1.45751,-2.29919,-3.26052,-0.458097,-2.29919,3
3,1,35,2.42956,2.96465,1.44812,-0.805878,2.96465,1
3,10,44,1.12745,1.18408,-0.646582,-0.45329,1.18408,1
4,11,81,-4.86797,-4.46819,-4.70389,-1.77463,-1.77463,3
4,2,76,0.0623976,-1.72578,-4.75214,-1.45125,-1.58852,0
3,1,5,5.26287,4.82197,2.97834,-0.805878,4.82197,0
3,7,41,0.901312,1.38197,0.201755,-0.28101,1.38197,1
2,9,27,3.52049,4.31619,1.79261,-0.805878,4.31619,1
3,12,43,1.25506,1.6339,-0.351569,-0.382527,1.6339,1
4,6,95,-5.55605,-5.55605,-3.41916,-2.85377,-2.85377,3
2,3,51,1.17659,1.90972,-3.03783,-0.448822,1.90972,1
4,17,51,-2.78547,-1.22453,-3.03783,-0.448822,-0.448822,3
3,11,45,0.918329,0.559482,-0.989663,-0.351506,0.559482,0
3,14,29,1.91439,4.1682,1.67657,-0.805878,4.1682,1
3,6,58,-1.10596,-1.41982,-3.5329,-0.497556,-1.41982,3
4,3,30,1.42462,2.07183,1.53923,-0.805878,1.53923,1
2,5,64,0.642289,0.721948,-3.84075,-0.813937,0.721948,1
4,5,68,-2.25847,-1.4225,-4.27007,-1.01066,-1.01066,3
3,20,57,-0.507402,-0.360855,-3.55909,-0.534181,-0.360855,1
3,13,38,1.65869,1.71549,0.671689,-0.230343,1.71549,1
4,18,52,-2.89315,-1.98737,-3.16282,-0.404636,-0.404636,3
2,14,47,0.960569,1.77175,-1.66582,-0.377744,1.77175,1
1,11,98,-0.797934,-1.32538,-3.41916,-3.12829,-1.32538,0
1,8,38,3.71727,3.08983,0.671689,-0.230343,3.08983,0
4,16,44,-2.26409,-2.03332,-0.646582,-0.45329,-0.45329,3
3,8,49,0.347719,-0.0938743,-2.3856,-0.416188,-0.0938743,0
1,11,86,-0.451311,-0.674295,-5.61978,-2.01828,-0.674295,0
4,16,48,-2.52467,-2.52467,-2.02538,-0.386848,-0.386848,3
1,8,50,2.19626,2.09719,-2.70986,-0.510597,2.09719,0
3,2,72,-0.78871,-2.23217,-4.69937,-1.21867,-2.23217,0
1,8,87,-0.277836,0.29018,-5.60239,-2.09737,0.29018,1
4,10,44,-2.26409,-0.319197,-0.646582,-0.45329,-0.646582,1
2,7,66,0.942346,-1.39045,-4.06104,-0.806488,-1.39045,0
1,11,34,3.55528,3.28014,1.42834,-0.805878,3.28014,0
2,10,50,1.33014,-0.458341,-2.70986,-0.510597,-0.458341,0
4,9,44,-2.26409,0.933849,-0.646582,-0.45329,-0.646582,1
4,20,68,-3.77303,-3.45183,-4.27007,-1.01066,-1.01066,3
2,5,63,0.958178,0.962725,-4.03562,-0.692524,0.962725,1
2,9,86,-1.02682,-0.891517,-5.61978,-2.01828,-0.891517,1
4,14,15,-0.479294,-0.479294,2.8676,-0.805878,2.8676,2
4,6,44,-2.26409,0.990097,-0.646582,-0.45329,-0.646582,1
4,2,51,-1.33615,-0.520247,-3.03783,-0.448822,-3.03783,3
3,18,77,-1.7474,-1.62248,-4.67517,-1.58996,-1.62248,3
3,9,26,2.11864,2.49417,2.08517,-0.805878,2.49417,1
4,4,44,-1.00026,1.8983,-0.646582,-0.45329,-0.646582,1
4,2,82,-0.62573,-2.39743,-5.04662,-1.89873,-2.39743,0
4,11,99,-6.43894,-6.43894,-3.41916,-3.35117,-3.35117,3
4,13,95,-5.55605,-5.55605,-3.41916,-2.85377,-2.85377,3
1,16,61,0.145686,0.944855,-3.77303,-0.607646,0.944855,1
1,6,25,4.26787,3.95611,2.04479,-0.805878,3.95611,0
4,2,44,1.14292,0.754438,-0.646582,-0.45329,-0.151358,0
4,1,44,1.80537,-0.236248,-0.646582,-0.45329,-0.31663,0
4,6,93,-5.61978,-5.61978,-3.41916,-2.51688,-2.51688,3
3,12,45,0.580827,0.271963,-0.989663,-0.351506,0.271963,0
3,20,75,-1.04129,-1.10157,-4.90201,-1.41384,-1.10157,0
2,17,50,0.265097,1.04992,-2.70986,-0.510597,1.04992,1
3,17,20,2.70617,2.69084,2.55099,-0.805878,2.69084,0
3,3,11,2.98665,4.32498,2.80572,-0.805878,4.32498,1
3,19,66,-0.985201,-0.78844,-4.06104,-0.806488,-0.78844,1
2,4,23,4.08545,3.05506,2.09672,-0.805878,3.05506,0
3,16,49,-0.396554,-0.935309,-2.3856,-0.416188,-0.935309,0
4,13,30,-1.41916,-1.41916,1.53923,-0.805878,1.53923,2
2,11,79,-0.914989,-0.874765,-4.30456,-1.7295,-0.874765,1
3,18,51,-0.446631,0.520218,-3.03783,-0.448822,0.520218,1
4,19,88,-4.70389,-4.70389,-5.55605,-2.24038,-2.24038,3
3,19,32,1.6279,1.80149,1.7249,-0.805878,1.80149,1
2,2,35,3.17312,2.85559,1.44812,-0.805878,3.17312,0
4,20,82,-4.90201,-4.90201,-5.04662,-1.89873,-1.89873,3
2,5,49,1.8105,1.78126,-2.3856,-0.416188,1.8105,0
4,1,29,3.54564,4.14749,1.67657,-0.805878,3.15697,1
4,8,42,-2.16262,0.0427874,-0.0637023,-0.353411,-0.0637023,1
3,7,54,-1.88665,-2.25862,-3.28628,-0.56961,-2.25862,3
3,1,34,2.64128,3.07667,1.42834,-0.805878,3.07667,1
3,10,43,1.05311,1.23331,-0.351569,-0.382527,1.23331,1
4,11,86,-4.30456,-4.30456,-5.61978,-2.01828,-2.01828,3
4,2,79,-0.160725,-1.91742,-4.30456,-1.7295,-1.91742,0
3,1,4,5.37222,5.96636,2.97261,-0.805878,5.96636,1
3,7,40,1.12416,1.56432,0.424054,-0.32524,1.56432,1
3,8,41,0.922363,1.8089,0.201755,-0.28101,1.8089,1
3,12,40,1.89491,2.24697,0.424054,-0.32524,2.24697,1
4,6,88,-4.70389,-4.70389,-5.55605,-2.24038,-2.24038,3
2,9,26,3.92179,4.46076,2.08517,-0.805878,4.46076,1
2,3,48,1.97405,1.40966,-2.02538,-0.386848,1.40966,0
4,17,50,-2.7155,-2.7155,-2.70986,-0.510597,-0.510597,3
3,11,44,0.447527,-0.449709,-0.646582,-0.45329,-0.449709,0
3,14,28,1.91933,3.50237,1.70711,-0.805878,3.50237,1
3,6,59,0.566783,-0.113692,-3.59803,-0.651593,-0.113692,0
4,3,31,1.0846,1.92127,1.72456,-0.805878,1.72456,1
4,13,77,-4.23657,-4.17059,-4.67517,-1.58996,-1.58996,3
3,20,60,-0.634208,-0.478865,-3.62281,-0.563066,-0.478865,1
3,8,54,-0.845281,0.977828,-3.28628,-0.56961,0.977828,1
3,2,77,-0.842549,-0.4331,-4.67517,-1.58996,-0.4331,1
1,8,84,-0.505251,-0.583967,-5.35927,-2.00544,-0.583967,0
4,10,43,-2.24665,-0.38625,-0.351569,-0.382527,-0.382527,2
4,20,73,-4.06104,-4.06104,-4.58061,-1.30758,-1.30758,3
2,5,58,1.60863,1.166,-3.5329,-0.497556,1.166,0
4,6,43,-2.24665,0.949737,-0.351569,-0.382527,-0.382527,1
3,18,72,-1.0681,-1.26848,-4.69937,-1.21867,-1.26848,0
3,9,31,2.22928,1.62046,1.72456,-0.805878,1.62046,0
4,4,43,-0.848369,1.86323,-0.351569,-0.382527,-0.382527,1
2,16,16,3.82635,3.0218,2.59926,-0.805878,3.0218,0
4,3,43,0.487986,2.35857,-0.351569,-0.382527,2.34223,1
4,1,43,1.57287,-0.051613,-0.351569,-0.382527,-0.125149,0
1,5,57,1.36209,1.70188,-3.55909,-0.534181,1.70188,1
2,12,62,0.4202,-0.291827,-3.86868,-0.735614,-0.291827,0
1,1,38,2.92003,2.7674,0.671689,-0.230343,2.7674,0
1,10,42,1.76282,2.53452,-0.0637023,-0.353411,2.53452,1
4,20,94,-5.60239,-5.60239,-3.41916,-2.55553,-2.55553,3
2,5,37,2.58967,3.11893,0.962271,-0.077702,3.11893,1
4,9,52,-2.65703,-2.3796,-3.16282,-0.404636,-0.404636,3
1,11,99,-0.66124,-1.31771,-3.41916,-3.35117,-1.31771,0
1,8,39,2.55614,3.26551,0.982003,-0.317489,3.26551,1
4,16,35,-1.73068,2.57062,1.44812,-0.805878,1.44812,1
2,14,46,0.946893,1.94037,-1.27338,-0.395639,1.94037,1
2,4,22,3.67072,3.25263,2.39276,-0.805878,3.25263,0
3,16,48,-0.198357,-0.851179,-2.02538,-0.386848,-0.851179,0
4,13,29,-1.34672,-1.34672,1.67657,-0.805878,1.67657,2
2,9,11,3.76656,3.58307,2.80572,-0.805878,3.58307,0
2,3,35,3.28522,3.16813,1.44812,-0.805878,3.16813,0
4,20,89,-5.04662,-5.04662,-5.75042,-2.39784,-2.39784,3
2,5,42,2.42136,2.21143,-0.0637023,-0.353411,2.21143,0
2,7,39,2.33925,2.43617,0.982003,-0.317489,2.43617,1
3,7,53,-1.88019,-1.08321,-3.24637,-0.595251,-1.08321,3
3,1,33,2.76836,3.31586,1.60775,-0.805878,3.31586,1
3,10,42,1.12647,1.19069,-0.0637023,-0.353411,1.19069,1
3,5,37,1.46304,3.02984,0.962271,-0.077702,3.02984,1
3,1,19,3.35043,3.1817,2.73033,-0.805878,3.1817,0
3,7,39,1.22006,1.78718,0.982003,-0.317489,1.78718,1
2,3,70,-0.534799,0.89092,-4.23657,-1.06699,0.89092,1
4,12,44,-2.26409,0.752584,-0.646582,-0.45329,-0.646582,1
3,14,27,2.18464,2.22793,1.79261,-0.805878,2.22793,1
3,6,60,0.413301,-0.0326228,-3.62281,-0.563066,-0.0326228,0
1,2,2,6.00077,6.60302,2.95846,-0.805878,6.00077,1
4,3,20,-0.805878,3.35893,2.55099,-0.805878,2.55099,1
1,6,87,-0.350783,-0.417559,-5.60239,-2.09737,-0.417559,0
4,2,26,1.0785,0.867409,2.08517,-0.805878,-0.136563,2
4,11,43,-2.24665,-0.61634,-0.351569,-0.382527,-0.382527,2
2,11,31,3.19464,3.25404,1.72456,-0.805878,3.25404,1
3,18,99,-2.78901,-2.87666,-3.41916,-3.35117,-2.87666,0
4,13,78,-4.4203,-4.36859,-4.65291,-1.66623,-1.66623,3
3,20,63,-0.839347,-0.755858,-4.03562,-0.692524,-0.755858,3
3,13,40,1.0901,1.13595,0.424054,-0.32524,1.13595,1
4,18,50,-2.7155,-2.7155,-2.70986,-0.510597,-0.510597,3
3,8,55,-1.12696,0.616015,-3.26052,-0.458097,0.616015,1
3,2,78,-0.37381,-0.607025,-4.65291,-1.66623,-0.607025,0
1,8,85,-0.665346,-0.688528,-5.14185,-2.10808,-0.688528,0
4,10,42,-2.16262,-0.274292,-0.0637023,-0.353411,-0.0637023,2
4,20,74,-4.33476,-4.33476,-4.86797,-1.45906,-1.45906,3
2,5,57,1.29075,0.854762,-3.55909,-0.534181,0.854762,0
2,16,17,2.10491,3.11127,2.67763,-0.805878,3.11127,1
4,3,42,0.695511,2.39936,-0.0637023,-0.353411,0.105383,1
4,1,42,1.88021,0.0946786,-0.0637023,-0.353411,-0.012863,0
4,1,37,0.325882,1.03417,0.962271,-0.077702,0.622379,1
3,20,80,-1.35008,-1.37312,-4.82344,-1.66435,-1.37312,0
1,12,68,0.120223,0.174281,-4.27007,-1.01066,0.174281,1
4,15,92,-5.14185,-5.14185,-6.43894,-2.39982,-2.39982,3
4,19,23,-0.967684,-0.967684,2.09672,-0.805878,2.09672,2
4,8,85,-4.65291,-4.59868,-5.14185,-2.10808,-2.10808,3
3,2,20,4.67862,2.79237,2.55099,-0.805878,2.79237,0
3,4,35,2.06976,2.8363,1.44812,-0.805878,2.8363,1
1,5,38,3.09451,3.29917,0.671689,-0.230343,3.29917,1
1,6,36,3.72629,3.47226,1.45696,0.264588,3.47226,0
2,3,8,5.04467,4.53914,2.93668,-0.805878,4.53914,0
3,5,36,1.41237,3.27085,1.45696,0.264588,3.27085,1
1,6,76,0.234039,0.276621,-4.75214,-1.45125,0.276621,1
4,2,19,-0.728975,-0.760146,2.73033,-0.805878,2.73033,2
4,11,34,-1.65275,-1.65275,1.42834,-0.805878,1.42834,2
3,14,18,2.65786,2.20372,2.65786,-0.805878,2.20372,0
3,6,37,1.59258,1.62346,0.962271,-0.077702,1.62346,1
4,13,75,-4.27007,-4.20316,-4.90201,-1.41384,-1.41384,3
3,20,50,-0.33447,0.640677,-2.70986,-0.510597,0.640677,1
3,10,41,1.61478,2.07897,0.201755,-0.28101,2.07897,1
3,18,79,-1.32873,-1.75635,-4.30456,-1.7295,-1.75635,0
1,6,98,-0.553382,-0.463397,-3.41916,-3.12829,-0.463397,1
4,2,49,-0.948647,1.02304,-2.3856,-0.416188,0.967683,1
3,14,26,2.08807,2.51113,2.08517,-0.805878,2.51113,1
3,6,61,-0.505321,-0.466673,-3.77303,-0.607646,-0.466673,1
4,3,21,0.963626,1.50183,2.59473,-0.805878,2.59473,2
1,6,84,-0.20079,-0.225202,-5.35927,-2.00544,-0.225202,0
4,2,27,1.01239,0.729091,1.79261,-0.805878,-0.422136,2
4,11,42,-2.16262,-0.420555,-0.0637023,-0.353411,-0.0637023,2
3,18,75,-1.06331,-1.45766,-4.90201,-1.41384,-1.45766,0
3,9,28,1.28665,1.45325,1.70711,-0.805878,1.45325,2
4,4,42,-0.795015,1.95529,-0.0637023,-0.353411,-0.0637023,1
2,3,69,0.0384163,0.559957,-4.38821,-0.937499,0.559957,1
4,12,43,-2.24665,0.818211,-0.351569,-0.382527,-0.382527,1
3,8,52,-0.839871,0.813375,-3.16282,-0.404636,0.813375,1
3,2,67,-0.397068,0.468178,-4.33476,-0.933887,0.468178,1
1,8,90,-0.452122,0.171835,-6.05291,-2.36134,0.171835,1
4,10,41,-2.08792,-0.0401186,0.201755,-0.28101,0.201755,2
4,20,71,-3.84075,-3.84075,-4.4203,-1.13959,-1.13959,3
2,5,60,1.22156,1.16236,-3.62281,-0.563066,1.16236,0
2,12,72,0.0103963,-0.176985,-4.69937,-1.21867,-0.176985,0
2,7,53,1.71631,-0.437411,-3.24637,-0.595251,-0.437411,0
2,16,30,2.80583,2.72069,1.53923,-0.805878,2.72069,0
4,3,41,0.697047,2.4765,0.201755,-0.28101,0.201755,1
4,13,98,-6.29331,-6.29331,-3.41916,-3.12829,-3.12829,3
4,1,41,2.22908,0.182196,0.201755,-0.28101,2.22908,0
3,18,78,-1.25874,-1.68254,-4.65291,-1.66623,-1.68254,0
1,6,99,-0.349659,-0.509216,-3.41916,-3.35117,-0.509216,0
1,5,99,-0.389023,-0.295339,-3.41916,-3.35117,-0.295339,1
4,2,54,-1.10383,-0.72469,-3.28628,-0.56961,-3.28628,3
3,12,35,1.32919,2.55293,1.44812,-0.805878,2.55293,1
4,6,87,-4.82344,-4.82344,-5.60239,-2.09737,-2.09737,3
1,8,33,3.7787,3.40982,1.60775,-0.805878,3.40982,0
4,16,33,-1.57416,3.43813,1.60775,-0.805878,1.60775,1
4,1,36,0.322486,1.13153,1.45696,0.264588,0.876512,2
3,20,81,-1.99245,-1.44292,-4.70389,-1.77463,-1.44292,1
1,12,67,0.0565917,0.13628,-4.33476,-0.933887,0.13628,1
4,15,93,-5.61978,-5.61978,-3.41916,-2.51688,-2.51688,3
4,19,22,-0.882782,-0.882782,2.39276,-0.805878,2.39276,2
2,3,32,3.35065,2.84389,1.7249,-0.805878,3.35065,0
2,9,10,4.08234,4.0952,2.9161,-0.805878,4.08234,1
3,4,34,2.24314,2.94823,1.42834,-0.805878,2.94823,1
4,6,94,-5.60239,-5.60239,-3.41916,-2.55553,-2.55553,3
3,12,42,1.54648,1.89747,-0.0637023,-0.353411,1.89747,1
2,9,43,2.00331,2.87898,-0.351569,-0.382527,2.87898,1
2,3,3,5.51507,4.62127,3,-0.805878,4.62127,0
3,5,35,2.02191,3.3996,1.44812,-0.805878,3.3996,1
1,6,79,0.110959,0.0770093,-4.30456,-1.7295,0.0770093,0
4,2,18,3.78575,5.46112,2.65786,-0.805878,0.761146,1
4,11,35,-1.73068,-1.73068,1.44812,-0.805878,1.44812,2
2,7,14,3.50738,4.0133,2.79075,-0.805878,3.50738,1
4,12,20,-0.805878,-0.805878,2.55099,-0.805878,2.55099,2
3,18,48,-0.138543,1.16627,-2.02538,-0.386848,1.16627,1
2,11,78,-0.947669,-0.81293,-4.65291,-1.66623,-0.81293,1
4,17,43,-2.24665,-1.99917,-0.351569,-0.382527,-0.351569,2
2,7,18,4.1283,3.76495,2.65786,-0.805878,4.1283,0
4,12,16,-0.543395,2.74425,2.59926,-0.805878,2.59926,1
3,18,52,-0.418931,0.6276,-3.16282,-0.404636,0.6276,1
2,11,74,-0.843424,-0.468689,-4.86797,-1.45906,-0.468689,1
4,17,47,-2.47724,-2.47724,-1.66582,-0.377744,-0.377744,3
4,13,76,-4.38821,-4.32943,-4.75214,-1.45125,-1.45125,3
3,20,61,-0.758636,-0.640213,-3.77303,-0.607646,-0.640213,3
2,13,43,2.03109,2.51368,-0.351569,-0.382527,2.51368,1
4,5,41,3.95681,0.301533,0.201755,-0.28101,-0.183919,0
4,13,43,-2.24665,-2.43781,-0.351569,-0.382527,-0.382527,2
4,5,23,-0.876519,1.89974,2.09672,-0.805878,2.09672,2
3,13,29,1.89136,2.66298,1.67657,-0.805878,2.66298,1
4,18,47,-2.47724,-2.47724,-1.66582,-0.377744,-0.377744,3
3,14,25,2.36139,2.5563,2.04479,-0.805878,2.5563,1
3,6,62,-0.447969,-0.220661,-3.86868,-0.735614,-0.220661,1
4,3,26,2.04361,-0.216835,2.08517,-0.805878,2.08517,2
1,6,81,0.042548,-0.173581,-4.70389,-1.77463,-0.173581,0
4,11,41,-2.08792,-0.202729,0.201755,-0.28101,0.201755,2
4,4,25,0.434758,0.640879,2.04479,-0.805878,2.04479,2
3,9,9,2.94956,3.33674,2.89122,-0.805878,2.94956,1
2,3,68,-0.413051,0.811526,-4.27007,-1.01066,0.811526,1
4,12,42,-2.16262,0.655117,-0.0637023,-0.353411,-0.0637023,1
3,8,53,0.629508,1.06208,-3.24637,-0.595251,1.06208,1
3,2,76,-0.783461,-0.414788,-4.75214,-1.45125,-0.414788,1
1,8,91,-0.676779,-0.0423915,-6.29331,-2.45927,-0.0423915,1
4,10,40,-2.00091,-0.156437,0.424054,-0.32524,0.424054,2
4,20,72,-4.11009,-4.11009,-4.69937,-1.21867,-1.21867,3
2,5,59,1.29515,1.05595,-3.59803,-0.651593,1.05595,0
4,6,40,-2.00091,1.07605,0.424054,-0.32524,0.424054,1
3,12,33,1.76773,2.71719,1.60775,-0.805878,2.71719,1
4,6,81,-4.86797,-4.51617,-4.70389,-1.77463,-1.77463,3
4,13,99,-6.43894,-6.43894,-3.41916,-3.35117,-3.35117,3
4,1,40,2.23517,0.240401,0.424054,-0.32524,0.240401,0
1,16,72,-0.183504,0.306,-4.69937,-1.21867,0.306,1
1,6,34,4.01731,3.7764,1.42834,-0.805878,3.7764,0
1,5,44,2.48359,2.0862,-0.646582,-0.45329,2.0862,0
2,12,41,2.60847,2.81651,0.201755,-0.28101,2.81651,1
1,1,59,1.58921,1.06711,-3.59803,-0.651593,1.06711,0
1,10,39,2.6433,3.05291,0.982003,-0.317489,3.05291,1
1,8,42,2.57959,2.80879,-0.0637023,-0.353411,2.80879,1
4,16,40,-2.00091,-1.78596,0.424054,-0.32524,-0.32524,2
2,14,43,2.64972,2.73324,-0.351569,-0.382527,2.73324,1
4,7,73,-4.06104,-3.91704,-4.58061,-1.30758,-1.30758,3
3,15,44,1.21459,1.15148,-0.646582,-0.45329,1.15148,0
2,5,36,2.69283,3.3601,1.45696,0.264588,2.69283,1
4,20,95,-5.55605,-5.55605,-3.41916,-2.85377,-2.85377,3
3,17,45,-0.376952,0.921425,-0.989663,-0.351506,0.921425,1
3,3,32,1.92127,2.41088,1.7249,-0.805878,2.41088,1
1,12,66,0.0388168,0.142781,-4.06104,-0.806488,0.142781,1
4,15,94,-5.60239,-5.60239,-3.41916,-2.55553,-2.55553,3
4,19,25,-1.10732,-1.10732,2.04479,-0.805878,2.04479,2
3,12,57,-0.223967,0.251665,-3.55909,-0.534181,0.251665,1
4,6,73,-4.06104,-3.91068,-4.58061,-1.30758,-2.60913,3
2,3,33,3.56489,3.48223,1.60775,-0.805878,3.48223,0
2,9,13,4.19534,3.66098,2.91513,-0.805878,3.66098,0
4,8,87,-4.82344,-4.82344,-5.60239,-2.09737,-2.09737,3
3,2,22,3.02378,3.78517,2.39276,-0.805878,3.78517,1
3,4,33,2.07447,3.31831,1.60775,-0.805878,3.31831,1
2,7,17,4.05845,3.90923,2.67763,-0.805878,3.90923,0
4,12,17,-0.64769,-0.64769,2.67763,-0.805878,2.67763,2
3,18,53,-0.655074,0.0458074,-3.24637,-0.595251,0.0458074,1
2,11,73,-1.32596,-0.820873,-4.58061,-1.30758,-0.820873,1
4,17,46,-2.41163,-2.41163,-1.27338,-0.395639,-0.395639,3
3,8,85,-1.51107,-1.54187,-5.14185,-2.10808,-1.54187,0
1,5,32,3.94639,4.11232,1.7249,-0.805878,4.11232,1
1,6,38,3.27964,3.35347,0.671689,-0.230343,3.35347,1
3,14,22,2.62534,2.27046,2.39276,-0.805878,2.27046,0
3,6,33,2.14637,2.16207,1.60775,-0.805878,2.16207,1
2,19,97,-2.55516,-2.05844,-3.41916,-2.81209,-2.55516,1
4,5,20,-0.805878,0.575697,2.55099,-0.805878,2.55099,2
3,13,30,1.81952,2.57967,1.53923,-0.805878,2.57967,1
4,18,44,-2.26409,-1.95842,-0.646582,-0.45329,-0.45329,3
2,13,42,2.73428,2.69179,-0.0637023,-0.353411,2.69179,0
4,5,46,-2.46475,1.74867,-1.27338,-0.395639,-1.27338,1
4,18,30,-1.41916,-1.41916,1.53923,-0.805878,1.53923,2
4,13,42,-2.16262,-2.26024,-0.0637023,-0.353411,-0.353411,2
2,1,16,5.0895,4.6317,2.59926,-0.805878,4.6317,0
3,4,40,0.879395,1.98389,0.424054,-0.32524,1.98389,1
4,13,88,-4.70389,-4.70389,-5.55605,-2.24038,-2.24038,3
2,13,96,-1.4557,-1.13135,-3.41916,-2.99602,-1.13135,1
1,11,66,0.151984,1.3541,-4.06104,-0.806488,1.3541,1
4,10,93,-5.61978,-5.61978,-3.41916,-2.51688,-2.51688,3
3,5,34,2.32644,3.44171,1.42834,-0.805878,3.44171,1
4,3,23,0.786636,1.54307,2.09672,-0.805878,2.09672,2
1,6,74,0.308083,0.465242,-4.86797,-1.45906,0.465242,1
4,2,25,1.30462,0.609067,2.04479,-0.805878,-0.33423,2
4,11,36,-1.77946,-1.77946,1.45696,0.264588,1.45696,2
3,14,20,2.69025,2.65652,2.55099,-0.805878,2.65652,0
2,19,99,-2.47571,-2.18442,-3.41916,-3.35117,-2.18442,1
3,6,35,2.20549,1.9649,1.44812,-0.805878,1.9649,0
2,1,27,3.99747,4.03487,1.79261,-0.805878,4.03487,1
2,7,13,4.81795,4.24873,2.91513,-0.805878,4.24873,0
4,12,21,-0.867753,-0.867753,2.59473,-0.805878,2.59473,2
3,18,49,-0.259528,1.02398,-2.3856,-0.416188,1.02398,1
2,11,77,-1.11371,-0.584067,-4.67517,-1.58996,-0.584067,1
4,17,42,-2.16262,-1.91741,-0.0637023,-0.353411,-0.353411,2
2,13,44,1.63681,2.20131,-0.646582,-0.45329,2.20131,1
4,5,18,-0.728975,5.64368,2.65786,-0.805878,2.65786,1
3,13,24,2.44215,2.80145,2.20454,-0.805878,2.80145,1
4,18,34,-1.65275,-1.04717,1.42834,-0.805878,1.42834,2
1,20,77,-0.761194,-0.481146,-4.67517,-1.58996,-0.481146,1
4,14,43,-2.24665,-2.47972,-0.351569,-0.382527,-0.382527,2
1,8,32,3.37109,3.83002,1.7249,-0.805878,3.83002,1
4,16,34,-1.65275,2.94097,1.42834,-0.805878,1.42834,1
3,18,73,-0.972318,-1.66842,-4.58061,-1.30758,-1.66842,0
1,5,98,-0.368857,-0.437005,-3.41916,-3.12829,-0.437005,0
1,6,96,-0.251217,-0.511137,-3.41916,-2.99602,-0.511137,0
4,2,55,-1.07769,-0.863527,-3.26052,-0.458097,-0.582813,3
3,14,24,2.51171,2.59176,2.20454,-0.805878,2.59176,1
3,6,63,-0.527225,-0.0901055,-4.03562,-0.692524,-0.0901055,1
4,3,27,1.92177,-0.302305,1.79261,-0.805878,1.79261,0
1,6,86,-0.369423,-0.348322,-5.61978,-2.01828,-0.348322,1
4,11,40,-2.00091,-0.45708,0.424054,-0.32524,0.424054,2
3,9,30,1.68496,1.02066,1.53923,-0.805878,1.02066,0
4,4,40,-0.707174,2.09782,0.424054,-0.32524,0.424054,1
4,4,28,-1.15599,2.41906,1.70711,-0.805878,1.70711,1
3,9,10,2.95793,3.92825,2.9161,-0.805878,3.92825,1
3,2,65,-0.517508,-0.442313,-4.11009,-0.783219,-0.442313,1
1,8,88,-0.362812,0.294323,-5.55605,-2.24038,0.294323,1
4,10,39,-1.93459,0.0775226,0.982003,-0.317489,0.982003,2
2,20,66,-0.325693,0.259177,-4.06104,-0.806488,0.259177,1
1,19,59,0.641587,0.591812,-3.59803,-0.651593,0.591812,0
3,6,19,4.04159,3.36679,2.73033,-0.805878,3.36679,0
3,10,68,-0.370379,0.0179041,-4.27007,-1.01066,0.0179041,1
4,4,39,-0.647696,2.09178,0.982003,-0.317489,-0.317489,1
4,1,39,2.24461,0.267961,0.982003,-0.317489,0.258366,0
1,16,73,-0.333105,0.178028,-4.58061,-1.30758,0.178028,1
1,6,45,2.24659,2.25157,-0.989663,-0.351506,2.25157,1
1,5,45,2.07686,2.61786,-0.989663,-0.351506,2.61786,1
2,12,42,2.09233,2.46695,-0.0637023,-0.353411,2.46695,1
1,1,58,1.67016,1.12997,-3.5329,-0.497556,1.12997,0
1,10,38,3.04575,3.01616,0.671689,-0.230343,3.01616,0
1,10,56,0.95297,1.42691,-3.43957,-0.474568,1.42691,1
1,1,56,1.64922,1.48091,-3.43957,-0.474568,1.48091,0
3,5,23,3.57464,4.51464,2.09672,-0.805878,4.51464,1
2,9,39,2.81685,3.23095,0.982003,-0.317489,3.23095,1
2,3,31,3.76177,3.05898,1.72456,-0.805878,3.05898,0
3,7,67,-1.5503,-1.17367,-4.33476,-0.933887,-1.17367,3
3,1,63,0.470614,0.214437,-4.03562,-0.692524,0.214437,0
4,8,39,-1.93459,0.432556,0.982003,-0.317489,-0.317489,2
2,4,32,3.25071,3.32196,1.7249,-0.805878,3.25071,1
2,17,89,-1.62672,-1.40659,-5.75042,-2.39784,-1.40659,1
4,1,2,5.25763,2.47558,2.95846,-0.805878,1.31744,0
1,17,59,0.272807,0.820691,-3.59803,-0.651593,0.820691,1
4,5,43,3.89626,0.0327887,-0.351569,-0.382527,-0.351569,0
4,18,19,-0.760146,-0.760146,2.73033,-0.805878,2.73033,2
4,13,45,-2.28561,-2.28561,-0.989663,-0.351506,-0.351506,3
2,13,41,2.68082,2.65588,0.201755,-0.28101,2.65588,0
1,12,65,0.246522,0.403107,-4.11009,-0.783219,0.403107,1
4,15,95,-5.55605,-5.55605,-3.41916,-2.85377,-2.85377,3
4,19,24,-1.02966,-1.02966,2.20454,-0.805878,2.20454,2
4,8,86,-4.30456,-4.30456,-5.61978,-2.01828,-2.01828,3
3,2,23,2.56566,2.77374,2.09672,-0.805878,2.77374,1
3,4,32,1.7938,2.77122,1.7249,-0.805878,2.77122,1
2,7,12,4.51986,4.3738,2.93608,-0.805878,4.3738,0
4,12,18,-0.728975,-0.728975,2.65786,-0.805878,2.65786,2
3,18,54,-0.472214,0.408993,-3.28628,-0.56961,0.408993,1
2,11,76,-1.24077,-0.611677,-4.75214,-1.45125,-0.611677,1
4,17,45,-2.28561,-2.28561,-0.989663,-0.351506,-0.351506,3
2,20,32,2.40844,2.70541,1.7249,-0.805878,2.70541,1
1,5,31,3.97739,3.6962,1.72456,-0.805878,3.6962,0
3,8,84,-1.67841,-1.39945,-5.35927,-2.00544,-1.39945,1
1,5,39,2.82572,2.74742,0.982003,-0.317489,2.74742,0
1,6,39,2.95152,3.24324,0.982003,-0.317489,3.24324,1
2,1,17,3.94454,4.79984,2.67763,-0.805878,4.79984,1
3,4,41,0.680794,1.94079,0.201755,-0.28101,1.94079,1
4,13,87,-4.82344,-4.82344,-5.60239,-2.09737,-2.09737,3
2,13,99,-1.58,-1.26102,-3.41916,-3.35117,-1.26102,1
1,11,65,0.246563,1.36672,-4.11009,-0.783219,1.36672,1
4,10,90,-5.22327,-5.22327,-6.05291,-2.36134,-2.36134,3
2,9,41,2.36739,3.27854,0.201755,-0.28101,3.27854,1
2,3,13,3.85511,4.59063,2.91513,-0.805878,4.59063,1
3,5,33,2.30016,3.61534,1.60775,-0.805878,3.61534,1
3,20,85,-2.19848,-2.08361,-5.14185,-2.10808,-2.08361,1
3,16,32,1.854,1.74671,1.7249,-0.805878,1.74671,0
2,4,6,3.98304,6.01272,2.97518,-0.805878,6.01272,1
2,17,48,0.445586,1.2232,-2.02538,-0.386848,1.2232,1
4,3,22,0.979003,1.54291,2.39276,-0.805878,2.39276,2
1,6,85,-0.0538834,-0.0744509,-5.14185,-2.10808,-0.0744509,0
4,2,24,1.29611,0.706264,2.20454,-0.805878,2.20454,2
4,11,37,-1.84662,-1.84662,0.962271,-0.077702,0.962271,2
3,14,21,2.6464,2.47171,2.59473,-0.805878,2.47171,0
2,19,98,-2.27499,-2.01109,-3.41916,-3.12829,-2.01109,1
3,6,34,2.13025,2.02545,1.42834,-0.805878,2.02545,0
4,5,13,-0.496319,1.73383,2.91513,-0.805878,2.91513,2
3,13,23,0.512438,2.19451,2.09672,-0.805878,2.19451,1
4,18,37,-1.84662,-1.22257,0.962271,-0.077702,0.962271,2
1,20,66,0.377428,0.427306,-4.06104,-0.806488,0.427306,1
4,14,42,-2.16262,-2.38174,-0.0637023,-0.353411,-0.0637023,2
3,14,23,2.51284,2.45205,2.09672,-0.805878,2.45205,0
2,19,96,-2.14492,-2.2088,-3.41916,-2.99602,-2.2088,0
3,6,32,2.53013,2.7339,1.7249,-0.805878,2.7339,1
4,3,16,1.64119,-0.543395,2.59926,-0.805878,2.59926,2
1,6,75,0.0399174,0.322822,-4.90201,-1.41384,0.322822,1
4,2,30,1.28083,3.42643,1.53923,-0.805878,0.252675,1
4,11,39,-1.93459,-0.142117,0.982003,-0.317489,0.982003,2
4,4,31,-1.34367,2.05233,1.72456,-0.805878,1.72456,1
3,9,11,2.0813,3.44248,2.80572,-0.805878,3.44248,1
2,3,90,-0.685622,-0.721444,-6.05291,-2.36134,-0.721444,0
4,12,40,-2.00091,0.884539,0.424054,-0.32524,0.424054,1
3,2,66,-0.181483,0.509953,-4.06104,-0.806488,0.509953,1
1,8,89,-0.462561,0.18983,-5.75042,-2.39784,0.18983,1
4,10,38,-1.89425,-1.89425,0.671689,-0.230343,0.671689,2
3,7,66,-1.76704,-2.40365,-4.06104,-0.806488,-2.40365,3
3,1,62,-0.0127686,-0.675,-3.86868,-0.735614,-0.675,0
4,8,38,-1.89425,-2.05733,0.671689,-0.230343,0.671689,2
4,12,98,-6.29331,-6.29331,-3.41916,-3.12829,-3.12829,3
2,20,69,-0.676395,-0.226639,-4.38821,-0.937499,-0.226639,1
4,13,50,-2.7155,-2.7155,-2.70986,-0.510597,-2.70986,3
4,18,22,-0.882782,-0.882782,2.39276,-0.805878,2.39276,2
4,5,38,-1.92376,0.731425,0.671689,-0.230343,0.671689,1
1,19,58,0.45186,0.431432,-3.5329,-0.497556,0.431432,0
3,6,16,2.89978,3.58904,2.59926,-0.805878,3.58904,1
3,10,69,-0.82928,-0.280687,-4.38821,-0.937499,-0.280687,1
4,4,38,0.188735,1.28285,0.671689,-0.230343,0.671689,1
4,1,38,0.33703,0.922254,0.671689,-0.230343,0.33703,1
1,16,74,-0.396482,0.0654609,-4.86797,-1.45906,0.0654609,1
1,6,32,3.93322,4.27062,1.7249,-0.805878,4.27062,1
1,5,34,3.96097,3.79014,1.42834,-0.805878,3.79014,0
2,12,55,0.657051,0.428806,-3.26052,-0.458097,0.428806,0
1,1,61,1.36427,1.25314,-3.77303,-0.607646,1.25314,0
1,10,37,3.13174,3.02744,0.962271,-0.077702,3.02744,0
4,9,57,-2.97311,-2.62997,-3.55909,-0.534181,-0.534181,3
1,11,23,4.20168,3.82248,2.09672,-0.805878,4.20168,0
2,10,37,2.8562,3.05935,0.962271,-0.077702,3.05935,1
4,13,32,-1.51638,-1.51638,1.7249,-0.805878,1.7249,2
2,17,90,-1.8403,-1.77926,-6.05291,-2.36134,-1.77926,1
4,1,13,-0.496319,1.28748,2.91513,-0.805878,0.794939,2
1,17,58,0.529472,0.88993,-3.5329,-0.497556,0.88993,1
3,17,47,-0.382218,0.574382,-1.66582,-0.377744,0.574382,1
3,3,34,3.15958,1.81141,1.42834,-0.805878,1.81141,0
4,5,40,3.52977,0.273154,0.424054,-0.32524,0.424054,0
4,13,44,-2.26409,-2.48726,-0.646582,-0.45329,-0.45329,3
2,4,44,2.08794,1.66238,-0.646582,-0.45329,1.66238,0
2,13,40,2.73871,2.46441,0.424054,-0.32524,2.46441,0
2,7,19,4.20492,4.0948,2.73033,-0.805878,4.0948,0
4,12,19,-0.760146,-0.760146,2.73033,-0.805878,2.73033,2
3,18,55,-0.501094,0.324262,-3.26052,-0.458097,0.324262,1
2,11,75,-0.641044,-0.396203,-4.90201,-1.41384,-0.396203,1
4,17,44,-2.26409,-2.04182,-0.646582,-0.45329,-0.45329,3
3,8,87,-2.03098,-1.04921,-5.60239,-2.09737,-1.04921,1
4,12,46,-2.41163,-2.41163,-1.27338,-0.395639,-0.395639,3
2,3,64,-0.112403,1.0724,-3.84075,-0.813937,1.0724,1
2,7,8,4.79886,3.12287,2.93668,-0.805878,3.12287,0
4,12,22,-0.882782,-0.882782,2.39276,-0.805878,2.39276,2
2,1,22,4.22588,4.01541,2.39276,-0.805878,4.22588,0
3,4,42,0.515434,1.78157,-0.0637023,-0.353411,1.78157,1
4,13,86,-4.30456,-4.30456,-5.61978,-2.01828,-2.01828,3
1,12,75,-0.392028,0.44334,-4.90201,-1.41384,0.44334,1
4,15,85,-4.65291,-2.47928,-5.14185,-2.10808,-2.10808,3
4,19,30,-1.41916,-1.41916,1.53923,-0.805878,1.53923,2
2,13,98,-1.49415,-1.11536,-3.41916,-3.12829,-1.11536,1
1,11,64,0.334116,1.78549,-3.84075,-0.813937,1.78549,1
4,10,91,-5.35927,-5.35927,-6.29331,-2.45927,-2.45927,3
3,5,32,1.84037,1.98405,1.7249,-0.805878,1.98405,1
4,3,17,-0.516684,4.92536,2.67763,-0.805878,0.626933,1
1,6,72,0.408387,0.350507,-4.69937,-1.21867,0.350507,0
4,2,31,0.912467,2.98028,1.72456,-0.805878,0.456469,1
4,11,38,-1.89425,-1.89425,0.671689,-0.230343,-0.230343,2
2,7,15,4.16619,4.26287,2.8676,-0.805878,4.26287,1
4,12,23,-0.967684,-0.967684,2.09672,-0.805878,2.09672,2
4,17,40,-2.00091,-1.7792,0.424054,-0.32524,-0.32524,2
3,11,38,0.992112,1.41776,0.671689,-0.230343,1.41776,1
4,5,16,-0.543395,-0.543395,2.59926,-0.805878,2.59926,2
3,13,26,2.35099,2.74505,2.08517,-0.805878,2.74505,1
4,18,32,-1.51638,-1.51638,1.7249,-0.805878,1.7249,2
1,20,79,-1.02337,-0.788411,-4.30456,-1.7295,-0.788411,1
4,14,41,-2.08792,-2.31583,0.201755,-0.28101,0.201755,2
3,2,71,-0.863182,-0.102297,-4.4203,-1.13959,-0.102297,1
1,8,94,-0.792112,-0.328571,-3.41916,-2.55553,-0.328571,1
4,10,37,-1.84662,-1.84662,0.962271,-0.077702,0.962271,2
2,20,64,-0.158564,0.465536,-3.84075,-0.813937,0.465536,1
1,19,57,0.68902,0.670232,-3.55909,-0.534181,0.68902,0
3,6,45,0.897381,1.74136,-0.989663,-0.351506,1.74136,1
3,10,70,-0.710215,-0.0396245,-4.23657,-1.06699,-0.0396245,1
3,11,11,2.92125,2.78222,2.80572,-0.805878,2.78222,0
1,16,75,-0.564706,-0.071159,-4.90201,-1.41384,-0.071159,1
1,6,35,3.95792,3.66166,1.44812,-0.805878,3.66166,0
1,5,35,3.66391,3.72436,1.44812,-0.805878,3.72436,1
2,12,40,2.83115,2.67152,0.424054,-0.32524,2.67152,0
1,1,60,1.47778,1.17069,-3.62281,-0.563066,1.17069,0
1,10,36,3.14492,2.98038,1.45696,0.264588,2.98038,0
4,12,78,-4.4203,-1.64004,-4.65291,-1.66623,-1.66623,1
4,17,17,-0.64769,-1.19634,2.67763,-0.805878,2.67763,2
3,5,17,3.67357,4.47015,2.67763,-0.805878,4.47015,1
1,12,20,4.61763,3.89493,2.55099,-0.805878,3.89493,0
4,9,58,-2.93859,-2.70725,-3.5329,-0.497556,-0.497556,3
1,11,40,3.57417,2.74389,0.424054,-0.32524,2.74389,0
2,10,36,2.88419,3.22496,1.45696,0.264588,3.22496,1
2,17,95,-2.47589,-1.91671,-3.41916,-2.85377,-1.91671,1
1,17,37,3.00945,3.62664,0.962271,-0.077702,3.62664,1
3,8,86,-2.20028,-1.01567,-5.61978,-2.01828,-1.01567,1
1,5,33,3.79619,3.77652,1.60775,-0.805878,3.77652,0
1,6,33,3.6547,3.75989,1.60775,-0.805878,3.75989,1
3,19,57,-0.410933,-0.403827,-3.55909,-0.534181,-0.403827,1
4,19,33,-1.57416,-1.57416,1.60775,-0.805878,1.60775,2
2,1,23,4.56593,3.87667,2.09672,-0.805878,3.87667,0
3,4,43,0.304491,1.52226,-0.351569,-0.382527,0.304491,1
1,12,76,-0.135803,0.575586,-4.75214,-1.45125,0.575586,1
4,15,84,-4.67517,-2.5525,-5.35927,-2.00544,-2.00544,3
4,19,31,-1.46886,-1.46886,1.72456,-0.805878,1.72456,2
4,6,22,-0.882782,-0.230728,2.39276,-0.805878,2.39276,2
3,12,98,-2.55411,-2.69216,-3.41916,-3.12829,-2.69216,0
2,9,47,2.05778,0.62573,-1.66582,-0.377744,0.62573,0
2,3,7,5.23697,3.85892,2.92731,-0.805878,3.85892,0
1,10,32,3.39656,2.62661,1.7249,-0.805878,2.62661,0
1,1,32,2.97586,3.77408,1.7249,-0.805878,3.77408,1
3,5,31,1.62794,1.92566,1.72456,-0.805878,1.92566,1
3,9,25,2.12564,2.06641,2.04479,-0.805878,2.06641,0
4,4,41,-0.741827,1.91458,0.201755,-0.28101,0.201755,1
4,5,19,-0.760146,-0.675804,2.73033,-0.805878,2.73033,2
3,13,25,2.4664,2.50262,2.04479,-0.805878,2.50262,1
4,18,35,-1.73068,-1.09384,1.44812,-0.805878,1.44812,2
1,20,76,-0.550114,-0.481066,-4.75214,-1.45125,-0.481066,1
4,14,40,-2.00091,-2.23593,0.424054,-0.32524,-0.32524,2
3,2,64,0.256504,0.480534,-3.84075,-0.813937,0.480534,1
1,8,95,-0.70231,-0.17497,-3.41916,-2.85377,-0.17497,1
4,10,36,-1.77946,-1.77946,1.45696,0.264588,1.45696,2
2,20,67,-0.352274,0.213635,-4.33476,-0.933887,0.213635,1
4,13,48,-2.52467,-2.52467,-2.02538,-0.386848,-2.02538,3
4,18,20,-0.805878,-0.805878,2.55099,-0.805878,2.55099,2
4,5,36,-1.81246,1.25729,1.45696,0.264588,1.45696,2
3,11,12,2.85294,4.93098,2.93608,-0.805878,4.93098,1
2,12,53,0.932657,0.970632,-3.24637,-0.595251,0.970632,1
1,1,63,1.03376,1.04631,-4.03562,-0.692524,1.04631,1
1,10,35,3.07614,3.04398,1.44812,-0.805878,3.04398,0
1,10,59,0.879351,1.00728,-3.59803,-0.651593,1.00728,1
1,1,55,1.58463,1.45442,-3.26052,-0.458097,1.45442,0
3,5,16,3.39613,3.81879,2.59926,-0.805878,3.81879,1
2,9,38,3.05157,2.6994,0.671689,-0.230343,2.6994,0
2,3,28,3.67406,2.99079,1.70711,-0.805878,2.99079,0
2,3,50,1.25666,1.49853,-2.70986,-0.510597,1.49853,1
2,9,24,3.4408,4.51508,2.20454,-0.805878,3.4408,1
4,13,92,-5.14185,-5.14185,-6.43894,-2.39982,-2.39982,3
1,12,19,4.13079,4.54946,2.73033,-0.805878,4.54946,1
2,17,88,-1.80899,-1.55434,-5.55605,-2.24038,-1.55434,1
4,1,3,6.00077,3.46228,3,-0.805878,-0.800398,0
1,17,36,2.94608,3.61176,1.45696,0.264588,3.61176,1
1,10,33,2.85947,2.78454,1.60775,-0.805878,2.78454,0
1,1,33,3.27529,3.49073,1.60775,-0.805878,3.49073,1
3,5,30,1.76996,0.926285,1.53923,-0.805878,0.926285,0
3,8,81,-1.65964,-1.16423,-4.70389,-1.77463,-1.16423,1
2,19,53,0.246126,0.629886,-3.24637,-0.595251,0.629886,1
3,14,74,-0.589251,-1.10423,-4.86797,-1.45906,-1.10423,0
1,19,55,1.29086,1.17923,-3.26052,-0.458097,1.17923,0
3,10,80,-1.91069,-1.88906,-4.82344,-1.66435,-1.88906,3
3,6,31,2.03478,2.9258,1.72456,-0.805878,2.9258,1
3,17,78,-1.40608,-1.62656,-4.65291,-1.66623,-1.62656,0
3,3,69,-0.459376,0.524855,-4.38821,-0.937499,-0.459376,1
3,10,35,2.08331,1.6949,1.44812,-0.805878,1.6949,0
3,2,69,-0.560662,0.369496,-4.38821,-0.937499,0.369496,1
1,8,92,-0.606768,-0.211837,-6.43894,-2.39982,-0.211837,1
4,10,35,-1.73068,-1.73068,1.44812,-0.805878,1.44812,2
2,20,70,-0.469762,-0.10516,-4.23657,-1.06699,-0.10516,1
4,1,35,0.354529,1.19927,1.44812,-0.805878,0.456653,2
3,6,66,0.366636,-0.141565,-4.06104,-0.806488,-0.141565,0
3,11,13,2.0301,2.83658,2.91513,-0.805878,2.83658,2
2,12,54,0.597299,0.596774,-3.28628,-0.56961,0.596774,0
1,1,62,1.32943,1.14595,-3.86868,-0.735614,1.14595,0
1,10,34,3.226,3.05289,1.42834,-0.805878,3.05289,0
3,5,27,2.90161,3.31932,1.79261,-0.805878,3.31932,1
2,9,35,3.13722,2.89747,1.44812,-0.805878,2.89747,0
2,3,27,3.79532,3.44932,1.79261,-0.805878,3.44932,0
2,3,61,-0.0501921,1.323,-3.77303,-0.607646,1.323,1
2,9,25,3.37805,4.47491,2.04479,-0.805878,4.47491,1
4,13,91,-5.35927,-5.35927,-6.29331,-2.45927,-2.45927,3
1,11,69,0.0321515,1.21122,-4.38821,-0.937499,1.21122,1
4,10,94,-5.60239,-5.60239,-3.41916,-2.55553,-2.55553,3
4,2,94,-5.60239,-5.60239,-3.41916,-2.55553,-2.55553,3
3,18,42,-0.30856,1.33063,-0.0637023,-0.353411,1.33063,1
1,12,18,4.68596,4.18925,2.65786,-0.805878,4.18925,0
2,17,93,-2.3169,-1.75633,-3.41916,-2.51688,-1.75633,1
4,1,6,4.02977,-0.0435823,2.97518,-0.805878,4.02977,0
1,17,39,2.9827,2.09324,0.982003,-0.317489,2.09324,0
3,5,29,1.62771,0.75657,1.67657,-0.805878,0.75657,2
3,8,80,-1.07571,-1.05242,-4.82344,-1.66435,-1.05242,1
4,12,47,-2.47724,-2.47724,-1.66582,-0.377744,-1.66582,3
2,3,65,0.331242,0.887806,-4.11009,-0.783219,0.887806,1
1,19,52,1.94623,1.59333,-3.16282,-0.404636,1.59333,0
3,10,83,-2.17605,-1.46768,-5.22327,-1.89942,-1.46768,1
3,6,30,1.77041,2.90559,1.53923,-0.805878,2.90559,1
2,1,26,3.84186,3.83042,2.08517,-0.805878,3.83042,0
3,17,79,-2.12422,-1.8184,-4.30456,-1.7295,-1.8184,3
3,3,66,-1.18513,1.35483,-4.06104,-0.806488,1.35483,1
3,10,34,2.16476,1.80263,1.42834,-0.805878,1.80263,0
4,5,9,-0.323307,-0.323307,2.89122,-0.805878,2.89122,2
1,20,70,0.150646,0.190516,-4.23657,-1.06699,0.190516,1
4,14,38,-1.89425,0.900529,0.671689,-0.230343,0.671689,1
3,2,70,-0.0410864,0.234804,-4.23657,-1.06699,0.234804,1
1,8,93,-0.726274,-0.157,-3.41916,-2.51688,-0.157,1
4,10,34,-1.65275,-1.65275,1.42834,-0.805878,1.42834,2
4,13,93,-5.61978,-5.61978,-3.41916,-2.51688,-2.51688,3
4,1,34,0.447162,1.24639,1.42834,-0.805878,0.790236,2
3,6,65,-0.388508,-0.227491,-4.11009,-0.783219,-0.227491,1
3,11,14,2.84696,3.7123,2.79075,-0.805878,3.7123,1
2,12,51,1.03622,0.917561,-3.03783,-0.448822,0.917561,0
2,14,41,2.82888,2.52346,0.201755,-0.28101,2.52346,0
1,11,96,-0.834171,-1.10393,-3.41916,-2.99602,-1.10393,0
1,8,36,3.79516,3.61598,1.45696,0.264588,3.61598,0
4,16,46,-2.41163,-2.41163,-1.27338,-0.395639,-0.395639,3
3,16,36,1.20372,1.70233,1.45696,0.264588,1.70233,1
2,1,24,4.12644,4.12706,2.20454,-0.805878,4.12706,1
4,13,90,-5.22327,-5.22327,-6.05291,-2.36134,-2.36134,3
1,11,68,-0.0182493,1.47569,-4.27007,-1.01066,1.47569,1
4,10,95,-5.55605,-5.55605,-3.41916,-2.85377,-2.85377,3
1,12,17,4.16834,5.22209,2.67763,-0.805878,5.22209,1
2,17,94,-1.98608,-1.81039,-3.41916,-2.55553,-1.81039,1
4,1,1,4.87053,4.60469,3,-0.805878,4.87053,0
1,17,38,3.29042,3.56079,0.671689,-0.230343,3.56079,1
3,2,44,1.00333,1.53521,-0.646582,-0.45329,1.53521,1
1,7,34,4.39738,3.26943,1.42834,-0.805878,3.26943,0
3,4,27,2.70823,3.18563,1.79261,-0.805878,3.18563,1
3,5,28,1.88129,0.876706,1.70711,-0.805878,0.876706,0
3,19,58,-0.426771,-0.482962,-3.5329,-0.497556,-0.482962,0
4,19,34,-1.65275,-1.65275,1.42834,-0.805878,1.42834,2
1,19,41,2.03273,2.71168,0.201755,-0.28101,2.71168,1
3,10,86,-2.21553,-1.39757,-5.61978,-2.01828,-1.39757,1
3,6,29,2.01746,3.02568,1.67657,-0.805878,3.02568,1
1,11,45,2.35525,2.2625,-0.989663,-0.351506,2.2625,0
2,10,63,0.253111,0.455543,-4.03562,-0.692524,0.455543,1
4,9,39,-1.93459,1.43109,0.982003,-0.317489,0.982003,1
2,12,31,2.28698,2.59065,1.72456,-0.805878,2.59065,1
1,10,13,3.74019,3.9157,2.91513,-0.805878,3.9157,1
3,11,34,1.39672,2.27385,1.42834,-0.805878,2.27385,1
1,8,35,3.77986,3.61826,1.44812,-0.805878,3.61826,0
4,16,39,-1.93459,-1.72712,0.982003,-0.317489,-0.317489,2
4,4,34,0.47439,1.73383,1.42834,-0.805878,1.73383,1
2,7,67,0.899407,-0.680163,-4.33476,-0.933887,-0.680163,0
4,5,12,-0.438248,4.80145,2.93608,-0.805878,2.93608,1
3,13,22,0.717764,2.42753,2.39276,-0.805878,2.42753,1
4,18,36,-1.77946,-1.15437,1.45696,0.264588,0.264588,2
1,20,67,0.188087,0.348331,-4.33476,-0.933887,0.348331,1
4,14,37,-1.84662,0.449836,0.962271,-0.077702,0.962271,2
2,14,61,0.0894979,0.549442,-3.77303,-0.607646,0.549442,1
4,10,33,-1.57416,-1.57416,1.60775,-0.805878,1.60775,2
2,20,68,-0.387975,0.132897,-4.27007,-1.01066,0.132897,1
4,4,33,0.505835,1.86281,1.60775,-0.805878,1.60775,1
4,1,33,0.575938,1.56326,1.60775,-0.805878,0.587644,2
3,6,64,0.135457,0.0953061,-3.84075,-0.813937,0.0953061,0
3,11,15,2.80889,3.26114,2.8676,-0.805878,3.26114,1
2,12,52,0.943913,1.20287,-3.16282,-0.404636,1.20287,1
2,2,93,-0.956764,-0.666751,-3.41916,-2.51688,-0.666751,1
2,14,40,2.96949,2.57631,0.424054,-0.32524,2.57631,0
1,11,97,-0.862926,-1.17685,-3.41916,-2.81209,-1.17685,0
1,8,37,3.99333,3.43203,0.962271,-0.077702,3.43203,0
4,16,45,-2.28561,-2.28561,-0.989663,-0.351506,-0.351506,3
2,17,83,-1.36748,-1.3776,-5.22327,-1.89942,-1.3776,0
4,1,4,5.20757,6.24187,2.97261,-0.805878,5.06696,1
1,17,33,2.68954,4.23303,1.60775,-0.805878,4.23303,1
1,19,54,1.16128,1.23336,-3.28628,-0.56961,1.23336,1
3,10,81,-0.979245,-1.34434,-4.70389,-1.77463,-1.34434,0
3,6,28,2.21241,3.39681,1.70711,-0.805878,3.39681,1
4,4,29,-1.20063,2.26718,1.67657,-0.805878,1.67657,1
2,15,37,2.18521,3.25337,0.962271,-0.077702,3.25337,1
4,13,89,-5.04662,-5.04662,-5.75042,-2.39784,-2.39784,3
2,13,97,-1.56722,-1.116,-3.41916,-2.81209,-1.116,1
1,11,67,0.213997,1.55605,-4.33476,-0.933887,1.55605,1
4,10,92,-5.14185,-5.14185,-6.43894,-2.39982,-2.39982,3
4,18,41,-2.08792,-1.77839,0.201755,-0.28101,-0.28101,2
3,13,35,1.57858,2.28148,1.44812,-0.805878,2.28148,1
2,1,19,4.39851,4.60718,2.73033,-0.805878,4.60718,1
3,14,17,1.45122,3.55098,2.67763,-0.805878,3.55098,1
3,6,38,1.02496,1.18355,0.671689,-0.230343,1.18355,1
4,3,18,-0.543395,5.14157,2.65786,-0.805878,2.65786,1
1,6,73,0.283302,0.402003,-4.58061,-1.30758,0.402003,1
4,2,28,1.46006,3.52332,1.70711,-0.805878,-0.49665,1
4,11,33,-1.57416,-1.57416,1.60775,-0.805878,1.60775,2
4,5,15,-0.479294,-0.479294,2.8676,-0.805878,2.8676,2
3,13,21,0.721961,2.50227,2.59473,-0.805878,2.50227,2
4,18,39,-1.93459,-1.64065,0.982003,-0.317489,-0.317489,2
1,20,64,0.393036,0.614088,-3.84075,-0.813937,0.614088,1
4,14,36,-1.77946,0.61701,1.45696,0.264588,1.45696,2
3,18,80,-1.925,-2.0739,-4.82344,-1.66435,-2.0739,3
4,18,45,-2.28561,-2.28561,-0.989663,-0.351506,-0.989663,3
3,13,31,0.91548,2.62661,1.72456,-0.805878,2.62661,1
4,16,38,-1.89425,1.97924,0.671689,-0.230343,-0.230343,1
2,7,10,4.27782,5.37501,2.9161,-0.805878,5.37501,1
4,12,24,-1.02966,-0.881088,2.20454,-0.805878,2.20454,2
3,2,68,-0.0878696,0.430178,-4.27007,-1.01066,0.430178,1
2,14,60,0.286463,0.419214,-3.62281,-0.563066,0.419214,1
4,10,32,-1.51638,-1.75373,1.7249,-0.805878,1.7249,2
2,20,71,-0.846713,-0.386615,-4.4203,-1.13959,-0.386615,1
4,1,32,2.4106,3.95842,1.7249,-0.805878,2.20321,1
3,14,73,-1.13489,-1.30301,-4.58061,-1.30758,-1.30301,0
2,19,54,-0.0812338,0.372156,-3.28628,-0.56961,0.372156,1
3,11,48,0.568116,0.502331,-2.02538,-0.386848,0.502331,0
1,10,31,3.42765,2.66742,1.72456,-0.805878,2.66742,0
4,9,71,-3.84075,-3.63157,-4.4203,-1.13959,-1.13959,3
4,8,28,-1.27956,-1.48512,1.70711,-0.805878,1.70711,2
2,10,31,3.10471,2.85168,1.72456,-0.805878,2.85168,0
2,17,92,-1.85372,-1.53569,-6.43894,-2.39982,-1.53569,1
4,1,7,-0.323307,6.945,2.92731,-0.805878,4.66513,1
1,17,32,3.19675,3.19312,1.7249,-0.805878,3.19312,0
3,19,77,-1.2094,-1.15802,-4.67517,-1.58996,-1.15802,1
3,3,24,2.22593,3.09018,2.20454,-0.805878,3.09018,1
1,16,76,-0.483874,0.136039,-4.75214,-1.45125,0.136039,1
1,5,40,2.79887,2.32462,0.424054,-0.32524,2.32462,0
1,6,46,2.49073,2.59954,-1.27338,-0.395639,2.59954,1
1,19,51,2.07512,1.70134,-3.03783,-0.448822,2.07512,0
3,10,76,-1.75813,-1.03706,-4.75214,-1.45125,-1.03706,1
3,6,27,1.7263,3.19829,1.79261,-0.805878,3.19829,1
2,15,36,2.12133,3.267,1.45696,0.264588,3.267,1
4,6,17,-0.64769,3.24906,2.67763,-0.805878,2.67763,1
3,12,97,-2.48009,-2.54159,-3.41916,-2.81209,-2.54159,0
2,9,32,2.38177,1.68246,1.7249,-0.805878,1.68246,0
2,3,26,3.96525,3.44149,2.08517,-0.805878,3.44149,0
3,5,26,2.71278,3.45597,2.08517,-0.805878,3.45597,1
1,11,47,2.17568,2.06515,-1.66582,-0.377744,2.06515,0
2,10,61,0.257517,0.199204,-3.77303,-0.607646,0.199204,0
4,9,33,-1.57416,-1.57416,1.60775,-0.805878,1.60775,2
2,12,17,3.45032,4.50528,2.67763,-0.805878,4.50528,1
1,10,15,4.66925,5.22583,2.8676,-0.805878,5.22583,1
3,11,32,1.41936,1.86816,1.7249,-0.805878,1.86816,1
3,19,52,-0.182045,-0.012523,-3.16282,-0.404636,-0.012523,1
4,19,36,-1.77946,-1.77946,1.45696,0.264588,1.45696,2
4,18,40,-2.00091,-1.71003,0.424054,-0.32524,-0.32524,2
3,13,34,1.82145,2.31988,1.42834,-0.805878,2.31988,1
2,1,8,5.331,3.83161,2.93668,-0.805878,3.83161,0
4,4,32,-1.40725,2.1024,1.7249,-0.805878,1.7249,1
4,13,18,-0.728975,-0.728975,2.65786,-0.805878,2.65786,2
2,7,9,2.77929,4.84249,2.89122,-0.805878,4.84249,1
4,12,25,-1.10732,-0.923323,2.04479,-0.805878,2.04479,2
3,8,34,1.62485,3.55917,1.42834,-0.805878,3.55917,1
3,2,89,-0.93995,-1.22401,-5.75042,-2.39784,-1.22401,0
3,1,87,-0.651592,-1.6571,-5.60239,-2.09737,-1.6571,0
2,10,30,3.68903,2.89328,1.53923,-0.805878,2.89328,0
4,8,31,-1.46886,-1.65011,1.72456,-0.805878,1.72456,2
2,5,14,4.87545,5.16579,2.79075,-0.805878,5.16579,1
4,7,31,-1.46886,-0.840593,1.72456,-0.805878,1.72456,2
4,6,31,-1.46886,1.79555,1.72456,-0.805878,1.72456,1
4,5,31,-1.46886,0.516763,1.72456,-0.805878,1.72456,2
2,15,35,2.18879,3.2384,1.44812,-0.805878,3.2384,1
3,14,78,-1.01192,-1.20812,-4.65291,-1.66623,-1.20812,0
2,19,57,-0.230519,0.455136,-3.55909,-0.534181,0.455136,1
3,11,49,0.426099,0.40178,-2.3856,-0.416188,0.40178,0
4,7,10,-0.318694,3.84658,2.9161,-0.805878,3.84658,1
2,5,25,3.66299,4.13133,2.04479,-0.805878,4.13133,1
2,2,91,-0.876806,-0.699552,-6.29331,-2.45927,-0.876806,1
2,14,42,2.63112,2.83617,-0.0637023,-0.353411,2.83617,1
1,8,43,2.40913,2.7611,-0.351569,-0.382527,2.7611,1
4,16,47,-2.47724,-2.47724,-1.66582,-0.377744,-0.377744,3
3,2,45,1.75502,0.78407,-0.989663,-0.351506,1.75502,0
1,7,33,4.04953,3.27482,1.60775,-0.805878,3.27482,0
3,4,26,3.46127,3.32319,2.08517,-0.805878,3.32319,0
3,3,48,0.782373,0.664,-2.02538,-0.386848,0.664,0
3,17,93,-2.25109,-2.34311,-3.41916,-2.51688,-2.34311,0
4,1,10,5.64369,5.68926,2.9161,-0.805878,4.38987,1
1,17,51,1.39106,1.73156,-3.03783,-0.448822,1.73156,1
1,19,48,1.37823,2.58348,-2.02538,-0.386848,2.58348,1
3,10,79,-1.07697,-1.26398,-4.30456,-1.7295,-1.26398,0
3,6,26,2.10792,3.73708,2.08517,-0.805878,3.73708,1
3,8,92,-1.79799,-1.36722,-6.43894,-2.39982,-1.36722,1
1,10,64,0.243486,0.704222,-3.84075,-0.813937,0.704222,1
1,16,79,-0.84396,-0.243128,-4.30456,-1.7295,-0.243128,1
1,5,47,1.73037,2.30422,-1.66582,-0.377744,2.30422,1
1,6,47,2.36579,2.49314,-1.66582,-0.377744,2.49314,1
4,6,80,-4.58061,-4.33933,-4.82344,-1.66435,-4.33933,3
3,12,32,1.71727,2.1441,1.7249,-0.805878,2.1441,1
4,6,16,-0.543395,-0.543395,2.59926,-0.805878,2.59926,2
3,12,96,-2.32008,-2.59215,-3.41916,-2.99602,-2.59215,0
2,9,33,2.97397,2.86707,1.60775,-0.805878,2.86707,0
2,3,5,4.2822,4.2096,2.97834,-0.805878,4.2822,0
3,5,25,2.67346,3.26702,2.04479,-0.805878,3.26702,1
4,18,43,-2.24665,-1.9104,-0.351569,-0.382527,-0.351569,2
3,13,33,2.06955,2.34082,1.60775,-0.805878,2.34082,1
3,20,34,1.60775,1.62273,1.42834,-0.805878,1.62273,1
1,10,23,3.95323,4.47362,2.09672,-0.805878,4.47362,1
4,4,35,0.303813,1.79394,1.44812,-0.805878,1.44812,1
4,13,17,-0.64769,-0.64769,2.67763,-0.805878,2.67763,2
2,17,75,-0.427313,-1.33435,-4.90201,-1.41384,-1.33435,0
3,14,15,2.3625,2.42689,2.8676,-0.805878,2.42689,2
3,6,40,1.23962,1.97111,0.424054,-0.32524,1.97111,1
1,6,67,0.821541,0.810658,-4.33476,-0.933887,0.810658,0
4,2,22,1.03577,1.0293,2.39276,-0.805878,2.39276,2
4,11,31,-1.46886,-1.46886,1.72456,-0.805878,1.72456,2
3,8,35,1.83003,3.81018,1.44812,-0.805878,3.81018,1
3,2,90,-1.95891,-1.33331,-6.05291,-2.36134,-1.33331,1
2,1,21,4.01882,4.03042,2.59473,-0.805878,4.03042,1
3,1,86,-0.828349,-1.6887,-5.61978,-2.01828,-0.828349,0
2,10,29,3.39231,2.5334,1.67657,-0.805878,2.5334,0
4,8,30,-1.41916,-1.59891,1.53923,-0.805878,1.53923,2
2,5,13,4.81803,4.05763,2.91513,-0.805878,4.05763,0
4,7,30,-1.41916,-0.739452,1.53923,-0.805878,1.53923,2
4,5,30,-1.41916,0.64824,1.53923,-0.805878,1.53923,2
2,15,34,2.14268,3.24431,1.42834,-0.805878,3.24431,1
4,4,30,-1.27285,2.24829,1.53923,-0.805878,1.53923,1
3,14,75,-1.40605,-1.2352,-4.90201,-1.41384,-1.2352,1
2,19,52,0.102717,0.680571,-3.16282,-0.404636,0.680571,1
3,11,50,0.151546,0.433997,-2.70986,-0.510597,0.433997,1
2,12,15,3.39294,4.06629,2.8676,-0.805878,4.06629,1
1,10,29,3.4959,2.54323,1.67657,-0.805878,2.54323,0
4,7,21,-0.867753,0.596465,2.59473,-0.805878,2.59473,2
2,5,24,3.10399,4.25057,2.20454,-0.805878,4.25057,1
2,14,37,2.48347,2.38827,0.962271,-0.077702,2.38827,0
1,8,40,2.60934,3.09526,0.424054,-0.32524,3.09526,1
4,16,42,-2.16262,-1.90305,-0.0637023,-0.353411,-0.353411,2
1,3,19,3.95717,5.05961,2.73033,-0.805878,5.05961,1
2,6,25,3.45071,3.63165,2.04479,-0.805878,3.63165,1
4,9,65,-3.42878,-3.06912,-4.11009,-0.783219,-4.11009,3
3,2,46,1.3138,1.24642,-1.27338,-0.395639,1.24642,0
1,7,32,3.75302,3.56651,1.7249,-0.805878,3.56651,0
3,4,25,2.71365,3.20603,2.04479,-0.805878,3.20603,1
3,3,49,0.599185,0.704239,-2.3856,-0.416188,0.599185,1
3,17,90,-2.80088,-2.18972,-6.05291,-2.36134,-2.18972,1
4,1,21,3.10525,-0.469291,2.59473,-0.805878,-0.595516,0
1,17,50,1.63868,1.82054,-2.70986,-0.510597,1.63868,1
2,4,34,3.44608,3.47479,1.42834,-0.805878,3.47479,1
1,19,53,1.75636,1.48946,-3.24637,-0.595251,1.48946,0
3,10,82,-1.02918,-1.46585,-5.04662,-1.89873,-1.46585,0
3,6,25,2.06444,3.37779,2.04479,-0.805878,3.37779,1
3,11,79,-1.03716,-1.28832,-4.30456,-1.7295,-1.28832,0
3,12,31,1.89365,1.99691,1.72456,-0.805878,1.99691,1
4,6,23,-0.967684,-0.308557,2.09672,-0.805878,2.09672,2
3,12,99,-2.63936,-2.82831,-3.41916,-3.35117,-2.82831,0
2,9,46,2.15304,0.845036,-1.27338,-0.395639,0.845036,0
2,3,4,5.07875,5.43371,2.97261,-0.805878,5.43371,1
3,5,24,2.70204,3.43064,2.20454,-0.805878,3.43064,1
4,7,11,-0.381377,-0.805878,2.80572,-0.805878,2.80572,2
2,5,26,3.2612,4.22582,2.08517,-0.805878,4.22582,1
3,10,29,2.49556,2.34377,1.67657,-0.805878,2.34377,0
3,8,83,-1.27659,-1.26149,-5.22327,-1.89942,-1.26149,1
2,19,55,0.000573776,0.559401,-3.26052,-0.458097,0.559401,1
3,14,72,-0.949081,-1.21646,-4.69937,-1.21867,-1.21646,0
4,18,42,-2.16262,-1.8395,-0.0637023,-0.353411,-0.353411,2
3,13,32,1.55367,2.39747,1.7249,-0.805878,2.39747,1
2,1,14,5.43902,5.80157,2.79075,-0.805878,5.80157,1
3,6,54,0.552105,0.129632,-3.28628,-0.56961,0.129632,0
3,14,33,1.32996,1.78841,1.60775,-0.805878,1.78841,1
4,13,20,-0.805878,-0.805878,2.55099,-0.805878,2.55099,2
3,18,83,-1.66467,-2.14657,-5.22327,-1.89942,-2.14657,0
4,5,8,-0.304695,0.727765,2.93668,-0.805878,-0.294255,2
3,13,18,2.65786,2.12989,2.65786,-0.805878,2.12989,0
4,18,88,-4.70389,-4.70389,-5.55605,-2.24038,-2.24038,3
3,20,21,3.71846,3.12603,2.59473,-0.805878,3.12603,0
1,20,71,-0.20637,-0.164135,-4.4203,-1.13959,-0.164135,1
4,14,33,-1.57416,0.659314,1.60775,-0.805878,1.60775,2
3,8,32,2.236,3.78953,1.7249,-0.805878,3.78953,1
3,2,95,-1.10397,-1.68142,-3.41916,-2.85377,-1.68142,0
1,1,51,1.51881,2.0537,-3.03783,-0.448822,2.0537,1
1,10,63,0.473568,0.901608,-4.03562,-0.692524,0.901608,1
2,12,33,2.95438,4.33883,1.60775,-0.805878,4.33883,1
2,5,16,4.68742,4.32857,2.59926,-0.805878,4.32857,0
4,7,29,-1.34672,-0.586304,1.67657,-0.805878,1.67657,2
4,5,29,-1.34672,0.679101,1.67657,-0.805878,-0.310638,2
1,12,86,-0.729098,-0.374204,-5.61978,-2.01828,-0.374204,1
4,15,42,-2.16262,-2.04441,-0.0637023,-0.353411,-0.353411,2
3,11,51,-0.765507,-0.109511,-3.03783,-0.448822,-0.109511,1
1,10,28,3.50338,2.77514,1.70711,-0.805878,3.50338,0
4,7,20,-0.805878,-0.760146,2.55099,-0.805878,2.55099,2
2,5,23,3.6478,4.52465,2.09672,-0.805878,4.52465,1
2,14,36,2.55264,2.37262,1.45696,0.264588,2.37262,0
1,8,41,2.68612,2.93422,0.201755,-0.28101,2.93422,1
4,16,41,-2.08792,-1.84254,0.201755,-0.28101,-0.28101,2
4,9,66,-3.43013,-3.12319,-4.06104,-0.806488,-0.806488,3
3,1,85,-0.730368,0.117169,-5.14185,-2.10808,0.117169,1
4,8,25,-1.10732,0.588134,2.04479,-0.805878,2.04479,2
2,10,28,3.4185,2.77058,1.70711,-0.805878,2.77058,0
1,11,18,3.65293,5.243,2.65786,-0.805878,5.243,1
4,10,13,-0.496319,-0.496319,2.91513,-0.805878,2.91513,2
3,2,47,1.57222,1.34751,-1.66582,-0.377744,1.34751,0
3,4,24,3.04924,3.68426,2.20454,-0.805878,3.68426,1
2,17,71,-0.421266,-1.10951,-4.4203,-1.13959,-1.10951,0
4,1,8,5.8399,1.13259,2.93668,-0.805878,0.780073,0
4,9,27,-1.19634,1.87363,1.79261,-0.805878,1.79261,1
2,7,27,3.67594,4.14717,1.79261,-0.805878,4.14717,1
1,7,45,2.45575,3.20933,-0.989663,-0.351506,3.20933,1
3,4,22,2.42162,2.35619,2.39276,-0.805878,2.35619,0
1,12,87,-0.833631,-0.53513,-5.60239,-2.09737,-0.53513,1
4,15,41,-2.08792,-1.96775,0.201755,-0.28101,-0.28101,2
2,14,95,-2.02166,-1.29553,-3.41916,-2.85377,-1.29553,1
1,19,50,1.16498,2.23095,-2.70986,-0.510597,2.23095,1
3,10,77,-1.01296,-1.17531,-4.67517,-1.58996,-1.17531,0
3,6,24,1.86973,3.38976,2.20454,-0.805878,3.38976,1
3,11,78,-1.31122,-1.29961,-4.65291,-1.66623,-1.29961,1
3,12,30,2.01261,2.17375,1.53923,-0.805878,2.17375,1
3,14,14,2.82209,2.80652,2.79075,-0.805878,2.80652,0
3,6,41,0.780486,1.6828,0.201755,-0.28101,1.6828,1
3,10,66,-0.436348,0.053587,-4.06104,-0.806488,0.053587,1
2,15,33,2.37975,3.10863,1.60775,-0.805878,3.10863,1
4,7,8,-0.304695,-0.401921,2.93668,-0.805878,2.93668,2
2,5,27,3.32352,4.14937,1.79261,-0.805878,3.32352,1
3,10,28,2.6664,1.7237,1.70711,-0.805878,1.7237,0
2,12,38,2.83113,3.87429,0.671689,-0.230343,3.87429,1
1,10,50,1.68446,0.761929,-2.70986,-0.510597,0.761929,0
3,11,29,1.62542,2.1045,1.67657,-0.805878,2.1045,1
2,1,15,4.25591,2.88654,2.8676,-0.805878,2.88654,0
4,13,19,-0.760146,-0.760146,2.73033,-0.805878,2.73033,2
3,4,44,0.473329,1.55776,-0.646582,-0.45329,1.55776,1
1,12,77,-0.454381,0.243214,-4.67517,-1.58996,0.243214,1
4,15,83,-4.75214,-2.51414,-5.22327,-1.89942,-1.89942,3
4,19,28,-1.27956,-1.27956,1.70711,-0.805878,1.70711,2
4,7,28,-1.27956,-0.582755,1.70711,-0.805878,1.70711,2
4,5,28,-1.27956,0.91072,1.70711,-0.805878,0.91072,2
1,12,85,-1.01158,-0.268985,-5.14185,-2.10808,-0.268985,1
4,15,43,-2.24665,-2.12527,-0.351569,-0.382527,-0.351569,2
2,14,93,-1.96351,-1.24569,-3.41916,-2.51688,-1.24569,1
2,2,32,3.75291,3.97022,1.7249,-0.805878,3.97022,1
4,19,87,-4.82344,-4.82344,-5.60239,-2.09737,-2.09737,3
3,19,39,0.689629,1.25833,0.982003,-0.317489,1.25833,1
3,11,52,0.0938704,-0.149576,-3.16282,-0.404636,-0.149576,0
2,12,13,2.93491,3.436,2.91513,-0.805878,3.436,1
1,10,27,4.28218,4.29884,1.79261,-0.805878,4.29884,1
2,12,16,3.21522,3.91526,2.59926,-0.805878,3.91526,1
1,10,12,4.30195,4.60006,2.93608,-0.805878,4.60006,1
3,11,35,1.0891,2.34373,1.44812,-0.805878,2.34373,1
1,11,46,2.33337,2.02376,-1.27338,-0.395639,2.02376,0
2,10,62,0.022775,0.00804629,-3.86868,-0.735614,0.00804629,0
4,9,32,-1.51638,-1.84901,1.7249,-0.805878,1.7249,2
4,13,94,-5.60239,-5.60239,-3.41916,-2.55553,-2.55553,3
2,1,4,5.41534,5.41989,2.97261,-0.805878,5.41989,1
3,20,33,1.7249,1.70369,1.60775,-0.805878,1.70369,0
1,10,18,4.55049,4.61182,2.65786,-0.805878,4.61182,1
4,8,16,-0.543395,2.14583,2.59926,-0.805878,2.59926,2
2,10,27,4.28579,3.56005,1.79261,-0.805878,4.28579,0
2,9,36,2.94614,2.82582,1.45696,0.264588,2.82582,0
2,3,30,3.87907,2.80861,1.53923,-0.805878,2.80861,0
1,10,57,0.657792,1.22823,-3.55909,-0.534181,1.22823,1
1,1,57,1.6155,1.48288,-3.55909,-0.534181,1.48288,0
3,5,22,3.64709,4.65325,2.39276,-0.805878,4.65325,1
4,1,11,5.53185,6.01824,2.80572,-0.805878,1.25668,1
1,17,60,-0.0725438,0.785687,-3.62281,-0.563066,0.785687,1
1,17,30,3.48578,3.09344,1.53923,-0.805878,3.09344,0
2,13,30,3.00931,3.03132,1.53923,-0.805878,3.03132,1
3,10,72,-1.49944,-1.39042,-4.69937,-1.21867,-1.39042,3
3,6,23,2.91489,3.56937,2.09672,-0.805878,3.56937,1
2,12,37,2.54265,4.07348,0.962271,-0.077702,4.07348,1
1,10,51,1.63265,1.81886,-3.03783,-0.448822,1.81886,1
3,11,28,2.53783,2.23456,1.70711,-0.805878,2.23456,0
3,11,77,-1.03606,-1.96885,-4.67517,-1.58996,-1.96885,0
3,12,29,2.07365,2.35115,1.67657,-0.805878,2.35115,1
3,8,93,-1.88557,-1.37932,-3.41916,-2.51688,-1.37932,1
3,19,48,-0.377249,1.47608,-2.02538,-0.386848,1.47608,1
4,19,40,-2.00091,-1.85583,0.424054,-0.32524,-0.32524,2
4,12,29,-1.34672,-1.34672,1.67657,-0.805878,1.67657,2
3,8,38,1.78773,3.13227,0.671689,-0.230343,3.13227,1
3,2,93,-1.12912,-1.45268,-3.41916,-2.51688,-1.45268,0
3,1,83,-0.566743,0.208803,-5.22327,-1.89942,0.208803,1
2,10,18,3.13198,4.13188,2.65786,-0.805878,4.13188,1
4,8,27,-1.19634,0.509515,1.79261,-0.805878,1.79261,2
4,15,21,-0.867753,-0.867753,2.59473,-0.805878,2.59473,2
1,16,78,-0.90629,-0.414246,-4.65291,-1.66623,-0.414246,1
1,6,44,2.28684,2.81916,-0.646582,-0.45329,2.81916,1
1,5,46,1.88921,2.39009,-1.27338,-0.395639,2.39009,1
2,12,43,1.35302,2.21937,-0.351569,-0.382527,2.21937,1
2,5,10,5.51815,5.64775,2.9161,-0.805878,5.64775,1
4,7,27,-1.19634,0.847534,1.79261,-0.805878,1.79261,2
2,9,95,-1.37336,-1.35487,-3.41916,-2.85377,-1.35487,1
4,6,27,-1.19634,-0.905111,1.79261,-0.805878,1.79261,2
4,5,27,-1.04907,2.40635,1.79261,-0.805878,1.79261,1
3,6,47,0.460536,1.41559,-1.66582,-0.377744,1.41559,1
3,10,64,-0.480978,0.143668,-3.84075,-0.813937,0.143668,1
4,14,97,-6.05291,-6.05291,-3.41916,-2.81209,-2.81209,3
4,6,6,-0.0435823,3.66771,2.97518,-0.805878,2.97518,1
3,11,53,-1.35198,-0.359334,-3.24637,-0.595251,-0.359334,1
2,12,14,3.66941,3.13172,2.79075,-0.805878,3.13172,0
1,10,26,4.10521,4.51174,2.08517,-0.805878,4.10521,1
1,11,43,3.08918,2.48018,-0.351569,-0.382527,2.48018,0
2,10,57,0.617058,0.573855,-3.55909,-0.534181,0.573855,0
4,9,37,-1.84662,-1.84662,0.962271,-0.077702,-0.077702,2
2,12,29,3.24824,2.93541,1.67657,-0.805878,2.93541,0
1,10,11,4.53234,5.09595,2.80572,-0.805878,5.09595,1
3,11,36,1.48428,2.2632,1.45696,0.264588,2.2632,1
2,1,5,5.24576,4.6514,2.97834,-0.805878,4.6514,0
3,20,38,-0.077702,0.92437,0.671689,-0.230343,0.92437,1
1,10,19,4.51842,3.97161,2.73033,-0.805878,3.97161,0
4,9,68,-3.54645,-3.32206,-4.27007,-1.01066,-3.32206,3
4,8,19,-0.760146,-0.610804,2.73033,-0.805878,2.73033,2
2,10,26,3.91796,3.29284,2.08517,-0.805878,3.29284,0
4,6,28,-1.27956,2.03764,1.70711,-0.805878,1.70711,1
4,12,76,-4.38821,-1.24102,-4.75214,-1.45125,-1.45125,1
4,17,19,-0.760146,-0.760146,2.73033,-0.805878,2.73033,2
3,5,19,3.02991,2.84732,2.73033,-0.805878,2.84732,0
2,9,59,-0.286913,0.541762,-3.59803,-0.651593,0.541762,1
2,3,19,4.12687,4.51511,2.73033,-0.805878,4.51511,1
2,14,38,2.27032,2.25923,0.671689,-0.230343,2.25923,0
1,8,47,2.06075,2.28298,-1.66582,-0.377744,2.28298,1
4,16,43,-2.24665,-1.96314,-0.351569,-0.382527,-0.351569,2
3,5,21,3.68623,4.5569,2.59473,-0.805878,4.5569,1
2,17,69,-0.919111,-0.278526,-4.38821,-0.937499,-0.278526,1
4,1,14,1.51147,5.32805,2.79075,-0.805878,4.30573,1
3,4,45,-0.425383,0.750671,-0.989663,-0.351506,0.750671,1
1,12,78,-0.34198,0.229264,-4.65291,-1.66623,0.229264,1
4,15,82,-4.90201,-2.61234,-5.04662,-1.89873,-1.89873,3
4,19,29,-1.34672,-1.34672,1.67657,-0.805878,1.67657,2
1,19,60,0.484197,0.515644,-3.62281,-0.563066,0.484197,1
3,10,75,-0.938303,-1.35313,-4.90201,-1.41384,-1.35313,0
3,6,22,2.92898,3.63084,2.39276,-0.805878,3.63084,1
4,7,9,-0.323307,-0.323307,2.89122,-0.805878,2.89122,2
2,5,28,3.37269,2.98675,1.70711,-0.805878,3.37269,0
3,10,31,2.51557,2.1911,1.72456,-0.805878,2.1911,0
4,11,87,-4.82344,-4.82344,-5.60239,-2.09737,-2.09737,3
4,2,78,-0.00802381,-1.82046,-4.65291,-1.66623,-1.82046,0
3,1,3,6.50648,1.78114,3,-0.805878,1.78114,0
3,7,23,2.49147,2.59435,2.09672,-0.805878,2.59435,1
2,12,24,3.99528,3.83291,2.20454,-0.805878,3.83291,0
1,10,52,1.48221,1.63571,-3.16282,-0.404636,1.63571,1
3,11,27,2.98601,2.69261,1.79261,-0.805878,2.69261,0
2,11,15,4.08659,4.66523,2.8676,-0.805878,4.66523,1
3,11,76,-1.12137,-1.08266,-4.75214,-1.45125,-1.08266,1
3,12,28,2.09019,2.34018,1.70711,-0.805878,2.34018,1
3,8,94,-1.78781,-1.46949,-3.41916,-2.55553,-1.46949,1
2,19,56,-0.108057,0.560185,-3.43957,-0.474568,0.560185,1
3,14,79,-1.77442,-1.7485,-4.30456,-1.7295,-1.7485,3
4,15,96,-5.75042,-5.75042,-3.41916,-2.99602,-2.99602,3
3,19,51,-0.0207431,0.350297,-3.03783,-0.448822,0.350297,1
4,19,43,-2.24665,-2.07996,-0.351569,-0.382527,-0.382527,2
3,16,37,1.10876,1.42141,0.962271,-0.077702,1.42141,1
2,1,25,3.7991,3.5757,2.04479,-0.805878,3.7991,0
3,1,82,-0.527721,0.522554,-5.04662,-1.89873,0.522554,1
2,10,17,3.80632,4.25321,2.67763,-0.805878,3.80632,1
4,8,26,-1.12974,0.334112,2.08517,-0.805878,2.08517,2
2,5,9,3.5429,4.72177,2.89122,-0.805878,4.72177,1
4,7,26,-1.12974,0.777977,2.08517,-0.805878,2.08517,2
4,6,26,-1.12974,-0.869746,2.08517,-0.805878,2.08517,2
4,5,26,-0.983178,2.52378,2.08517,-0.805878,2.08517,1
3,6,44,0.80261,1.75826,-0.646582,-0.45329,1.75826,1
3,10,65,-0.371116,0.0767616,-4.11009,-0.783219,0.0767616,1
2,14,91,-1.87508,-1.27017,-6.29331,-2.45927,-1.27017,1
3,7,31,1.98991,2.09954,1.72456,-0.805878,2.09954,1
3,1,11,4.76684,3.97416,2.80572,-0.805878,3.97416,0
3,14,16,2.82634,2.72713,2.59926,-0.805878,2.72713,0
3,6,39,1.35029,1.98479,0.982003,-0.317489,1.98479,1
4,3,19,-0.728975,-0.760146,2.73033,-0.805878,2.73033,2
1,6,78,0.267305,0.324534,-4.65291,-1.66623,0.324534,1
4,2,29,1.46459,3.44397,1.67657,-0.805878,-0.097771,1
4,11,32,-1.51638,-1.51638,1.7249,-0.805878,1.7249,2
4,14,96,-5.75042,-5.75042,-3.41916,-2.99602,-2.99602,3
4,6,7,-0.247152,-0.247152,2.92731,-0.805878,2.92731,2
3,11,54,-0.727798,-0.274518,-3.28628,-0.56961,-0.274518,1
1,10,25,4.1184,3.96795,2.04479,-0.805878,3.96795,0
1,11,44,2.92109,2.29898,-0.646582,-0.45329,2.29898,0
2,10,56,0.851114,0.916013,-3.43957,-0.474568,0.916013,1
4,9,38,-1.89425,-1.89425,0.671689,-0.230343,-0.230343,2
2,12,30,2.65472,2.48804,1.53923,-0.805878,2.48804,0
1,10,10,4.72095,5.59939,2.9161,-0.805878,4.72095,1
3,11,37,1.4195,1.89578,0.962271,-0.077702,1.89578,1
2,1,10,5.13429,5.11688,2.9161,-0.805878,5.11688,0
3,20,35,1.42834,1.57488,1.44812,-0.805878,1.57488,1
1,10,20,4.09497,3.66443,2.55099,-0.805878,3.66443,0
4,9,69,-3.68388,-3.40654,-4.38821,-0.937499,-0.937499,3
4,8,18,-0.728975,-0.728975,2.65786,-0.805878,2.65786,2
2,10,25,4.19272,3.33569,2.04479,-0.805878,4.19272,0
2,10,24,2.91684,3.48311,2.20454,-0.805878,3.48311,1
4,8,29,-1.34672,-1.54122,1.67657,-0.805878,1.67657,2
1,10,61,0.346124,0.808293,-3.77303,-0.607646,0.346124,1
1,1,53,1.48189,1.82874,-3.24637,-0.595251,1.82874,1
3,5,18,4.41252,4.36095,2.65786,-0.805878,4.36095,0
2,10,70,-0.0228142,0.115477,-4.23657,-1.06699,0.115477,1
4,9,24,-1.02966,2.06946,2.20454,-0.805878,2.20454,2
4,12,12,-0.438248,-0.438248,2.93608,-0.805878,2.93608,2
2,7,22,3.94422,3.59519,2.39276,-0.805878,3.59519,0
4,13,16,-0.543395,3.92544,2.59926,-0.805878,2.59926,1
4,1,9,2.26615,-0.323307,2.89122,-0.805878,-0.363541,2
3,5,20,4.89518,3.91279,2.55099,-0.805878,3.91279,0
3,4,46,-0.572466,0.712678,-1.27338,-0.395639,0.712678,1
2,17,47,0.619822,1.452,-1.66582,-0.377744,1.452,1
1,19,49,1.28916,2.55707,-2.3856,-0.416188,2.55707,1
3,10,78,-1.00641,-1.2034,-4.65291,-1.66623,-1.2034,0
3,6,21,3.17312,3.79114,2.59473,-0.805878,3.79114,1
2,12,39,2.87611,2.62009,0.982003,-0.317489,2.62009,0
1,10,53,1.35591,1.57537,-3.24637,-0.595251,1.57537,1
3,11,26,3.35826,3.27235,2.08517,-0.805878,3.27235,0
3,3,47,1.29685,0.99314,-1.66582,-0.377744,0.99314,0
3,17,40,0.964858,1.38797,0.424054,-0.32524,1.38797,1
2,11,12,3.33641,3.57743,2.93608,-0.805878,3.57743,1
3,11,75,-0.684658,-0.91732,-4.90201,-1.41384,-0.91732,0
3,12,27,2.30577,2.29556,1.79261,-0.805878,2.29556,0
3,8,95,-1.89178,-1.27249,-3.41916,-2.85377,-1.27249,1
2,19,59,-0.100319,0.419284,-3.59803,-0.651593,0.419284,1
3,14,76,-1.73802,-1.5674,-4.75214,-1.45125,-1.5674,3
4,15,97,-6.05291,-6.05291,-3.41916,-2.81209,-2.81209,3
3,19,50,-0.383054,1.0929,-2.70986,-0.510597,1.0929,1
4,19,42,-2.16262,-2.00296,-0.0637023,-0.353411,-0.353411,2
4,18,46,-2.41163,-2.41163,-1.27338,-0.395639,-0.395639,3
3,13,28,1.77186,2.8337,1.70711,-0.805878,2.8337,1
3,4,8,3.97463,3.43525,2.93668,-0.805878,3.43525,0
3,2,16,2.31885,3.24927,2.59926,-0.805878,3.24927,1
4,8,81,-4.86797,-4.50815,-4.70389,-1.77463,-1.77463,3
2,15,15,3.54792,4.24628,2.8676,-0.805878,4.24628,1
2,10,68,-0.34398,0.162987,-4.27007,-1.01066,0.162987,1
2,7,20,4.17627,3.30878,2.55099,-0.805878,3.30878,0
4,9,26,-1.12974,1.755,2.08517,-0.805878,2.08517,2
3,15,30,1.89769,2.62104,1.53923,-0.805878,2.62104,1
2,1,20,4.57486,3.36234,2.55099,-0.805878,3.36234,0
2,5,12,4.03714,4.90706,2.93608,-0.805878,4.90706,1
4,7,25,-1.10732,0.969328,2.04479,-0.805878,2.04479,2
4,12,73,-4.06104,-0.859916,-4.58061,-1.30758,-1.30758,1
4,17,22,-0.882782,-0.882782,2.39276,-0.805878,2.39276,2
3,5,8,2.77208,0.436896,2.93668,-0.805878,0.436896,2
4,6,25,-1.10732,-0.789474,2.04479,-0.805878,2.04479,2
3,20,58,-0.552827,-1.005,-3.5329,-0.497556,-1.005,3
4,5,25,-0.904007,2.29819,2.04479,-0.805878,2.04479,1
2,14,90,-1.73437,-1.23115,-6.05291,-2.36134,-1.23115,1
3,7,30,1.7074,2.16683,1.53923,-0.805878,2.16683,1
3,1,10,4.52809,4.37941,2.9161,-0.805878,4.37941,0
3,11,55,-0.867388,-0.0772341,-3.26052,-0.458097,-0.0772341,1
1,7,7,5.33194,4.8556,2.92731,-0.805878,4.8556,0
2,12,12,4.0763,5.20435,2.93608,-0.805878,5.20435,1
1,10,24,3.77588,3.69192,2.20454,-0.805878,3.69192,0
4,6,30,-1.41916,1.8577,1.53923,-0.805878,1.53923,1
4,12,74,-4.33476,-1.08987,-4.86797,-1.45906,-1.45906,1
1,10,62,0.170598,0.617144,-3.86868,-0.735614,0.617144,1
1,1,50,1.55984,2.01157,-2.70986,-0.510597,1.55984,1
3,5,13,4.02583,3.99885,2.91513,-0.805878,3.99885,0
4,17,21,-0.867753,-0.867753,2.59473,-0.805878,2.59473,2
2,9,61,-0.74506,0.440172,-3.77303,-0.607646,0.440172,1
2,3,17,3.6938,3.70738,2.67763,-0.805878,3.70738,1
2,20,92,-1.99519,-1.90871,-6.43894,-2.39982,-1.90871,1
2,10,69,-0.724461,-0.221284,-4.38821,-0.937499,-0.221284,1
4,9,25,-1.10732,1.82976,2.04479,-0.805878,2.04479,2
4,12,13,-0.496319,-0.496319,2.91513,-0.805878,2.91513,2
2,7,21,3.00938,2.70902,2.59473,-0.805878,2.70902,0
3,2,62,-0.128601,0.495212,-3.86868,-0.735614,0.495212,1
1,7,48,2.43694,2.89593,-2.02538,-0.386848,2.89593,1
3,4,9,4.36247,3.56698,2.89122,-0.805878,3.56698,0
2,3,25,3.77105,3.77368,2.04479,-0.805878,3.77368,1
2,9,37,3.11925,2.73651,0.962271,-0.077702,2.73651,0
3,1,28,2.96855,3.27878,1.70711,-0.805878,3.27878,1
3,7,32,2.01175,2.19948,1.7249,-0.805878,2.19948,1
2,2,23,3.79783,3.8395,2.09672,-0.805878,3.8395,1
3,15,29,2.13491,2.75208,1.67657,-0.805878,2.75208,1
4,13,15,-0.479294,-0.479294,2.8676,-0.805878,2.8676,2
4,15,24,-1.02966,-1.02966,2.20454,-0.805878,2.20454,2
1,12,24,4.40418,4.21962,2.20454,-0.805878,4.21962,0
3,7,19,3.84159,2.78195,2.73033,-0.805878,2.78195,0
3,1,15,4.07351,1.55973,2.8676,-0.805878,1.55973,0
3,4,47,-1.02161,0.286953,-1.66582,-0.377744,0.286953,1
2,17,46,1.02465,1.67098,-1.27338,-0.395639,1.67098,1
3,10,73,-0.495036,-0.898257,-4.58061,-1.30758,-0.898257,0
3,6,20,3.92253,2.75756,2.55099,-0.805878,2.75756,0
1,17,19,3.26224,3.68829,2.73033,-0.805878,3.68829,1
3,17,80,-1.32809,-1.6362,-4.82344,-1.66435,-1.6362,0
3,3,55,-0.870726,1.85043,-3.26052,-0.458097,1.85043,1
2,13,27,2.69577,3.18936,1.79261,-0.805878,3.18936,1
4,13,31,-1.46886,-1.46886,1.72456,-0.805878,1.72456,2
2,17,91,-1.8487,-1.77111,-6.29331,-2.45927,-1.77111,1
4,1,12,4.97096,6.28684,2.93608,-0.805878,3.9223,1
1,17,57,0.716507,1.01115,-3.55909,-0.534181,1.01115,1
4,7,15,-0.479294,-0.479294,2.8676,-0.805878,2.8676,2
2,5,30,3.12948,2.81955,1.53923,-0.805878,2.81955,0
4,1,58,0.39946,-2.08139,-3.5329,-0.497556,-1.50537,0
2,17,81,-0.868191,-0.968323,-4.70389,-1.77463,-0.968323,0
1,17,35,2.8817,3.79967,1.44812,-0.805878,3.79967,1
3,19,78,-1.52844,-1.24974,-4.65291,-1.66623,-1.24974,1
3,3,7,1.87954,2.4696,2.92731,-0.805878,2.4696,2
3,10,25,2.85639,3.04953,2.04479,-0.805878,3.04953,1
4,11,85,-4.65291,-4.79145,-5.14185,-2.10808,-2.10808,3
4,2,72,0.577189,-1.29592,-4.69937,-1.21867,-4.69937,0
3,1,1,5.27187,5.23153,3,-0.805878,5.27187,0
3,7,21,1.92733,2.07453,2.59473,-0.805878,2.07453,2
4,7,12,-0.438248,1.15319,2.93608,-0.805878,2.93608,2
2,5,31,3.32248,3.17701,1.72456,-0.805878,3.17701,0
4,1,59,0.322163,-2.2177,-3.59803,-0.651593,-2.2177,0
2,17,80,-0.958423,-1.26466,-4.82344,-1.66435,-1.26466,0
4,20,67,-3.62281,-3.41554,-4.33476,-0.933887,-0.933887,3
1,17,44,2.58407,1.91433,-0.646582,-0.45329,1.91433,0
4,11,90,-5.22327,-5.22327,-6.05291,-2.36134,-2.36134,3
4,2,75,-0.0510402,-1.87021,-4.90201,-1.41384,-1.41384,0
3,7,20,3.37465,3.64791,2.55099,-0.805878,3.64791,1
3,10,24,2.45095,2.9245,2.20454,-0.805878,2.9245,1
3,2,61,-0.0544316,0.45317,-3.77303,-0.607646,0.45317,1
1,7,49,2.13418,2.702,-2.3856,-0.416188,2.702,1
3,4,10,4.29631,4.64569,2.9161,-0.805878,4.64569,1
2,3,24,3.70868,3.85985,2.20454,-0.805878,3.85985,1
2,9,34,2.76374,2.87292,1.42834,-0.805878,2.87292,1
3,1,29,2.83686,3.14559,1.67657,-0.805878,2.83686,1
3,7,33,1.14785,2.82643,1.60775,-0.805878,2.82643,1
2,2,22,3.97399,4.43609,2.39276,-0.805878,4.43609,1
3,1,84,-0.364515,0.464788,-5.35927,-2.00544,0.464788,1
2,10,19,4.69673,4.1204,2.73033,-0.805878,4.1204,0
4,8,24,-1.02966,0.795857,2.20454,-0.805878,2.20454,2
3,6,46,0.914057,1.72318,-1.27338,-0.395639,1.72318,1
3,10,67,-1.02931,0.0444862,-4.33476,-0.933887,0.0444862,1
3,9,14,2.79357,4.62367,2.79075,-0.805878,4.62367,1
4,4,24,0.266555,0.703946,2.20454,-0.805878,2.20454,2
4,8,23,-0.967684,2.42391,2.09672,-0.805878,2.09672,1
4,6,29,-1.34672,2.21557,1.67657,-0.805878,1.67657,1
4,12,77,-4.23657,-1.20005,-4.67517,-1.58996,-1.58996,1
4,17,18,-0.728975,-0.728975,2.65786,-0.805878,2.65786,2
3,5,12,3.51954,3.87221,2.93608,-0.805878,3.87221,1
2,9,58,-0.243759,0.920113,-3.5329,-0.497556,0.920113,1
2,3,16,4.41342,4.67497,2.59926,-0.805878,4.67497,1
2,14,35,2.57735,2.37901,1.44812,-0.805878,2.37901,0
3,17,65,-0.71445,-0.141275,-4.11009,-0.783219,-0.141275,1
3,3,68,-1.40411,0.772407,-4.27007,-1.01066,0.772407,1
3,10,32,2.55913,1.84021,1.7249,-0.805878,1.84021,0
3,2,83,-0.926217,-1.09004,-5.22327,-1.89942,-1.09004,0
3,8,36,1.86525,3.67773,1.45696,0.264588,3.67773,1
2,14,86,-1.52096,-0.707501,-5.61978,-2.01828,-1.52096,1
3,7,18,3.46209,4.12992,2.65786,-0.805878,4.12992,1
3,1,14,4.06186,5.62992,2.79075,-0.805878,5.62992,1
4,15,99,-6.43894,-6.43894,-3.41916,-3.35117,-3.35117,3
4,9,23,-0.967684,1.84288,2.09672,-0.805878,2.09672,2
2,10,14,3.29588,3.92724,2.79075,-0.805878,3.92724,1
4,7,23,-0.967684,0.48467,2.09672,-0.805878,2.09672,2
4,9,54,-2.77267,-2.57353,-3.28628,-0.56961,-3.28628,3
1,11,28,3.57741,3.64199,1.70711,-0.805878,3.64199,1
4,8,77,-4.23657,-4.14171,-4.67517,-1.58996,-1.58996,3
2,10,40,2.47533,3.40728,0.424054,-0.32524,2.47533,1
4,4,23,0.306686,2.10982,2.09672,-0.805878,-0.0771913,1
4,8,22,-0.882782,2.45059,2.39276,-0.805878,2.39276,1
2,1,13,4.93005,5.87984,2.91513,-0.805878,5.87984,1
4,15,73,-4.06104,-1.8635,-4.58061,-1.30758,-1.30758,3
3,1,30,2.57655,3.47075,1.53923,-0.805878,3.47075,1
3,7,34,1.42332,2.64273,1.42834,-0.805878,2.64273,1
4,7,18,-0.728975,-0.728975,2.65786,-0.805878,2.65786,2
2,5,17,4.55322,4.54903,2.67763,-0.805878,4.54903,0
3,7,25,2.89355,4.40035,2.04479,-0.805878,4.40035,1
3,10,13,3.25732,3.14248,2.91513,-0.805878,3.14248,0
4,1,54,0.576154,-2.03801,-3.28628,-0.56961,-0.57473,0
1,19,56,0.798304,0.774379,-3.43957,-0.474568,0.774379,0
3,10,71,-0.497183,-0.722443,-4.4203,-1.13959,-0.722443,0
3,6,18,2.27564,4.83822,2.65786,-0.805878,4.83822,1
4,1,56,0.466489,-2.07287,-3.43957,-0.474568,-1.69234,0
2,17,87,-1.92578,-1.72366,-5.60239,-2.09737,-1.72366,1
4,20,66,-3.59803,-3.35296,-4.06104,-0.806488,-0.806488,3
1,17,45,2.40858,2.54462,-0.989663,-0.351506,2.54462,1
3,19,72,-1.20011,-0.872134,-4.69937,-1.21867,-1.20011,1
3,3,5,3.8897,3.6796,2.97834,-0.805878,3.8897,0
3,10,27,2.62788,2.92296,1.79261,-0.805878,2.92296,1
4,11,91,-5.35927,-5.35927,-6.29331,-2.45927,-2.45927,3
4,2,74,-0.0214111,-1.78296,-4.86797,-1.45906,-1.45906,0
4,9,22,-0.882782,2.09455,2.39276,-0.805878,2.39276,2
2,10,15,4.16902,4.87914,2.8676,-0.805878,4.87914,1
4,7,22,-0.882782,0.563498,2.39276,-0.805878,2.39276,2
4,9,53,-2.7396,-2.3982,-3.24637,-0.595251,-0.595251,3
4,4,22,0.545478,2.11557,2.39276,-0.805878,2.39276,2
4,9,16,-0.543395,-0.479294,2.59926,-0.805878,2.59926,2
2,1,28,3.92379,3.76216,1.70711,-0.805878,3.92379,0
3,15,22,2.56922,2.55649,2.39276,-0.805878,2.55649,0
3,8,16,2.73415,3.96465,2.59926,-0.805878,3.96465,1
2,1,30,3.79227,3.77093,1.53923,-0.805878,3.77093,0
3,16,38,0.702354,1.40169,0.671689,-0.230343,1.40169,1
3,15,20,2.68806,2.75318,2.55099,-0.805878,2.75318,1
2,2,14,5.1594,5.79726,2.79075,-0.805878,5.79726,1
1,11,32,2.84818,3.44128,1.7249,-0.805878,3.44128,1
2,10,60,0.439875,0.45572,-3.62281,-0.563066,0.45572,1
4,9,34,-1.65275,-1.65275,1.42834,-0.805878,1.42834,2
2,12,18,2.60231,4.45336,2.65786,-0.805878,4.45336,1
1,10,14,4.3801,4.59049,2.79075,-0.805878,4.59049,1
3,11,33,1.74972,2.50903,1.60775,-0.805878,2.50903,1
2,2,51,1.56572,1.22285,-3.03783,-0.448822,1.22285,0
4,18,83,-4.75214,-4.75214,-5.22327,-1.89942,-1.89942,3
4,14,56,-3.03023,-1.50739,-3.43957,-0.474568,-0.474568,3
3,20,28,1.91452,2.17831,1.70711,-0.805878,2.17831,1
4,16,30,-1.41916,-1.41916,1.53923,-0.805878,1.53923,2
2,14,88,-1.77033,-0.966496,-5.55605,-2.24038,-0.966496,1
3,7,28,2.03081,2.53301,1.70711,-0.805878,2.53301,1
3,1,8,4.86958,2.18075,2.93668,-0.805878,2.18075,0
2,7,96,-1.36667,-1.14686,-3.41916,-2.99602,-1.14686,1
4,12,62,-3.26052,-2.24112,-3.86868,-0.735614,-0.735614,3
3,13,13,2.86984,2.87769,2.91513,-0.805878,2.87769,2
4,18,95,-5.55605,-5.55605,-3.41916,-2.85377,-2.85377,3
4,14,60,-3.24637,-1.88867,-3.62281,-0.563066,-0.563066,3
4,5,7,-0.247152,6.945,2.92731,-0.805878,2.92731,1
4,3,32,0.667659,1.94645,1.7249,-0.805878,1.7249,1
2,16,23,2.24323,2.9498,2.09672,-0.805878,2.9498,1
3,8,25,2.19664,3.92484,2.04479,-0.805878,3.92484,1
2,13,51,0.564954,1.1714,-3.03783,-0.448822,1.1714,1
3,10,38,1.62273,1.48072,0.671689,-0.230343,1.48072,0
2,7,25,4.02973,4.12371,2.04479,-0.805878,4.12371,1
1,7,43,2.44444,2.67259,-0.351569,-0.382527,2.67259,1
3,4,20,4.44403,2.82126,2.55099,-0.805878,2.82126,0
3,9,92,-2.15932,-1.3722,-6.43894,-2.39982,-1.3722,1
3,17,30,2.29886,2.5959,1.53923,-0.805878,2.5959,1
4,12,71,-3.84075,-0.729915,-4.4203,-1.13959,-1.13959,1
2,9,48,1.87524,0.410278,-2.02538,-0.386848,0.410278,0
2,3,42,2.21514,2.56351,-0.0637023,-0.353411,2.56351,1
3,5,10,4.39428,5.56411,2.9161,-0.805878,5.56411,1
4,17,24,-1.02966,-1.02966,2.20454,-0.805878,2.20454,2
1,6,77,0.0636078,0.149086,-4.67517,-1.58996,0.149086,1
4,11,29,-1.34672,-1.34672,1.67657,-0.805878,1.67657,2
4,2,16,1.76516,-0.543395,2.59926,-0.805878,-0.674636,2
2,1,2,6.13652,5.08743,2.95846,-0.805878,6.13652,0
4,3,35,0.270465,2.15285,1.44812,-0.805878,1.44812,1
2,16,40,1.98528,2.32712,0.424054,-0.32524,2.32712,1
3,1,78,-0.712315,-0.194449,-4.65291,-1.66623,-0.194449,1
3,7,82,-1.72431,-1.69679,-5.04662,-1.89873,-1.69679,1
4,15,30,-1.41916,-1.41916,1.53923,-0.805878,1.53923,2
1,20,78,-0.76688,-0.661471,-4.65291,-1.66623,-0.661471,1
4,14,46,-2.41163,-2.41163,-1.27338,-0.395639,-1.27338,3
3,13,27,2.3319,2.22833,1.79261,-0.805878,2.22833,0
4,18,33,-1.57416,-0.99407,1.60775,-0.805878,1.60775,2
3,1,94,-0.537033,-2.05311,-3.41916,-2.55553,-2.05311,0
3,7,98,-1.57361,-2.08744,-3.41916,-3.12829,-2.08744,0
3,18,91,-2.39952,-2.1733,-6.29331,-2.45927,-2.1733,1
4,2,5,4.70209,5.37181,2.97834,-0.805878,2.28297,1
4,8,17,-0.64769,-0.64769,2.67763,-0.805878,2.67763,2
2,1,12,5.17223,5.65078,2.93608,-0.805878,5.17223,1
3,5,39,1.5121,1.93753,0.982003,-0.317489,1.93753,1
2,3,15,4.73569,4.62958,2.8676,-0.805878,4.73569,0
2,2,16,4.02768,3.8853,2.59926,-0.805878,3.8853,0
2,1,31,3.22237,3.75632,1.72456,-0.805878,3.75632,1
3,16,39,1.4882,0.199175,0.982003,-0.317489,0.199175,0
2,2,13,4.71259,4.76295,2.91513,-0.805878,4.76295,1
3,5,38,1.24313,2.96487,0.671689,-0.230343,2.96487,1
2,3,14,5.53406,5.50678,2.79075,-0.805878,5.50678,0
3,2,51,0.874429,0.779342,-3.03783,-0.448822,0.779342,0
1,7,51,2.52498,2.04778,-3.03783,-0.448822,2.04778,0
3,4,12,4.03392,4.0507,2.93608,-0.805878,4.0507,1
2,10,64,0.054922,0.211084,-3.84075,-0.813937,0.211084,1
4,12,14,-0.580929,-0.580929,2.79075,-0.805878,2.79075,2
2,7,16,4.17474,4.39044,2.59926,-0.805878,4.39044,1
4,9,30,-1.41916,-1.72401,1.53923,-0.805878,1.53923,2
2,2,20,3.79734,3.98425,2.55099,-0.805878,3.79734,1
3,15,26,2.24032,2.81111,2.08517,-0.805878,2.81111,1
4,2,73,0.102017,-1.62026,-4.58061,-1.30758,-4.58061,0
4,11,84,-4.67517,-4.77129,-5.35927,-2.00544,-2.00544,3
2,16,20,2.8021,3.03241,2.55099,-0.805878,3.03241,1
4,3,39,0.665861,2.52178,0.982003,-0.317489,0.982003,1
3,7,26,2.41333,4.06015,2.08517,-0.805878,4.06015,1
3,10,18,2.42388,2.29043,2.65786,-0.805878,2.29043,2
4,1,49,-1.19484,1.576,-2.3856,-0.416188,-1.19484,1
3,8,33,1.92028,2.93481,1.60775,-0.805878,2.93481,1
4,16,32,-1.51638,-1.51638,1.7249,-0.805878,1.7249,2
1,8,34,4.1056,3.60445,1.42834,-0.805878,3.60445,0
3,2,88,-0.867829,-1.35182,-5.55605,-2.24038,-1.35182,0
1,8,71,-0.11165,-0.0834304,-4.4203,-1.13959,-0.0834304,1
2,14,24,3.30254,2.9154,2.20454,-0.805878,2.9154,0
4,10,28,-1.27956,-1.51462,1.70711,-0.805878,1.70711,2
3,20,23,3.71386,2.854,2.09672,-0.805878,2.854,0
3,13,16,2.84181,3.21289,2.59926,-0.805878,3.21289,1
4,18,90,-5.22327,-5.22327,-6.05291,-2.36134,-2.36134,3
1,20,69,-0.1917,0.261241,-4.38821,-0.937499,0.261241,1
4,14,35,-1.73068,0.912241,1.44812,-0.805878,1.44812,2
4,5,10,-0.318694,6.945,2.9161,-0.805878,2.9161,1
4,13,14,-0.580929,-0.580929,2.79075,-0.805878,2.79075,2
3,11,56,-0.874366,-0.16481,-3.43957,-0.474568,-0.16481,1
1,19,39,2.28362,2.91998,0.982003,-0.317489,2.91998,1
2,19,23,4.39519,3.24147,2.09672,-0.805878,4.39519,0
3,6,15,2.90164,3.49785,2.8676,-0.805878,3.49785,1
4,17,33,-1.57416,-0.154016,1.60775,-0.805878,1.60775,2
4,12,30,-1.41916,-1.41916,1.53923,-0.805878,1.53923,2
3,1,93,-0.498799,-1.99022,-3.41916,-2.51688,-1.99022,0
3,7,97,-1.57243,-1.99167,-3.41916,-2.81209,-1.99167,0
3,18,88,-2.53051,-2.03583,-5.55605,-2.24038,-2.03583,1
4,2,4,2.89123,5.38168,2.97261,-0.805878,0.568615,1
1,17,48,2.096,2.13429,-2.02538,-0.386848,2.13429,1
4,1,23,3.03527,-0.451764,2.09672,-0.805878,-0.49896,0
3,2,42,2.33308,1.63685,-0.0637023,-0.353411,1.63685,0
1,11,21,4.08408,3.97831,2.59473,-0.805878,3.97831,0
4,10,14,-0.580929,-0.580929,2.79075,-0.805878,2.79075,2
3,8,19,4.07797,3.58949,2.73033,-0.805878,3.58949,0
3,2,48,1.4077,1.57218,-2.02538,-0.386848,1.4077,1
1,7,54,2.32867,1.60936,-3.28628,-0.56961,1.60936,0
3,4,15,4.10492,3.79651,2.8676,-0.805878,3.79651,0
2,16,18,2.77205,3.1282,2.65786,-0.805878,3.1282,1
4,3,37,0.0591728,1.84507,0.962271,-0.077702,0.962271,1
4,2,95,-5.55605,-5.55605,-3.41916,-2.85377,-2.85377,3
3,7,24,3.32076,4.21078,2.20454,-0.805878,4.21078,1
3,10,12,2.79075,3.30508,2.93608,-0.805878,3.30508,1
4,1,55,0.461351,-2.06005,-3.26052,-0.458097,-1.73971,0
3,10,74,-0.551771,-1.06307,-4.86797,-1.45906,-1.06307,0
3,6,17,3.7102,3.90182,2.67763,-0.805878,3.90182,1
4,1,57,0.526605,-2.05702,-3.55909,-0.534181,-1.2956,0
2,17,86,-1.44248,-1.32438,-5.61978,-2.01828,-1.32438,1
4,20,65,-3.5329,-3.2729,-4.11009,-0.783219,-0.783219,3
3,10,26,2.46992,2.97617,2.08517,-0.805878,2.97617,1
2,9,72,-0.201277,-1.20251,-4.69937,-1.21867,-1.20251,0
1,4,4,6.00566,5.44444,2.97261,-0.805878,5.44444,0
4,13,47,-2.47724,-2.47724,-1.66582,-0.377744,-0.377744,3
4,5,37,-1.85703,1.03626,0.962271,-0.077702,0.962271,1
4,18,21,-0.867753,-0.867753,2.59473,-0.805878,2.59473,2
1,3,79,0.189591,-0.225241,-4.30456,-1.7295,-0.225241,0
4,17,69,-3.86868,-2.4453,-4.38821,-0.937499,-0.937499,3
3,1,97,-0.661552,-2.26061,-3.41916,-2.81209,-2.26061,0
4,8,21,-0.867753,2.46877,2.59473,-0.805878,2.59473,2
2,10,12,3.41569,4.22711,2.93608,-0.805878,4.22711,1
4,16,27,-1.19634,-1.19634,1.79261,-0.805878,1.79261,2
2,9,81,-0.144561,-0.919758,-4.70389,-1.77463,-0.919758,0
4,6,21,-0.867753,-0.216951,2.59473,-0.805878,2.59473,2
4,4,21,0.59466,2.24444,2.59473,-0.805878,2.59473,2
2,5,38,2.47223,3.12571,0.671689,-0.230343,3.12571,1
4,20,93,-5.61978,-5.61978,-3.41916,-2.51688,-2.51688,3
2,17,74,-0.524475,-0.788316,-4.86797,-1.45906,-0.788316,0
3,6,43,0.963768,1.75401,-0.351569,-0.382527,1.75401,1
1,6,66,1.06113,1.09633,-4.06104,-0.806488,1.09633,1
4,2,17,3.78353,4.63029,2.67763,-0.805878,2.67763,1
4,11,28,-1.27956,-1.27956,1.70711,-0.805878,1.70711,2
3,7,27,2.77943,3.91303,1.79261,-0.805878,3.91303,1
3,10,19,1.53647,3.46994,2.73033,-0.805878,3.46994,1
4,1,48,-1.05807,1.8767,-2.02538,-0.386848,1.77684,1
2,20,89,-1.79161,-1.78513,-5.75042,-2.39784,-1.78513,1
3,15,33,1.62773,1.95511,1.60775,-0.805878,1.95511,1
4,7,66,-1.94909,-0.584008,-4.06104,-0.806488,-0.806488,1
2,7,24,4.27938,4.23117,2.20454,-0.805878,4.23117,0
3,2,36,2.27423,1.44867,1.45696,0.264588,1.44867,0
1,7,42,2.47599,2.78979,-0.0637023,-0.353411,2.78979,1
3,4,19,3.47252,3.15487,2.73033,-0.805878,3.15487,0
3,9,95,-2.53787,-1.67779,-3.41916,-2.85377,-1.67779,1
3,17,31,2.16372,2.60679,1.72456,-0.805878,2.60679,1
4,12,68,-3.77303,-2.55868,-4.27007,-1.01066,-1.01066,3
2,9,51,0.744024,0.987222,-3.03783,-0.448822,0.987222,1
2,3,43,2.41444,2.71528,-0.351569,-0.382527,2.71528,1
3,5,11,2.54111,3.99912,2.80572,-0.805878,3.99912,1
4,17,27,-1.19634,-1.19634,1.79261,-0.805878,1.79261,2
3,2,50,1.01548,1.16206,-2.70986,-0.510597,1.16206,1
1,7,52,2.3171,2.09886,-3.16282,-0.404636,2.09886,0
3,4,13,3.65549,4.33417,2.91513,-0.805878,4.33417,1
2,10,65,0.257509,0.169681,-4.11009,-0.783219,0.169681,0
4,9,29,-1.34672,-1.67087,1.67657,-0.805878,1.67657,2
2,2,19,4.35802,4.85234,2.73033,-0.805878,4.85234,1
3,15,25,2.33672,2.92378,2.04479,-0.805878,2.92378,1
3,8,23,2.92532,2.90657,2.09672,-0.805878,2.90657,0
2,13,37,2.64451,3.03223,0.962271,-0.077702,3.03223,1
4,1,62,-0.216275,-2.35294,-3.86868,-0.735614,-1.81395,0
2,17,85,-1.27043,-1.38426,-5.14185,-2.10808,-1.38426,0
4,20,64,-3.55909,-3.17261,-3.84075,-0.813937,-0.813937,3
1,17,47,2.35083,2.43017,-1.66582,-0.377744,2.43017,1
3,19,74,-1.02293,-1.261,-4.86797,-1.45906,-1.261,0
3,3,3,5.30595,3.58884,3,-0.805878,3.58884,0
3,10,21,3.44987,3.93857,2.59473,-0.805878,3.93857,1
3,1,13,4.57078,4.26401,2.91513,-0.805878,4.26401,0
3,7,17,3.43134,3.67668,2.67763,-0.805878,3.43134,1
2,9,80,-0.573429,-1.5267,-4.82344,-1.66435,-1.5267,0
4,16,26,-1.12974,-1.12974,2.08517,-0.805878,2.08517,2
3,13,15,2.77623,2.39585,2.8676,-0.805878,2.39585,2
4,18,93,-5.61978,-5.61978,-3.41916,-2.51688,-2.51688,3
3,20,22,3.71281,3.02279,2.39276,-0.805878,3.02279,0
4,14,34,-1.65275,0.832148,1.42834,-0.805878,1.42834,2
4,5,5,-0.00471011,0.753223,2.97834,-0.805878,2.97834,2
4,5,21,-0.786821,1.6305,2.59473,-0.805878,2.59473,2
3,11,21,3.73583,2.62154,2.59473,-0.805878,2.62154,0
1,3,77,0.310828,-0.0921372,-4.67517,-1.58996,-0.0921372,0
4,17,71,-3.84075,-3.84075,-4.4203,-1.13959,-1.13959,3
4,5,61,-1.62117,-0.995623,-3.77303,-0.607646,-0.607646,3
4,18,85,-4.65291,-4.65291,-5.14185,-2.10808,-2.10808,3
3,20,30,1.68929,2.02687,1.53923,-0.805878,2.02687,1
4,14,58,-3.03783,-1.80912,-3.5329,-0.497556,-0.497556,3
3,4,36,1.33178,2.38663,1.45696,0.264588,2.38663,1
3,2,11,4.36837,2.80189,2.80572,-0.805878,2.80189,0
1,12,69,-0.0810358,0.00719311,-4.38821,-0.937499,0.00719311,1
4,15,91,-5.35927,-5.35927,-6.29331,-2.45927,-2.45927,3
4,19,20,-0.805878,-0.805878,2.55099,-0.805878,2.55099,2
4,12,61,-3.28628,-2.22069,-3.77303,-0.607646,-0.607646,3
3,20,29,1.74274,2.06711,1.67657,-0.805878,2.06711,1
4,18,80,-4.58061,-4.58061,-4.82344,-1.66435,-1.66435,3
4,14,57,-2.97891,-1.61141,-3.55909,-0.534181,-0.534181,3
3,8,57,-0.260945,-1.18409,-3.55909,-0.534181,-1.18409,0
3,2,80,-1.09929,-0.820196,-4.82344,-1.66435,-0.820196,1
2,10,13,3.58337,3.17988,2.91513,-0.805878,3.17988,0
2,9,94,-1.36469,-1.1765,-3.41916,-2.55553,-1.1765,1
4,6,20,-0.805878,1.20646,2.55099,-0.805878,2.55099,2
4,4,20,-0.805878,2.63899,2.55099,-0.805878,2.55099,1
3,2,60,0.0646157,0.414648,-3.62281,-0.563066,0.414648,1
1,7,50,1.86736,2.53568,-2.70986,-0.510597,2.53568,1
3,4,11,3.26759,4.01996,2.80572,-0.805878,4.01996,1
4,12,15,-0.479294,-0.479294,2.8676,-0.805878,2.8676,2
2,7,23,3.34032,3.14827,2.09672,-0.805878,3.14827,0
4,9,31,-1.46886,-1.78501,1.72456,-0.805878,1.72456,2
2,2,21,4.45649,4.57316,2.59473,-0.805878,4.57316,1
3,15,27,2.10204,2.67221,1.79261,-0.805878,2.67221,1
3,10,33,2.57258,1.91194,1.60775,-0.805878,1.91194,0
3,8,37,1.69417,3.4516,0.962271,-0.077702,3.4516,1
3,2,92,-0.917774,-1.40752,-6.43894,-2.39982,-1.40752,0
2,17,68,-0.641602,-0.245795,-4.27007,-1.01066,-0.245795,1
4,1,15,3.4549,-0.479294,2.8676,-0.805878,-0.483328,0
1,17,56,0.554446,0.84138,-3.43957,-0.474568,0.84138,1
2,12,44,1.34346,1.89198,-0.646582,-0.45329,1.89198,1
4,15,22,-0.882782,-0.882782,2.39276,-0.805878,2.39276,2
4,8,54,-2.79798,-1.5423,-3.28628,-0.56961,-0.56961,3
4,5,57,-1.49328,-0.672221,-3.55909,-0.534181,-3.55909,3
3,1,79,-0.30542,0.518019,-4.30456,-1.7295,0.518019,1
3,7,83,-1.49783,-3.22409,-5.22327,-1.89942,-3.22409,0
4,15,29,-1.34672,-1.34672,1.67657,-0.805878,1.67657,2
3,2,34,2.42999,1.83245,1.42834,-0.805878,1.83245,0
1,7,36,4.04223,3.17384,1.45696,0.264588,3.17384,0
3,4,29,1.32471,2.61905,1.67657,-0.805878,2.61905,1
2,13,13,3.28017,3.37184,2.91513,-0.805878,3.37184,1
2,11,18,2.6825,4.47286,2.65786,-0.805878,4.47286,1
4,5,56,-1.45304,-0.571209,-3.43957,-0.474568,-3.43957,3
2,4,39,1.9343,1.88719,0.982003,-0.317489,1.88719,0
3,8,90,-1.65521,-1.34653,-6.05291,-2.36134,-1.34653,1
2,19,60,-0.135633,0.396519,-3.62281,-0.563066,0.396519,1
3,14,83,-1.18293,-1.53587,-5.22327,-1.89942,-1.53587,0
1,12,95,-1.00414,-0.799903,-3.41916,-2.85377,-0.799903,1
4,15,33,-1.57416,1.26528,1.60775,-0.805878,0.229699,2
1,3,76,0.298924,0.0320512,-4.75214,-1.45125,0.0320512,0
4,17,68,-3.77303,-2.4268,-4.27007,-1.01066,-1.01066,3
3,1,96,-0.632265,-2.40144,-3.41916,-2.99602,-2.40144,0
4,8,20,-0.805878,-0.805878,2.55099,-0.805878,2.55099,2
3,8,59,-0.161116,-0.133349,-3.59803,-0.651593,-0.133349,1
3,2,82,-1.00282,-1.09897,-5.04662,-1.89873,-1.09897,0
2,1,79,0.116553,0.26865,-4.30456,-1.7295,0.26865,1
2,4,43,1.89302,1.2631,-0.351569,-0.382527,1.2631,0
3,15,36,1.56955,2.17468,1.45696,0.264588,2.17468,1
4,7,65,-1.99166,-0.568073,-4.11009,-0.783219,-0.783219,1
2,7,29,3.14299,3.3314,1.67657,-0.805878,3.3314,1
3,2,39,1.32697,2.09239,0.982003,-0.317489,2.09239,1
1,7,39,2.94361,2.94738,0.982003,-0.317489,2.94738,1
3,4,16,3.33738,3.60644,2.59926,-0.805878,3.60644,1
3,9,88,-1.9205,-1.19549,-5.55605,-2.24038,-1.19549,1
3,17,26,2.29878,2.65252,2.08517,-0.805878,2.65252,1
2,11,21,4.4339,4.37909,2.59473,-0.805878,4.37909,0
4,5,63,-1.86436,-1.09943,-4.03562,-0.692524,-0.692524,3
3,20,24,2.09672,3.35802,2.20454,-0.805878,3.35802,1
4,18,87,-4.82344,-4.82344,-5.60239,-2.09737,-2.09737,3
4,14,52,-2.89315,-1.32172,-3.16282,-0.404636,-0.404636,3
3,3,92,-1.93511,-1.13529,-6.43894,-2.39982,-1.13529,1
4,19,73,-4.06104,-4.06104,-4.58061,-1.30758,-1.30758,3
4,9,21,-0.867753,2.16882,2.59473,-0.805878,2.59473,2
4,15,16,-0.543395,-0.543395,2.59926,-0.805878,2.59926,2
1,6,64,0.975191,1.14765,-3.84075,-0.813937,1.14765,1
4,11,30,-1.41916,-1.41916,1.53923,-0.805878,1.53923,2
4,2,23,0.674503,1.13574,2.09672,-0.805878,-0.563279,2
4,5,53,-1.42124,-0.388684,-3.24637,-0.595251,-0.595251,1
1,20,26,2.98836,3.18617,2.08517,-0.805878,3.18617,1
4,16,28,-1.27956,-1.27956,1.70711,-0.805878,1.70711,2
2,2,11,4.91214,3.888,2.80572,-0.805878,3.888,0
3,1,17,3.72402,3.8722,2.67763,-0.805878,3.8722,1
3,7,37,1.71729,2.22741,0.962271,-0.077702,2.22741,1
1,12,91,-0.817876,-0.537669,-6.29331,-2.45927,-0.537669,1
4,15,37,-1.84662,1.08363,0.962271,-0.077702,0.962271,1
2,16,22,3.07769,3.05839,2.39276,-0.805878,3.05839,0
4,3,33,0.571759,2.28417,1.60775,-0.805878,1.60775,1
3,10,16,2.19251,3.48449,2.59926,-0.805878,3.48449,1
4,1,51,0.128249,-1.74762,-3.03783,-0.448822,-0.724951,0
2,1,29,3.97142,3.51393,1.67657,-0.805878,3.51393,0
2,4,7,5.04555,4.99031,2.92731,-0.805878,4.99031,0
3,16,33,1.39218,1.92808,1.60775,-0.805878,1.92808,1
2,2,15,4.19262,2.89009,2.8676,-0.805878,2.89009,0
4,19,86,-4.30456,-4.30456,-5.61978,-2.01828,-2.01828,3
3,19,38,1.02444,1.37642,0.671689,-0.230343,1.37642,1
2,2,33,3.4304,3.06498,1.60775,-0.805878,3.06498,0
1,11,33,3.84794,3.49934,1.60775,-0.805878,3.49934,0
2,10,51,1.01415,1.22743,-3.03783,-0.448822,1.01415,1
4,9,35,-1.73068,-1.73068,1.44812,-0.805878,1.44812,2
2,2,52,1.15635,1.45917,-3.16282,-0.404636,1.45917,1
4,18,82,-4.90201,-4.90201,-5.04662,-1.89873,-1.89873,3
4,14,59,-3.16282,-1.91914,-3.59803,-0.651593,-0.651593,3
3,20,31,1.59646,1.95714,1.72456,-0.805878,1.95714,1
4,9,20,-0.805878,-0.805878,2.55099,-0.805878,2.55099,2
3,8,56,0.0117006,0.367557,-3.43957,-0.474568,0.367557,1
3,2,87,-1.16776,-1.17704,-5.60239,-2.09737,-1.17704,0
4,15,31,-1.46886,-1.46886,1.72456,-0.805878,1.72456,2
3,8,20,4.15508,3.61363,2.55099,-0.805878,3.61363,0
2,13,38,2.60149,2.77914,0.671689,-0.230343,2.77914,1
2,4,42,1.9506,1.62733,-0.0637023,-0.353411,1.62733,0
1,20,73,-0.482858,-0.269142,-4.58061,-1.30758,-0.269142,1
4,14,47,-2.47724,-2.47724,-1.66582,-0.377744,-1.66582,3
4,20,96,-5.75042,-5.75042,-3.41916,-2.99602,-2.99602,3
2,5,35,2.83949,3.53898,1.44812,-0.805878,3.53898,1
4,1,63,-0.160742,-2.42307,-4.03562,-0.692524,-0.160742,0
3,10,20,2.8882,3.12707,2.55099,-0.805878,3.12707,1
3,1,12,4.86436,4.5369,2.93608,-0.805878,4.5369,0
3,7,16,2.22512,3.05681,2.59926,-0.805878,3.05681,1
4,6,32,-1.51638,1.90704,1.7249,-0.805878,1.7249,1
2,3,44,2.11272,2.49732,-0.646582,-0.45329,2.49732,1
2,9,54,0.804141,1.02435,-3.28628,-0.56961,1.02435,1
3,4,38,1.27966,2.06848,0.671689,-0.230343,2.06848,1
3,2,9,4.06018,0.565873,2.89122,-0.805878,0.565873,0
4,12,59,-3.16282,-2.13239,-3.59803,-0.651593,-0.651593,3
3,8,29,2.34152,3.81877,1.67657,-0.805878,3.81877,1
2,13,47,1.21514,0.206846,-1.66582,-0.377744,0.206846,0
3,11,68,-0.450398,-0.799371,-4.27007,-1.01066,-0.799371,0
2,16,70,-0.412323,-1.32488,-4.23657,-1.06699,-1.32488,0
3,13,70,-1.00809,-0.963222,-4.23657,-1.06699,-0.963222,1
1,19,35,3.65367,3.42965,1.44812,-0.805878,3.42965,0
3,10,92,-2.18828,-1.75197,-6.43894,-2.39982,-1.75197,1
2,19,27,2.27704,2.89936,1.79261,-0.805878,2.89936,1
3,6,11,3.54448,4.20024,2.80572,-0.805878,4.20024,1
2,1,85,-0.371762,-0.114314,-5.14185,-2.10808,-0.114314,1
2,9,83,-0.572224,-1.12399,-5.22327,-1.89942,-1.12399,0
4,8,55,-2.89948,-1.44953,-3.26052,-0.458097,-0.458097,3
3,3,37,2.24052,1.60249,0.962271,-0.077702,1.60249,0
3,17,46,-0.384606,0.725746,-1.27338,-0.395639,0.725746,1
4,5,62,-1.79239,-1.0202,-3.86868,-0.735614,-0.735614,3
3,20,27,2.08517,2.7674,1.79261,-0.805878,2.7674,1
4,18,86,-4.30456,-4.30456,-5.61978,-2.01828,-2.01828,3
4,14,55,-3.02202,-1.50559,-3.26052,-0.458097,-0.458097,3
4,16,25,-1.10732,-1.10732,2.04479,-0.805878,2.04479,2
3,11,69,-1.77862,-0.687022,-4.38821,-0.937499,-0.687022,1
2,16,71,-0.392472,-0.672526,-4.4203,-1.13959,-0.672526,0
3,13,69,-1.13503,-1.44316,-4.38821,-0.937499,-1.44316,3
1,19,32,3.42232,3.26337,1.7249,-0.805878,3.26337,0
3,10,95,-2.39451,-2.08923,-3.41916,-2.85377,-2.08923,1
2,19,26,2.08646,2.72974,2.08517,-0.805878,2.72974,1
3,6,10,3.33942,4.40556,2.9161,-0.805878,4.40556,1
2,1,84,-0.253735,-0.0885398,-5.35927,-2.00544,-0.253735,1
4,19,89,-5.04662,-5.04662,-5.75042,-2.39784,-2.39784,3
3,19,33,1.73187,1.93792,1.60775,-0.805878,1.93792,1
2,2,34,3.33088,2.92894,1.42834,-0.805878,2.92894,0
2,17,24,2.8662,2.4659,2.20454,-0.805878,2.4659,0
3,8,62,0.020369,0.273171,-3.86868,-0.735614,0.273171,1
3,2,85,-0.860937,-0.993402,-5.14185,-2.10808,-0.993402,0
4,7,68,-1.89594,-0.876239,-4.27007,-1.01066,-1.01066,1
3,15,39,2.08399,0.859766,0.982003,-0.317489,0.859766,0
2,2,17,4.63366,4.78825,2.67763,-0.805878,4.78825,1
2,10,67,0.171019,0.147029,-4.33476,-0.933887,0.171019,0
4,9,19,-0.760146,-0.655609,2.73033,-0.805878,2.73033,2
2,1,18,4.58491,4.43091,2.65786,-0.805878,4.43091,0
4,8,99,-6.43894,-6.43894,-3.41916,-3.35117,-3.35117,3
2,10,10,4.43149,4.64084,2.9161,-0.805878,4.64084,1
2,5,18,3.97201,3.91682,2.65786,-0.805878,3.91682,0
4,7,19,-0.760146,-0.606256,2.73033,-0.805878,2.73033,2
4,4,19,-0.728975,-0.741964,2.73033,-0.805878,2.73033,2
4,5,67,-2.26349,-1.29481,-4.33476,-0.933887,-0.933887,3
3,1,18,4.41201,4.88552,2.65786,-0.805878,4.88552,1
3,7,38,1.34971,1.92716,0.671689,-0.230343,1.92716,1
1,12,92,-0.748293,-0.467029,-6.43894,-2.39982,-0.467029,1
4,15,36,-1.77946,1.1284,1.45696,0.264588,1.45696,2
4,11,56,-3.03023,-2.99596,-3.43957,-0.474568,-0.474568,3
3,15,31,1.86464,1.66601,1.72456,-0.805878,1.66601,0
2,2,9,3.63277,1.42311,2.89122,-0.805878,1.42311,0
3,5,43,1.26324,1.27751,-0.351569,-0.382527,1.27751,1
2,3,11,4.37101,5.25649,2.80572,-0.805878,5.25649,1
2,12,47,1.74223,2.00514,-1.66582,-0.377744,2.00514,1
3,11,18,1.8128,3.273,2.65786,-0.805878,3.273,1
4,13,49,-2.61941,-2.61941,-2.3856,-0.416188,-0.416188,3
4,18,23,-0.967684,-0.967684,2.09672,-0.805878,2.09672,2
4,5,39,3.59968,0.250964,0.982003,-0.317489,0.982003,0
4,18,38,-1.89425,-1.2881,0.671689,-0.230343,-0.230343,2
3,13,20,2.7372,2.33399,2.55099,-0.805878,2.33399,0
4,15,98,-6.29331,-6.29331,-3.41916,-3.12829,-3.12829,3
3,19,45,-0.352337,1.89191,-0.989663,-0.351506,1.89191,1
4,19,45,-2.28561,-2.28561,-0.989663,-0.351506,-0.351506,3
3,18,84,-1.6139,-2.04722,-5.35927,-2.00544,-2.04722,0
4,15,27,-1.19634,-1.19634,1.79261,-0.805878,1.79261,2
2,1,61,1.22472,0.670463,-3.77303,-0.607646,0.670463,0
2,7,38,2.30225,2.65201,0.671689,-0.230343,2.65201,1
4,12,58,-3.03783,-1.99047,-3.5329,-0.497556,-0.497556,3
3,8,30,2.1621,4.03325,1.53923,-0.805878,4.03325,1
4,15,28,-1.27956,-1.27956,1.70711,-0.805878,1.70711,2
3,18,85,-2.2177,-2.13446,-5.14185,-2.10808,-2.13446,3
2,1,91,0.121233,-0.553441,-6.29331,-2.45927,-0.553441,0
3,8,31,2.31403,3.9668,1.72456,-0.805878,3.9668,1
2,13,45,1.47981,0.48267,-0.989663,-0.351506,0.48267,0
2,14,89,-1.71787,-1.02684,-5.75042,-2.39784,-1.02684,1
3,7,29,2.58924,2.38516,1.67657,-0.805878,2.38516,0
3,1,9,3.31671,1.22027,2.89122,-0.805878,1.22027,0
2,12,66,0.0586699,-0.327532,-4.06104,-0.806488,-0.327532,0
3,7,15,2.99654,3.90357,2.8676,-0.805878,3.90357,1
4,5,11,-0.381377,0.888522,2.80572,-0.805878,2.80572,2
3,20,20,2.55099,2.58277,2.55099,-0.805878,2.58277,1
3,13,17,2.80572,3.72465,2.67763,-0.805878,3.72465,1
4,18,91,-5.35927,-5.35927,-6.29331,-2.45927,-2.45927,3
1,20,68,0.20392,0.331671,-4.27007,-1.01066,0.331671,1
4,14,32,-1.51638,-1.51638,1.7249,-0.805878,1.7249,2
4,13,13,-0.496319,-0.496319,2.91513,-0.805878,2.91513,2
1,20,90,-1.94341,-1.74575,-6.05291,-2.36134,-1.74575,1
4,6,33,-1.58781,-0.756131,1.60775,-0.805878,1.60775,2
3,4,37,1.22804,2.0216,0.962271,-0.077702,2.0216,1
1,12,70,-0.192633,0.0641497,-4.23657,-1.06699,0.0641497,1
4,15,90,-5.22327,-5.22327,-6.05291,-2.36134,-2.36134,3
4,19,21,-0.867753,-0.867753,2.59473,-0.805878,2.59473,2
3,2,10,4.89041,4.63277,2.9161,-0.805878,4.63277,0
4,13,46,-2.41163,-2.41163,-1.27338,-0.395639,-1.27338,3
4,5,42,3.10105,0.0883897,-0.0637023,-0.353411,-0.0637023,0
4,18,18,-0.728975,-0.728975,2.65786,-0.805878,2.65786,2
4,5,55,-1.46485,-0.343943,-3.26052,-0.458097,-0.458097,1
4,13,33,-1.57416,1.00354,1.60775,-0.805878,1.60775,2
4,12,75,-4.27007,-1.07201,-4.90201,-1.41384,-1.41384,1
4,17,20,-0.805878,-0.805878,2.55099,-0.805878,2.55099,2
1,10,49,1.20143,0.594593,-2.3856,-0.416188,0.594593,0
1,1,49,1.83162,2.24225,-2.3856,-0.416188,2.24225,1
3,5,14,3.24302,5.44867,2.79075,-0.805878,5.44867,1
1,20,24,3.53369,3.33243,2.20454,-0.805878,3.33243,0
4,16,18,-0.728975,-0.728975,2.65786,-0.805878,2.65786,2
3,8,63,-0.249446,0.305846,-4.03562,-0.692524,0.305846,1
3,2,86,-1.13904,-1.19269,-5.61978,-2.01828,-1.19269,0
4,9,18,-0.728975,-0.728975,2.65786,-0.805878,2.65786,2
2,10,66,0.0425356,0.373054,-4.06104,-0.806488,0.373054,1
4,9,28,-1.27956,-1.60915,1.70711,-0.805878,1.70711,2
2,2,18,4.73956,3.05854,2.65786,-0.805878,3.05854,0
4,7,69,-1.94084,-1.00742,-4.38821,-0.937499,-4.38821,3
3,15,24,2.49599,2.95619,2.20454,-0.805878,2.95619,1
2,12,34,3.1426,4.25855,1.42834,-0.805878,4.25855,1
4,9,43,-2.24665,0.953711,-0.351569,-0.382527,-0.351569,1
4,8,96,-5.75042,-5.75042,-3.41916,-2.99602,-2.99602,3
2,10,11,3.76479,4.42993,2.80572,-0.805878,4.42993,1
4,4,18,-0.543395,5.32419,2.65786,-0.805878,2.65786,1
4,5,66,-2.24908,-1.28173,-4.06104,-0.806488,-0.806488,3
1,12,93,-0.877926,-0.608328,-3.41916,-2.51688,-0.608328,1
4,15,35,-1.73068,1.16092,1.44812,-0.805878,1.44812,2
4,5,54,-1.45559,-0.403474,-3.28628,-0.56961,-3.28628,1
4,13,34,-1.65275,0.69092,1.42834,-0.805878,1.42834,2
4,12,72,-4.11009,-0.813727,-4.69937,-1.21867,-1.21867,1
4,17,23,-0.967684,-0.967684,2.09672,-0.805878,2.09672,2
1,10,48,1.7034,0.835491,-2.02538,-0.386848,0.835491,0
1,1,48,1.92839,2.32975,-2.02538,-0.386848,2.32975,1
3,5,15,3.0272,3.04057,2.8676,-0.805878,3.04057,1
1,20,25,3.1847,3.32182,2.04479,-0.805878,3.32182,1
4,16,17,-0.64769,-1.19634,2.67763,-0.805878,2.67763,2
2,2,31,3.79671,4.07134,1.72456,-0.805878,4.07134,1
4,7,70,-2.06453,-1.0583,-4.23657,-1.06699,-1.06699,1
3,15,37,1.6088,2.10859,0.962271,-0.077702,2.10859,1
4,9,17,-0.64769,-0.64769,2.67763,-0.805878,2.67763,2
4,7,17,-0.64769,-0.64769,2.67763,-0.805878,2.67763,2
4,16,31,-1.46886,-1.46886,1.72456,-0.805878,1.72456,2
2,9,85,-0.41013,-1.07178,-5.14185,-2.10808,-1.07178,0
4,4,17,-0.543395,2.85531,2.67763,-0.805878,2.67763,1
4,7,16,-0.543395,3.2008,2.59926,-0.805878,2.59926,1
1,12,26,3.62483,3.70307,2.08517,-0.805878,3.70307,1
4,9,73,-4.06104,-3.78244,-4.58061,-1.30758,-1.30758,3
2,10,21,4.05116,3.67322,2.59473,-0.805878,3.67322,0
4,18,94,-5.60239,-5.60239,-3.41916,-2.55553,-2.55553,3
4,14,63,-3.43957,-2.34443,-4.03562,-0.692524,-0.692524,3
4,5,6,0.0171194,6.10131,2.97518,-0.805878,2.97518,1
3,11,95,-2.47491,-1.62424,-3.41916,-2.85377,-1.62424,1
3,12,15,2.8537,3.50089,2.8676,-0.805878,3.50089,1
2,17,79,-1.29088,-1.19341,-4.30456,-1.7295,-1.19341,1
1,17,53,0.98851,1.51851,-3.24637,-0.595251,0.98851,1
4,1,16,3.78873,-0.543395,2.59926,-0.805878,3.78873,0
4,4,10,1.27569,6.945,2.9161,-0.805878,2.9161,1
1,6,89,-0.555148,-0.925358,-5.75042,-2.39784,-0.925358,0
4,11,49,-2.61941,-2.61941,-2.3856,-0.416188,-0.416188,3
3,15,16,2.8676,2.83466,2.59926,-0.805878,2.83466,0
2,2,10,4.96466,4.88578,2.9161,-0.805878,4.88578,0
2,4,37,2.63995,2.93841,0.962271,-0.077702,2.93841,1
2,1,73,0.651801,0.666731,-4.58061,-1.30758,0.666731,1
4,5,64,-1.87284,-1.19661,-3.84075,-0.813937,-3.84075,3
2,2,24,3.5777,4.04329,2.20454,-0.805878,4.04329,1
1,10,17,4.10117,4.31053,2.67763,-0.805878,4.31053,1
3,20,36,-0.805878,1.17513,1.45696,0.264588,1.17513,2
4,16,29,-1.34672,-1.34672,1.67657,-0.805878,1.67657,2
4,5,22,-0.84197,1.79043,2.39276,-0.805878,2.39276,2
3,11,16,2.89042,3.24699,2.59926,-0.805878,3.24699,1
4,13,51,-2.78547,-1.81834,-3.03783,-0.448822,-0.448822,3
4,5,33,-1.62353,1.19285,1.60775,-0.805878,1.60775,2
3,11,71,-0.64559,-1.47869,-4.4203,-1.13959,-1.47869,0
2,16,89,-2.04602,-2.2528,-5.75042,-2.39784,-2.2528,0
3,13,71,-0.43556,-0.954755,-4.4203,-1.13959,-0.954755,0
1,19,34,3.62478,3.48314,1.42834,-0.805878,3.62478,0
3,10,93,-2.66506,-2.02182,-3.41916,-2.51688,-2.02182,1
2,19,24,3.37491,3.3481,2.20454,-0.805878,3.3481,0
3,6,8,2.0093,2.2386,2.93668,-0.805878,2.2386,2
4,1,52,0.575581,-1.90932,-3.16282,-0.404636,-0.404636,0
4,5,49,-2.67363,1.35719,-2.3856,-0.416188,-2.3856,1
4,18,25,-1.10732,-1.10732,2.04479,-0.805878,-1.10732,2
4,13,35,-1.73068,0.517464,1.44812,-0.805878,1.44812,2
3,8,27,2.00469,3.39515,1.79261,-0.805878,3.39515,1
2,13,49,1.04738,0.011402,-2.3856,-0.416188,0.011402,0
3,8,40,1.08212,2.04441,0.424054,-0.32524,2.04441,1
2,4,38,2.61191,2.99789,0.671689,-0.230343,2.99789,1
4,5,59,-1.50941,-0.89505,-3.59803,-0.651593,-3.59803,3
3,2,35,2.35291,1.63942,1.44812,-0.805878,1.63942,0
1,7,35,4.23888,3.14272,1.44812,-0.805878,3.14272,0
3,4,28,1.15484,2.97624,1.70711,-0.805878,2.97624,1
2,11,17,3.488,5.04644,2.67763,-0.805878,5.04644,1
3,14,77,-1.58158,-1.27546,-4.67517,-1.58996,-1.27546,1
2,19,58,-0.272691,0.325464,-3.5329,-0.497556,0.325464,1
3,11,60,-0.338609,-0.430737,-3.62281,-0.563066,-0.430737,0
1,12,72,0.0600342,0.859925,-4.69937,-1.21867,0.859925,1
4,15,72,-4.11009,-1.88561,-4.69937,-1.21867,-1.21867,3
3,1,31,2.31843,3.21416,1.72456,-0.805878,3.21416,1
3,7,35,1.4308,2.59849,1.44812,-0.805878,2.59849,1
3,1,32,2.03588,2.71311,1.7249,-0.805878,2.71311,1
3,7,52,-0.462881,-0.580187,-3.16282,-0.404636,-0.580187,3
1,12,89,-0.695494,-0.294768,-5.75042,-2.39784,-0.294768,1
4,15,39,-1.93459,-1.87044,0.982003,-0.317489,-0.317489,2
3,11,59,-0.817109,-0.346036,-3.59803,-0.651593,-0.346036,1
1,19,38,2.73028,2.84726,0.671689,-0.230343,2.84726,1
2,19,20,2.80823,3.02059,2.55099,-0.805878,3.02059,1
3,6,12,3.66122,3.24378,2.93608,-0.805878,3.24378,0
1,12,16,4.56718,3.93155,2.59926,-0.805878,3.93155,0
4,5,48,-2.65055,1.58652,-2.02538,-0.386848,-2.02538,1
4,13,36,-1.77946,0.967486,1.45696,0.264588,1.45696,2
4,18,24,-1.02966,-1.02966,2.20454,-0.805878,2.20454,2
2,17,82,-1.21235,-1.62768,-5.04662,-1.89873,-1.62768,0
1,17,34,3.37524,4.00809,1.42834,-0.805878,4.00809,1
4,1,5,5.49425,6.55154,2.97834,-0.805878,3.76083,1
3,8,13,5.03933,3.94101,2.91513,-0.805878,3.94101,0
3,8,14,3.53042,4.09505,2.79075,-0.805878,4.09505,1
3,8,61,0.0299208,0.411811,-3.77303,-0.607646,0.411811,1
3,2,84,-1.22148,-0.874459,-5.35927,-2.00544,-0.874459,1
1,8,83,-0.504959,-0.571001,-5.22327,-1.89942,-0.571001,0
4,10,16,-0.543395,4.25213,2.59926,-0.805878,2.59926,1
4,5,17,-0.64769,5.03846,2.67763,-0.805878,2.67763,1
4,13,52,-2.89315,-1.90194,-3.16282,-0.404636,-0.404636,3
4,5,32,-1.51638,0.521492,1.7249,-0.805878,1.7249,2
4,3,36,0.0701166,1.97419,1.45696,0.264588,1.04168,1
2,16,19,3.19594,3.60742,2.73033,-0.805878,3.60742,1
2,19,65,-0.153129,0.0676071,-4.11009,-0.783219,0.0676071,1
3,14,54,-0.342607,0.120932,-3.28628,-0.56961,0.120932,1
3,20,74,-0.91793,-1.41997,-4.86797,-1.45906,-1.41997,0
2,17,49,0.255608,1.09602,-2.3856,-0.416188,1.09602,1
3,11,17,3.62028,3.0576,2.67763,-0.805878,3.0576,0
4,9,74,-4.33476,-3.94534,-4.86797,-1.45906,-4.86797,3
2,10,20,3.3505,3.8414,2.55099,-0.805878,3.3505,1
1,12,94,-0.906367,-0.647035,-3.41916,-2.55553,-0.647035,1
4,15,34,-1.65275,1.21288,1.42834,-0.805878,1.42834,2
4,7,24,-1.02966,1.24375,2.20454,-0.805878,2.20454,2
2,5,11,3.99704,4.88636,2.80572,-0.805878,4.88636,1
3,7,36,1.37747,2.45895,1.45696,0.264588,2.45895,1
3,1,16,3.83192,5.1321,2.59926,-0.805878,5.1321,1
1,20,30,3.30733,3.26899,1.53923,-0.805878,3.26899,0
4,16,16,-0.543395,-0.543395,2.59926,-0.805878,2.59926,2
3,13,14,2.87416,3.22235,2.79075,-0.805878,3.22235,1
4,18,92,-5.14185,-5.14185,-6.43894,-2.39982,-2.39982,3
4,14,61,-3.28628,-1.93149,-3.77303,-0.607646,-0.607646,3
4,12,28,-1.27956,-1.27956,1.70711,-0.805878,1.70711,2
4,6,24,-1.02966,-0.677171,2.20454,-0.805878,2.20454,2
2,17,72,-0.463608,-0.669018,-4.69937,-1.21867,-0.669018,0
4,15,74,-4.33476,-2.10873,-4.86797,-1.45906,-1.45906,3
3,8,82,-1.22019,-1.24035,-5.04662,-1.89873,-1.24035,0
3,7,8,3.1441,2.08819,2.93668,-0.805878,2.08819,0
4,6,39,-1.93459,1.02789,0.982003,-0.317489,0.982003,1
2,3,47,1.80781,1.72176,-1.66582,-0.377744,1.72176,0
2,9,55,0.401587,1.00357,-3.26052,-0.458097,1.00357,1
3,4,39,0.341153,1.75855,0.982003,-0.317489,1.75855,1
1,12,88,-0.617421,-0.347987,-5.55605,-2.24038,-0.347987,1
4,15,88,-4.70389,-4.70389,-5.55605,-2.24038,-2.24038,3
4,19,19,-0.760146,-0.760146,2.73033,-0.805878,2.73033,2
3,2,8,4.42436,2.83631,2.93668,-0.805878,2.83631,0
3,2,32,2.29754,2.86966,1.7249,-0.805878,2.86966,1
1,7,38,3.60995,2.7167,0.671689,-0.230343,2.7167,0
3,4,31,1.68089,2.9321,1.72456,-0.805878,2.9321,1
2,7,28,3.26109,3.25506,1.70711,-0.805878,3.25506,0
3,9,91,-2.19424,-1.45039,-6.29331,-2.45927,-1.45039,1
3,17,27,2.17865,1.96239,1.79261,-0.805878,1.96239,0
2,11,20,3.77226,3.60127,2.55099,-0.805878,3.60127,0
2,4,33,3.58788,3.86455,1.60775,-0.805878,3.86455,1
3,18,94,-2.29973,-2.32064,-3.41916,-2.55553,-2.32064,0
4,12,45,-2.28561,-2.28561,-0.989663,-0.351506,-0.351506,3
2,3,71,0.274505,0.509593,-4.4203,-1.13959,0.509593,1
4,6,86,-4.30456,-4.30456,-5.61978,-2.01828,-2.01828,3
3,12,34,1.48593,1.91515,1.42834,-0.805878,1.91515,1
2,1,53,1.10335,0.795243,-3.24637,-0.595251,0.795243,0
2,12,21,3.20872,4.2558,2.59473,-0.805878,4.2558,1
4,16,24,-1.02966,-1.02966,2.20454,-0.805878,2.20454,2
4,17,48,-2.52467,-2.52467,-2.02538,-0.386848,-0.386848,3
2,1,87,-0.181586,-0.427961,-5.60239,-2.09737,-0.427961,0
3,11,70,-1.76724,-0.793972,-4.23657,-1.06699,-0.793972,1
2,16,88,-1.57831,-2.07218,-5.55605,-2.24038,-2.07218,0
3,13,72,-0.863999,-0.995366,-4.69937,-1.21867,-0.995366,0
1,19,37,3.44141,3.12214,0.962271,-0.077702,3.12214,0
2,19,25,2.99175,3.18129,2.04479,-0.805878,3.18129,1
3,6,9,3.03173,2.66183,2.89122,-0.805878,2.66183,0
4,15,75,-4.27007,-2.08687,-4.90201,-1.41384,-1.41384,3
3,11,42,0.550066,-0.096555,-0.0637023,-0.353411,-0.096555,0
1,12,27,4.12244,3.97994,1.79261,-0.805878,3.97994,0
3,7,22,2.9275,3.07692,2.39276,-0.805878,3.07692,1
3,1,2,4.91971,3.99066,2.95846,-0.805878,4.91971,0
2,2,63,0.944275,0.51072,-4.03562,-0.692524,0.51072,0
1,12,31,3.00455,3.81644,1.72456,-0.805878,3.81644,1
4,13,54,-2.99027,-2.12927,-3.28628,-0.56961,-0.56961,3
2,16,91,-1.8443,-2.33874,-6.29331,-2.45927,-2.33874,0
3,13,73,-0.671951,-1.10787,-4.58061,-1.30758,-1.10787,0
3,11,57,-0.838225,-0.16837,-3.55909,-0.534181,-0.16837,1
1,19,36,3.75116,3.5488,1.45696,0.264588,3.5488,0
2,19,22,3.97405,2.83457,2.39276,-0.805878,2.83457,0
3,6,14,3.53257,4.30733,2.79075,-0.805878,4.30733,1
2,1,80,0.0636917,0.274499,-4.82344,-1.66435,0.274499,1
3,2,41,1.3354,1.81235,0.201755,-0.28101,1.3354,1
1,11,20,4.10132,4.63961,2.55099,-0.805878,4.63961,1
4,10,15,-0.479294,-0.479294,2.8676,-0.805878,2.8676,2
3,8,18,4.62755,4.88815,2.65786,-0.805878,4.88815,1
2,12,70,-0.0360949,-0.415922,-4.23657,-1.06699,-0.415922,0
2,7,7,4.48473,4.46923,2.92731,-0.805878,4.46923,0
4,12,31,-1.46886,-1.46886,1.72456,-0.805878,1.72456,2
4,5,50,-2.77395,1.10833,-2.70986,-0.510597,0.0294402,1
4,14,99,-6.43894,-6.43894,-3.41916,-3.35117,-3.35117,3
4,18,26,-1.12974,-1.12974,2.08517,-0.805878,2.08517,2
4,13,38,-1.89425,0.75924,0.671689,-0.230343,0.671689,1
4,5,24,-0.87151,2.80866,2.20454,-0.805878,2.20454,1
1,12,22,3.89298,4.42789,2.39276,-0.805878,4.42789,1
1,20,29,3.66192,3.44658,1.67657,-0.805878,3.44658,0
4,16,21,-0.867753,-0.867753,2.59473,-0.805878,2.59473,2
4,5,51,-1.30874,-0.143156,-3.03783,-0.448822,-3.03783,1
4,18,27,-1.19634,-1.19634,1.79261,-0.805878,1.79261,2
4,13,37,-1.84662,0.902689,0.962271,-0.077702,-0.077702,2
2,2,7,5.71664,4.12512,2.92731,-0.805878,4.12512,0
1,12,23,4.01179,4.40418,2.09672,-0.805878,4.40418,1
1,20,28,3.50448,3.31879,1.70711,-0.805878,3.31879,0
4,16,22,-0.882782,-0.882782,2.39276,-0.805878,2.39276,2
4,13,53,-2.88215,-1.96874,-3.24637,-0.595251,-0.595251,3
2,12,45,1.80397,2.04321,-0.989663,-0.351506,2.04321,1
4,15,23,-0.967684,-0.967684,2.09672,-0.805878,2.09672,2
3,1,71,0.498235,1.4458,-4.4203,-1.13959,1.4458,1
4,8,15,-0.479294,-0.479294,2.8676,-0.805878,2.8676,2
2,11,26,3.73741,3.96243,2.08517,-0.805878,3.96243,1
4,12,63,-3.43957,-2.49947,-4.03562,-0.692524,-0.692524,3
3,11,58,-1.02981,-0.182471,-3.5329,-0.497556,-0.182471,1
1,19,25,3.91305,3.79737,2.04479,-0.805878,3.91305,0
2,19,21,3.72501,2.86703,2.59473,-0.805878,2.86703,0
3,6,13,4.42773,3.92019,2.91513,-0.805878,3.92019,0
1,12,90,-0.680779,-0.415189,-6.05291,-2.36134,-0.415189,1
4,15,38,-1.89425,1.05187,0.671689,-0.230343,0.671689,1
3,11,63,-1.20714,-0.432146,-4.03562,-0.692524,-0.432146,1
4,12,66,-3.59803,-2.71395,-4.06104,-0.806488,-0.806488,3
2,9,53,0.336194,1.45799,-3.24637,-0.595251,1.45799,1
2,3,41,2.37538,2.47473,0.201755,-0.28101,2.47473,1
4,17,29,-1.34672,-1.34672,1.67657,-0.805878,1.67657,2
3,5,5,5.13591,4.59195,2.97834,-0.805878,4.59195,0
4,5,44,3.3621,0.0743185,-0.646582,-0.45329,-0.377918,0
4,18,28,-1.27956,-1.27956,1.70711,-0.805878,1.70711,2
4,13,40,-2.00091,-2.15886,0.424054,-0.32524,0.424054,2
2,4,40,2.12667,1.83992,0.424054,-0.32524,1.83992,0
2,13,36,2.37412,3.07887,1.45696,0.264588,3.07887,1
2,13,59,0.0261889,0.222432,-3.59803,-0.651593,0.222432,1
2,4,9,4.32772,5.02204,2.89122,-0.805878,4.32772,1
3,16,47,-0.0397223,-0.790798,-1.66582,-0.377744,-0.790798,0
4,9,15,-0.479294,-0.479294,2.8676,-0.805878,2.8676,2
2,9,75,-0.269357,-0.810877,-4.90201,-1.41384,-0.810877,0
4,6,15,-0.479294,-0.479294,2.8676,-0.805878,2.8676,2
3,11,86,-1.86974,-0.97346,-5.61978,-2.01828,-0.97346,1
3,12,22,2.709,2.82149,2.39276,-0.805878,2.82149,1
3,1,88,-0.349764,-1.85506,-5.55605,-2.24038,-1.85506,0
4,8,12,-0.438248,-0.438248,2.93608,-0.805878,2.93608,2
4,9,62,-3.1582,-2.81554,-3.86868,-0.735614,-3.86868,3
2,10,32,3.28247,2.73649,1.7249,-0.805878,2.73649,0
4,4,15,3.23001,-0.479294,2.8676,-0.805878,2.8676,0
4,9,14,-0.580929,-0.580929,2.79075,-0.805878,2.79075,2
2,2,4,4.92206,5.75038,2.97261,-0.805878,5.75038,1
3,11,43,0.597435,-0.323352,-0.351569,-0.382527,-0.323352,0
2,10,54,0.777771,1.02976,-3.28628,-0.56961,1.02976,1
4,9,40,-2.00091,1.1551,0.424054,-0.32524,-0.32524,1
2,2,41,2.39328,0.174292,0.201755,-0.28101,0.174292,0
3,18,81,-1.44212,-1.82771,-4.70389,-1.77463,-1.82771,0
4,12,69,-3.86868,-2.96929,-4.38821,-0.937499,-0.937499,3
2,9,50,1.82511,0.574912,-2.70986,-0.510597,0.574912,0
2,3,40,2.64842,2.44857,0.424054,-0.32524,2.64842,0
4,17,26,-1.12974,-1.12974,2.08517,-0.805878,2.08517,2
2,1,52,1.17624,1.05261,-3.16282,-0.404636,1.05261,0
2,12,22,3.07004,4.16958,2.39276,-0.805878,4.16958,1
1,7,37,3.69912,3.02882,0.962271,-0.077702,3.02882,0
3,4,30,1.23384,2.82743,1.53923,-0.805878,2.82743,1
3,2,33,3.08062,2.8395,1.60775,-0.805878,2.8395,0
2,9,74,-0.268779,-1.42239,-4.86797,-1.45906,-1.42239,0
4,6,8,-0.304695,-0.268522,2.93668,-0.805878,2.93668,2
3,7,7,1.94894,3.94928,2.92731,-0.805878,3.94928,1
3,10,15,2.79617,2.94977,2.8676,-0.805878,2.94977,1
4,9,72,-4.11009,-3.7343,-4.69937,-1.21867,-1.21867,3
2,10,22,4.11967,3.63587,2.39276,-0.805878,3.63587,0
1,12,80,-0.475446,0.195384,-4.82344,-1.66435,0.195384,1
4,15,32,-1.51638,-1.51638,1.7249,-0.805878,1.7249,2
1,12,30,3.72525,4.10015,1.53923,-0.805878,4.10015,1
1,20,27,2.7327,2.87241,1.79261,-0.805878,2.87241,1
4,16,19,-0.760146,-0.760146,2.73033,-0.805878,2.73033,2
2,2,6,4.67398,3.98793,2.97518,-0.805878,3.98793,0
1,20,31,3.25964,3.29809,1.72456,-0.805878,3.29809,1
4,16,23,-0.967684,-0.967684,2.09672,-0.805878,2.09672,2
4,12,70,-4.03562,-2.90734,-4.23657,-1.06699,-1.06699,3
4,17,25,-1.10732,-1.10732,2.04479,-0.805878,2.04479,2
3,5,9,3.08146,4.39104,2.89122,-0.805878,4.39104,1
4,5,65,-2.0298,-1.12983,-4.11009,-0.783219,-0.783219,3
3,8,12,2.91457,3.41344,2.93608,-0.805878,3.41344,1
3,8,26,1.78078,2.94313,2.08517,-0.805878,2.94313,1
2,13,48,1.06217,-0.0223132,-2.02538,-0.386848,-0.0223132,0
3,4,49,0.4903,0.771944,-2.3856,-0.416188,0.771944,1
3,2,6,4.46336,2.72044,2.97518,-0.805878,2.72044,0
4,1,53,0.530799,-1.93774,-3.24637,-0.595251,-1.92925,0
3,10,14,2.79909,3.60289,2.79075,-0.805878,3.60289,1
3,4,59,0.201826,0.370966,-3.59803,-0.651593,0.370966,1
3,2,12,3.92779,2.7541,2.93608,-0.805878,2.7541,0
2,12,69,0.167271,-0.169218,-4.38821,-0.937499,-0.169218,0
3,7,12,3.23624,3.08802,2.93608,-0.805878,3.08802,0
2,2,2,5.57709,6.12172,2.95846,-0.805878,5.57709,1
2,20,99,-2.62492,-2.5104,-3.41916,-3.35117,-2.5104,1
4,9,12,-0.438248,-0.438248,2.93608,-0.805878,2.93608,2
2,4,41,2.06706,1.74782,0.201755,-0.28101,1.74782,0
2,13,39,2.91568,2.41825,0.982003,-0.317489,2.41825,0
4,5,45,-2.41215,1.75155,-0.989663,-0.351506,-0.989663,1
4,14,98,-6.29331,-6.29331,-3.41916,-3.12829,-3.12829,3
4,18,29,-1.34672,-1.34672,1.67657,-0.805878,1.67657,2
4,13,39,-1.93459,-2.14158,0.982003,-0.317489,-0.317489,2
1,12,21,4.32598,4.65623,2.59473,-0.805878,4.65623,1
4,16,20,-0.805878,-0.805878,2.55099,-0.805878,2.55099,2
3,9,94,-2.42822,-1.48451,-3.41916,-2.55553,-1.48451,1
3,17,28,2.38198,2.88106,1.70711,-0.805878,2.88106,1
3,2,37,2.47848,1.43216,0.962271,-0.077702,1.43216,0
1,7,41,2.68152,2.8113,0.201755,-0.28101,2.8113,1
3,4,18,3.25667,4.74224,2.65786,-0.805878,4.74224,1
3,8,21,3.0034,2.29131,2.59473,-0.805878,2.29131,0
3,10,37,2.02054,1.55575,0.962271,-0.077702,1.55575,0
3,11,80,-1.01154,-1.37959,-4.82344,-1.66435,-1.37959,0
3,12,16,2.8676,3.00224,2.59926,-0.805878,3.00224,1
2,11,25,2.7299,3.46233,2.04479,-0.805878,3.46233,1
3,1,70,-0.510187,-1.53808,-4.23657,-1.06699,-1.53808,0
4,8,14,-0.580929,-0.580929,2.79075,-0.805878,2.79075,2
4,6,14,-0.580929,-0.580929,2.79075,-0.805878,2.79075,2
2,19,19,2.74684,2.49884,2.73033,-0.805878,2.49884,0
3,11,87,-3.29348,-0.946619,-5.60239,-2.09737,-0.946619,1
3,12,23,2.52372,2.6343,2.09672,-0.805878,2.6343,1
1,20,65,0.550313,0.612169,-4.11009,-0.783219,0.612169,1
4,14,39,-1.93459,-2.1562,0.982003,-0.317489,-0.317489,2
4,5,14,-0.476964,5.37332,2.79075,-0.805878,2.79075,1
4,9,61,-3.1563,-2.80978,-3.77303,-0.607646,-0.607646,3
4,10,12,-0.438248,-0.438248,2.93608,-0.805878,2.93608,2
1,11,19,3.94441,4.59718,2.73033,-0.805878,4.59718,1
4,8,74,-4.33476,-3.9852,-4.86797,-1.45906,-3.9852,3
2,10,33,2.50309,2.73245,1.60775,-0.805878,2.73245,1
4,4,14,0.505513,5.37332,2.79075,-0.805878,2.79075,1
4,15,25,-1.10732,-1.10732,2.04479,-0.805878,2.04479,2
3,1,67,0.162822,-0.47373,-4.33476,-0.933887,-0.47373,0
3,7,87,-1.39358,-1.6612,-5.60239,-2.09737,-1.6612,0
3,18,86,-2.04534,-1.88528,-5.61978,-2.01828,-1.88528,1
2,17,73,-0.444138,-1.3239,-4.58061,-1.30758,-1.3239,0
3,6,42,1.18007,1.73372,-0.0637023,-0.353411,1.73372,1
3,1,66,-0.328605,-1.25923,-4.06104,-0.806488,-1.25923,0
3,7,86,-1.69387,-1.37702,-5.61978,-2.01828,-1.37702,1
3,18,87,-1.90564,-2.10273,-5.60239,-2.09737,-2.10273,0
4,15,26,-1.12974,-1.12974,2.08517,-0.805878,2.08517,2
3,4,50,-0.909466,0.961479,-2.70986,-0.510597,0.961479,1
3,2,5,5.26797,4.5063,2.97834,-0.805878,4.5063,0
1,8,99,-0.968557,-0.0994678,-3.41916,-3.35117,-0.0994678,1
4,10,96,-5.75042,-5.75042,-3.41916,-2.99602,-2.99602,3
1,11,39,3.59856,2.69805,0.982003,-0.317489,2.69805,0
2,10,53,0.741465,0.869594,-3.24637,-0.595251,0.869594,1
4,9,41,-2.08792,1.23659,0.201755,-0.28101,-0.28101,1
3,11,40,1.13893,0.445267,0.424054,-0.32524,0.445267,0
3,9,86,-2.18879,-1.00961,-5.61978,-2.01828,-1.00961,1
3,8,15,2.78125,3.47444,2.8676,-0.805878,3.47444,1
4,5,35,-1.74968,1.25454,1.44812,-0.805878,1.44812,2
3,11,20,2.68897,3.5463,2.55099,-0.805878,3.5463,1
3,8,10,5.29043,3.50593,2.9161,-0.805878,3.50593,0
4,8,97,-6.05291,-6.05291,-3.41916,-2.81209,-2.81209,3
2,10,52,0.782088,1.03596,-3.16282,-0.404636,0.782088,1
4,9,42,-2.16262,1.09971,-0.0637023,-0.353411,-0.353411,1
3,11,41,1.01609,-0.0404876,0.201755,-0.28101,-0.0404876,0
1,12,28,4.05819,4.05793,1.70711,-0.805878,4.05793,0
2,3,34,3.30697,3.20256,1.42834,-0.805878,3.20256,0
2,9,87,-1.63893,-1.09553,-5.60239,-2.09737,-1.09553,1
4,6,19,-0.760146,-0.666538,2.73033,-0.805878,2.73033,2
3,4,51,0.662443,0.568984,-3.03783,-0.448822,0.568984,0
3,2,4,1.71266,4.89697,2.97261,-0.805878,4.89697,1
4,12,64,-3.55909,-2.32305,-3.84075,-0.813937,-0.813937,3
4,17,31,-1.46886,-1.46886,1.72456,-0.805878,1.72456,2
3,5,7,3.39492,2.6186,2.92731,-0.805878,2.6186,0
3,2,40,1.34777,2.08854,0.424054,-0.32524,2.08854,1
3,8,17,2.73308,4.11421,2.67763,-0.805878,4.11421,1
4,6,38,-1.89804,-1.08268,0.671689,-0.230343,0.671689,2
3,4,56,-0.0115306,-0.139602,-3.43957,-0.474568,-0.139602,0
2,3,46,1.68883,1.74395,-1.27338,-0.395639,1.74395,1
2,9,52,0.591298,1.18089,-3.16282,-0.404636,1.18089,1
3,2,15,4.56327,1.14022,2.8676,-0.805878,1.14022,0
2,16,41,1.8484,2.19682,0.201755,-0.28101,2.19682,1
4,3,34,0.42295,2.28135,1.42834,-0.805878,0.737736,1
3,10,17,2.67015,3.46186,2.67763,-0.805878,3.46186,1
3,7,9,2.25347,2.30313,2.89122,-0.805878,2.30313,2
3,1,80,-0.0581042,0.839479,-4.82344,-1.66435,0.839479,1
2,10,23,4.03705,3.37049,2.09672,-0.805878,3.37049,0
1,12,81,-0.482573,-0.138474,-4.70389,-1.77463,-0.138474,1
4,15,47,-2.47724,-2.47724,-1.66582,-0.377744,-0.377744,3
2,5,8,2.47362,2.80708,2.93668,-0.805878,2.47362,2
4,12,67,-3.62281,-2.44999,-4.33476,-0.933887,-0.933887,3
4,17,28,-1.27956,-1.27956,1.70711,-0.805878,1.70711,2
3,5,6,3.88006,4.6475,2.97518,-0.805878,4.6475,1
4,5,47,-2.56741,1.65617,-1.66582,-0.377744,-1.66582,1
4,18,31,-1.46886,-1.46886,1.72456,-0.805878,1.72456,2
4,13,41,-2.08792,-2.14001,0.201755,-0.28101,-0.28101,2
3,9,90,-2.1209,-1.46726,-6.05291,-2.36134,-1.46726,1
3,17,24,2.4186,2.16741,2.20454,-0.805878,2.16741,0
2,7,33,3.16788,3.49862,1.60775,-0.805878,3.49862,1
4,12,65,-3.5329,-2.34272,-4.11009,-0.783219,-0.783219,3
4,17,30,-1.41916,-1.41916,1.53923,-0.805878,1.53923,2
2,12,36,2.48116,4.34914,1.45696,0.264588,4.34914,1
3,11,31,1.54933,2.05072,1.72456,-0.805878,2.05072,1
4,7,14,-0.580929,-0.580929,2.79075,-0.805878,2.79075,2
2,5,29,3.15466,2.96069,1.67657,-0.805878,2.96069,0
3,10,30,2.31454,2.30392,1.53923,-0.805878,2.30392,0
3,8,42,0.949567,1.79527,-0.0637023,-0.353411,1.79527,1
3,8,28,2.46742,4.25281,1.70711,-0.805878,4.25281,1
2,13,46,1.37949,0.272937,-1.27338,-0.395639,0.272937,0
2,1,57,1.4613,0.830065,-3.55909,-0.534181,0.830065,0
3,11,73,-1.31625,-1.71759,-4.58061,-1.30758,-1.71759,3
3,12,25,2.43742,2.24378,2.04479,-0.805878,2.24378,0
3,1,89,-0.603706,-3.28327,-5.75042,-2.39784,-0.603706,0
4,8,13,-0.496319,-0.496319,2.91513,-0.805878,2.91513,2
3,8,60,-1.77317,0.261444,-3.62281,-0.563066,0.261444,1
3,2,75,-0.197685,-0.285505,-4.90201,-1.41384,-0.285505,0
1,8,82,-0.506156,-0.591224,-5.04662,-1.89873,-0.591224,0
4,10,17,-0.64769,-0.64769,2.67763,-0.805878,2.67763,2
2,13,73,-0.698466,-0.170173,-4.58061,-1.30758,-0.170173,1
2,3,98,-0.714514,-0.522819,-3.41916,-3.12829,-0.522819,1
1,16,84,-0.985226,-0.465794,-5.35927,-2.00544,-0.465794,1
1,5,64,1.29512,1.40235,-3.84075,-0.813937,1.40235,1
1,6,6,5.49936,5.97172,2.97518,-0.805878,5.97172,1
3,4,7,2.85246,2.7981,2.92731,-0.805878,2.7981,2
4,6,37,-1.83116,-0.992746,0.962271,-0.077702,0.962271,2
3,4,57,0.716235,0.643768,-3.55909,-0.534181,0.643768,0
3,2,14,3.34647,5.33038,2.79075,-0.805878,5.33038,1
3,10,22,3.11095,3.60682,2.39276,-0.805878,3.60682,1
2,12,71,-0.439213,-0.494281,-4.4203,-1.13959,-0.494281,0
3,7,10,2.31498,4.38074,2.9161,-0.805878,4.38074,1
4,1,18,2.28099,5.41544,2.65786,-0.805878,4.527,1
3,8,11,2.14573,2.80081,2.80572,-0.805878,2.80081,2
4,12,60,-3.24637,-2.26398,-3.62281,-0.563066,-0.563066,3
4,18,81,-4.86797,-4.86797,-4.70389,-1.77463,-1.77463,3
4,14,62,-3.26052,-2.26839,-3.86868,-0.735614,-0.735614,3
3,1,69,0.0470808,-0.670807,-4.38821,-0.937499,0.0470808,0
4,8,9,-0.323307,-0.323307,2.89122,-0.805878,2.89122,2
3,16,40,1.24925,0.226147,0.424054,-0.32524,0.226147,0
2,4,14,4.47329,5.28749,2.79075,-0.805878,5.28749,1
3,10,40,2.09795,2.19418,0.424054,-0.32524,2.19418,1
3,11,85,-1.45949,-1.53246,-5.14185,-2.10808,-1.53246,0
3,12,21,2.80771,2.92792,2.59473,-0.805878,2.92792,1
2,1,1,6.63668,6.10844,3,-0.805878,6.10844,0
3,8,39,1.18915,2.02693,0.982003,-0.317489,2.02693,1
3,2,94,-1.11107,-1.53096,-3.41916,-2.55553,-1.53096,0
3,1,81,-0.323404,0.741765,-4.70389,-1.77463,0.741765,1
2,10,16,4.03299,3.73894,2.59926,-0.805878,3.73894,0
1,12,82,-1.05298,-0.258106,-5.04662,-1.89873,-0.258106,1
4,15,46,-2.41163,-2.41163,-1.27338,-0.395639,-0.395639,3
2,5,7,4.55235,4.7818,2.92731,-0.805878,4.7818,1
4,6,13,-0.496319,1.28748,2.91513,-0.805878,2.91513,2
4,9,56,-2.92345,-2.58404,-3.43957,-0.474568,-0.474568,3
1,11,22,4.29311,4.0724,2.39276,-0.805878,4.0724,0
2,10,38,2.81915,3.17601,0.671689,-0.230343,3.17601,1
4,4,13,-0.496319,1.28748,2.91513,-0.805878,2.91513,2
2,12,35,2.64066,4.32552,1.44812,-0.805878,4.32552,1
3,11,30,1.35361,1.95442,1.53923,-0.805878,1.95442,1
3,11,82,-1.5245,-1.54527,-5.04662,-1.89873,-1.54527,0
3,12,18,1.52903,3.92016,2.65786,-0.805878,3.92016,1
2,4,35,2.97074,3.38121,1.44812,-0.805878,3.38121,1
1,3,74,0.515063,0.138153,-4.86797,-1.45906,0.138153,0
4,17,70,-4.03562,-2.53933,-4.23657,-1.06699,-1.06699,3
4,5,60,-1.53716,-0.989875,-3.62281,-0.563066,-0.705449,3
3,2,43,1.19174,1.81797,-0.351569,-0.382527,1.81797,1
1,7,59,1.64902,1.33366,-3.59803,-0.651593,1.33366,0
3,4,4,3.25611,5.14587,2.97261,-0.805878,5.14587,1
1,12,83,-0.738336,-0.18969,-5.22327,-1.89942,-0.18969,1
4,15,45,-2.28561,-2.28561,-0.989663,-0.351506,-0.351506,3
2,5,6,4.1199,4.40732,2.97518,-0.805878,4.40732,1
4,1,60,0.134718,-2.28131,-3.62281,-0.563066,-2.23356,0
3,10,23,3.37433,3.49325,2.09672,-0.805878,3.49325,1
4,6,36,-1.7852,-0.815714,1.45696,0.264588,1.45696,2
3,4,58,0.00730927,0.291836,-3.5329,-0.497556,0.291836,1
3,2,13,4.37775,3.66541,2.91513,-0.805878,3.66541,0
3,7,11,1.56053,2.10331,2.80572,-0.805878,2.10331,2
2,1,97,-0.183574,-0.620205,-3.41916,-2.81209,-0.620205,0
2,20,96,-2.26298,-2.14595,-3.41916,-2.99602,-2.14595,1
4,9,13,-0.496319,-0.496319,2.91513,-0.805878,2.91513,2
2,2,3,5.54702,5.35439,3,-0.805878,5.35439,0
3,11,83,-0.925363,-1.35792,-5.22327,-1.89942,-1.35792,0
3,12,19,2.73033,1.78621,2.73033,-0.805878,1.78621,0
4,8,11,-0.381377,-0.805878,2.80572,-0.805878,2.80572,2
3,11,74,-1.21794,-0.868623,-4.86797,-1.45906,-0.868623,1
3,12,26,2.49718,1.84835,2.08517,-0.805878,1.84835,0
4,5,34,-1.67681,1.06727,1.42834,-0.805878,1.42834,2
3,20,84,-1.58688,-1.66854,-5.35927,-2.00544,-1.66854,0
2,1,77,0.274989,0.271372,-4.67517,-1.58996,0.271372,0
2,12,68,0.0619457,-0.190505,-4.27007,-1.01066,-0.190505,0
3,7,13,3.33218,3.84303,2.91513,-0.805878,3.84303,1
4,6,42,-2.16262,0.799987,-0.0637023,-0.353411,-0.0637023,1
3,4,60,0.411863,0.377929,-3.62281,-0.563066,0.377929,0
3,2,3,5.72292,3.56705,3,-0.805878,3.56705,0
3,2,38,2.49316,1.55804,0.671689,-0.230343,1.55804,0
1,7,40,2.67825,2.81769,0.424054,-0.32524,2.81769,1
3,4,17,3.98204,4.05447,2.67763,-0.805878,4.05447,1
3,9,89,-3.07169,-1.32681,-5.75042,-2.39784,-1.32681,1
3,17,29,2.28306,2.63627,1.67657,-0.805878,2.63627,1
1,12,84,-0.577339,-0.1412,-5.35927,-2.00544,-0.1412,1
4,15,44,-2.26409,-2.20463,-0.646582,-0.45329,-0.45329,3
2,14,92,-2.03288,-1.33139,-6.43894,-2.39982,-1.33139,1
2,5,5,4.86709,5.71581,2.97834,-0.805878,5.71581,1
1,7,60,1.72674,1.66106,-3.62281,-0.563066,1.66106,0
3,4,5,5.25163,4.61872,2.97834,-0.805878,4.61872,0
4,9,63,-3.16773,-2.97569,-4.03562,-0.692524,-4.03562,3
2,10,39,3.08682,3.14528,0.982003,-0.317489,3.14528,1
4,4,12,-0.381377,6.78275,2.93608,-0.805878,2.93608,1
2,2,58,1.45956,0.858003,-3.5329,-0.497556,0.858003,0
3,8,88,-1.5881,-0.86727,-5.55605,-2.24038,-0.86727,1
3,19,75,-1.08913,-1.05982,-4.90201,-1.41384,-1.05982,1
4,12,26,-1.12974,-0.999978,2.08517,-0.805878,2.08517,2
4,5,52,-1.35103,-0.307794,-3.16282,-0.404636,-3.16282,1
2,2,53,1.29071,1.40312,-3.24637,-0.595251,1.40312,1
2,9,82,-0.504159,-1.17148,-5.04662,-1.89873,-1.17148,0
4,9,64,-3.32425,-3.08617,-3.84075,-0.813937,-0.813937,3
4,7,7,-0.247152,-0.247152,2.92731,-0.805878,2.92731,2
2,16,31,2.9076,2.73379,1.72456,-0.805878,2.73379,0
4,3,40,0.70517,2.5574,0.424054,-0.32524,0.424054,1
3,10,11,3.45706,3.3055,2.80572,-0.805878,3.3055,0
2,7,11,3.23442,4.28718,2.80572,-0.805878,4.28718,1
4,12,27,-1.19634,-1.06389,1.79261,-0.805878,1.79261,2
3,8,22,1.8768,2.15421,2.39276,-0.805878,2.15421,2
4,4,16,-0.114945,-0.543395,2.59926,-0.805878,2.59926,2
4,9,11,-0.381377,-0.805878,2.80572,-0.805878,2.80572,2
3,11,22,3.77333,2.64184,2.39276,-0.805878,2.64184,0
3,15,15,2.35169,2.88476,2.8676,-0.805878,2.88476,1
2,7,26,3.69588,4.01447,2.08517,-0.805878,4.01447,1
1,7,44,2.6272,2.44519,-0.646582,-0.45329,2.44519,0
3,4,21,3.88531,3.5297,2.59473,-0.805878,3.5297,0
3,9,93,-2.37042,-1.50979,-3.41916,-2.51688,-1.50979,1
3,17,17,1.19537,2.37982,2.67763,-0.805878,2.37982,2
3,18,93,-2.27438,-2.39687,-3.41916,-2.51688,-2.39687,0
4,6,11,-0.381377,-0.805878,2.80572,-0.805878,2.80572,2
4,4,11,-0.304695,2.71625,2.80572,-0.805878,2.80572,2
3,11,72,-1.12332,-0.900239,-4.69937,-1.21867,-0.900239,1
3,12,24,2.64594,2.4744,2.20454,-0.805878,2.4744,0
2,11,11,4.4034,4.27441,2.80572,-0.805878,4.27441,0
2,13,52,0.512204,0.94354,-3.16282,-0.404636,0.94354,1
4,8,10,-0.318694,-0.236028,2.9161,-0.805878,2.9161,2
2,13,53,0.56624,0.944413,-3.24637,-0.595251,0.944413,1
2,9,76,-0.268156,-1.13545,-4.75214,-1.45125,-1.13545,0
4,6,10,-0.318694,0.765972,2.9161,-0.805878,2.9161,2
4,9,67,-3.45739,-3.18817,-4.33476,-0.933887,-4.33476,3
3,11,64,-1.36291,-0.544407,-3.84075,-0.813937,-0.544407,1
2,16,66,-0.142575,-0.712615,-4.06104,-0.806488,-0.712615,0
3,13,66,-1.73716,-1.28845,-4.06104,-0.806488,-1.28845,3
1,19,47,1.11483,2.29945,-1.66582,-0.377744,1.11483,1
3,10,88,-2.24546,-1.57055,-5.55605,-2.24038,-1.57055,1
2,9,77,-0.183575,-0.92912,-4.67517,-1.58996,-0.92912,0
4,6,9,-0.323307,-0.323307,2.89122,-0.805878,2.89122,2
4,9,60,-3.10415,-2.87645,-3.62281,-0.563066,-0.563066,3
4,8,75,-4.27007,-4.09423,-4.90201,-1.41384,-1.41384,3
2,10,34,2.9478,3.42887,1.42834,-0.805878,3.42887,1
4,4,9,-0.323307,-0.323307,2.89122,-0.805878,2.89122,2
3,8,58,-0.396381,0.328352,-3.5329,-0.497556,0.328352,1
3,2,81,-0.524449,-0.666071,-4.70389,-1.77463,-0.666071,0
2,4,36,2.75423,3.3196,1.45696,0.264588,3.3196,1
2,1,72,0.303108,0.680714,-4.69937,-1.21867,0.680714,1
2,13,55,0.1349,0.475441,-3.26052,-0.458097,0.475441,1
2,1,76,0.134857,0.271472,-4.75214,-1.45125,0.271472,1
3,19,69,-1.3496,-1.00512,-4.38821,-0.937499,-1.00512,3
4,9,10,-0.318694,2.11498,2.9161,-0.805878,2.9161,2
2,1,60,1.25991,0.145056,-3.62281,-0.563066,0.145056,0
2,13,58,0.380734,0.414457,-3.5329,-0.497556,0.414457,1
2,12,26,2.90838,3.13408,2.08517,-0.805878,3.13408,1
1,10,54,1.03093,1.49241,-3.28628,-0.56961,1.49241,1
3,11,25,1.41635,2.28164,2.04479,-0.805878,2.28164,1
1,7,46,2.14176,2.92468,-1.27338,-0.395639,2.92468,1
3,4,23,3.37098,2.06687,2.09672,-0.805878,2.06687,0
4,5,58,-1.50545,-0.646135,-3.5329,-0.497556,-3.5329,3
1,17,55,0.832027,0.996515,-3.26052,-0.458097,0.996515,1
4,1,22,2.89623,-0.426859,2.39276,-0.805878,-0.545299,0
3,10,36,2.13642,1.65195,1.45696,0.264588,1.65195,0
3,11,81,-1.91952,-1.40465,-4.70389,-1.77463,-1.40465,1
3,12,17,4.58558,4.32508,2.67763,-0.805878,4.32508,0
3,11,62,-0.371733,-0.583296,-3.86868,-0.735614,-0.583296,0
4,4,6,-0.0284069,6.10131,2.97518,-0.805878,1.4956,1
2,13,20,3.22085,2.59844,2.55099,-0.805878,2.59844,0
3,4,6,2.34909,5.08044,2.97518,-0.805878,5.08044,1
4,1,50,-1.44735,1.64803,-2.70986,-0.510597,0.97348,1
1,17,43,2.80574,2.05282,-0.351569,-0.382527,2.80574,0
4,9,51,-2.58888,-2.3209,-3.03783,-0.448822,-3.03783,3
4,4,8,-0.0435823,4.00716,2.93668,-0.805878,2.93668,1
3,11,23,3.9463,2.63105,2.09672,-0.805878,2.63105,0
1,17,52,0.978886,1.57046,-3.16282,-0.404636,1.57046,1
4,1,19,4.61182,-0.760146,2.73033,-0.805878,-0.769946,0
3,10,39,2.02277,2.45774,0.982003,-0.317489,2.45774,1
3,11,94,-2.39434,-1.92908,-3.41916,-2.55553,-1.92908,1
3,12,14,2.84258,4.25889,2.79075,-0.805878,4.25889,1
3,11,61,-0.477414,-0.375758,-3.77303,-0.607646,-0.375758,1
2,17,78,-0.840683,-1.037,-4.65291,-1.66623,-1.037,0
1,17,54,0.82162,0.997829,-3.28628,-0.56961,0.997829,1
4,1,17,4.62575,4.98669,2.67763,-0.805878,3.05559,1
3,11,92,-2.30182,-1.28182,-6.43894,-2.39982,-1.28182,1
3,12,12,2.80572,3.93072,2.93608,-0.805878,3.93072,1
3,11,65,-1.53751,-0.544029,-4.11009,-0.783219,-0.544029,1
2,16,67,-0.288541,-0.865794,-4.33476,-0.933887,-0.865794,0
3,13,65,-1.15704,-0.884665,-4.11009,-0.783219,-0.884665,3
1,19,44,2.06713,2.42734,-0.646582,-0.45329,2.42734,1
3,10,91,-2.07833,-1.82863,-6.29331,-2.45927,-1.82863,1
2,2,54,1.0298,0.978703,-3.28628,-0.56961,0.978703,0
4,6,12,-0.438248,4.83147,2.93608,-0.805878,2.93608,1
4,4,7,-0.323307,6.945,2.92731,-0.805878,2.92731,1
3,18,89,-1.98168,-2.40578,-5.75042,-2.39784,-1.98168,0
1,17,49,1.88944,1.85108,-2.3856,-0.416188,1.85108,0
4,1,20,-0.805878,2.09742,2.55099,-0.805878,0.484476,2
4,9,9,-0.323307,-0.323307,2.89122,-0.805878,2.89122,2
4,17,49,-2.61941,-2.61941,-2.3856,-0.416188,-0.416188,3
2,19,29,2.86759,2.15871,1.67657,-0.805878,2.15871,0
3,11,93,-2.3388,-1.43469,-3.41916,-2.51688,-1.43469,1
3,12,13,2.78973,3.0521,2.91513,-0.805878,3.0521,1
2,14,84,-1.74573,-2.64023,-5.35927,-2.00544,-2.64023,0
3,18,82,-1.54725,-1.93,-5.04662,-1.89873,-1.93,0
1,17,25,3.59983,3.13469,2.04479,-0.805878,3.13469,0
2,13,29,2.68134,2.78655,1.67657,-0.805878,2.78655,1
3,10,10,3.32934,4.76794,2.9161,-0.805878,4.76794,1
2,1,11,4.74444,5.12591,2.80572,-0.805878,5.12591,1
2,3,22,4.50348,4.46022,2.39276,-0.805878,4.46022,0
2,9,60,-0.483446,0.458371,-3.62281,-0.563066,0.458371,1
3,4,48,-1.24404,0.323466,-2.02538,-0.386848,0.323466,1
3,2,7,4.082,5.00663,2.92731,-0.805878,4.082,1
3,1,68,-0.424968,-1.40251,-4.27007,-1.01066,-1.40251,0
4,8,8,-0.304695,0.147763,2.93668,-0.805878,2.93668,2
4,1,61,0.110107,-2.35112,-3.77303,-0.607646,-1.77002,0
1,17,42,2.92516,2.10303,-0.0637023,-0.353411,2.10303,0
2,13,54,0.475027,0.75062,-3.28628,-0.56961,0.75062,1
4,9,70,-3.72876,-3.54577,-4.23657,-1.06699,-1.06699,3
3,11,39,1.31443,0.661839,0.982003,-0.317489,0.661839,0
1,11,42,3.17224,2.56943,-0.0637023,-0.353411,2.56943,0
2,10,58,0.55034,0.598344,-3.5329,-0.497556,0.598344,1
4,9,36,-1.77946,-1.77946,1.45696,0.264588,0.264588,2
2,2,61,1.00528,0.866107,-3.77303,-0.607646,0.866107,0
1,12,29,3.90714,4.12352,1.67657,-0.805878,4.12352,1
2,12,67,0.199508,-0.372722,-4.33476,-0.933887,-0.372722,0
3,7,14,3.97874,3.57519,2.79075,-0.805878,3.57519,0
4,6,41,-2.08792,1.19659,0.201755,-0.28101,0.201755,1
3,4,61,0.825653,0.436113,-3.77303,-0.607646,0.436113,0
2,3,21,4.34741,4.17597,2.59473,-0.805878,4.17597,0
2,9,49,2.11753,0.614804,-2.3856,-0.416188,0.614804,0
3,2,2,5.1183,5.53496,2.95846,-0.805878,5.53496,1
1,17,24,3.30572,3.53449,2.20454,-0.805878,3.53449,1
2,13,28,2.86109,3.14777,1.70711,-0.805878,3.14777,1
3,2,49,1.17344,1.39693,-2.3856,-0.416188,1.39693,1
1,7,53,2.14391,1.799,-3.24637,-0.595251,1.799,0
3,4,14,3.1539,5.15356,2.79075,-0.805878,5.15356,1
4,16,36,-1.77946,2.80437,1.45696,0.264588,1.45696,1
3,8,9,2.80731,0.375001,2.89122,-0.805878,0.375001,2
2,1,90,0.0013971,-0.493519,-6.05291,-2.36134,-0.493519,0
3,8,24,2.08849,3.60654,2.20454,-0.805878,3.60654,1
2,13,50,0.889351,-0.325807,-2.70986,-0.510597,-0.325807,0
2,9,84,-0.457732,-1.11701,-5.35927,-2.00544,-1.11701,0
4,6,18,-0.728975,-0.728975,2.65786,-0.805878,2.65786,2
3,8,8,2.97845,3.72578,2.93668,-0.805878,3.72578,1
2,14,85,-1.65701,-2.57659,-5.14185,-2.10808,-2.57659,0
