Score1,Score2,Reward
30,23,7
27,6,21
29,7,22
24,20,4
17,33,-16
13,23,-10
29,20,9
20,24,-4
13,30,-17
30,21,9
19,24,-5
20,12,8
26,23,3
3,30,-27
23,24,-1
31,41,-10
26,21,5
20,6,14
24,29,-5
16,34,-18
22,14,8
22,21,1
16,31,-15
23,14,9
13,33,-20
6,17,-11
10,30,-20
7,26,-19
19,33,-14
19,30,-11
23,13,10
20,29,-9
20,16,4
19,24,-5
20,29,-9
27,24,3
17,24,-7
15,43,-28
30,44,-14
27,17,10
20,23,-3
33,9,24
21,7,14
26,10,16
33,17,16
29,6,23
24,41,-17
29,13,16
19,10,9
12,28,-16
33,34,-1
29,7,22
28,6,22
17,6,11
39,21,18
26,31,-5
23,10,13
16,33,-17
17,34,-17
22,14,8
14,30,-16
35,31,4
10,25,-15
16,31,-15
10,27,-17
18,10,8
16,19,-3
26,10,16
30,30,0
26,19,7
28,38,-10
23,26,-3
30,13,17
39,23,16
12,21,-9
13,41,-28
9,20,-11
26,24,2
27,31,-4
39,19,20
30,23,7
10,19,-9
20,11,9
37,27,10
22,23,-1
29,13,16
43,10,33
24,20,4
16,27,-11
13,19,-6
30,30,0
40,10,30
20,3,17
16,32,-16
31,10,21
27,30,-3
17,37,-20
21,30,-9
32,21,11
13,30,-17
24,23,1
28,21,7
24,34,-10
17,35,-18
19,24,-5
13,27,-14
27,38,-11
13,3,10
15,6,9
24,3,21
27,6,21
3,43,-40
23,9,14
19,20,-1
33,20,13
27,23,4
17,37,-20
27,30,-3
16,16,0
30,20,10
23,34,-11
13,34,-21
10,29,-19
33,14,19
24,13,11
35,13,22
23,33,-10
31,26,5
22,24,-2
10,17,-7
34,20,14
13,30,-17
26,50,-24
22,20,2
28,23,5
16,23,-7
35,7,28
25,20,5
9,25,-16
12,27,-15
13,40,-27
16,27,-11
21,30,-9
16,22,-6
22,28,-6
3,23,-20
23,21,2
3,36,-33
22,6,16
26,31,-5
24,24,0
15,23,-8
26,13,13
27,23,4
19,17,2
27,38,-11
12,47,-35
10,34,-24
10,33,-23
22,27,-5
10,13,-3
19,33,-14
19,16,3
16,16,0
20,21,-1
20,27,-7
12,24,-12
23,10,13
13,43,-30
20,10,10
27,40,-13
38,14,24
14,13,1
40,31,9
36,16,20
27,27,0
29,7,22
22,10,12
27,34,-7
28,14,14
12,23,-11
12,23,-11
13,34,-21
13,13,0
29,27,2
6,48,-42
18,3,15
26,21,5
27,20,7
6,24,-18
30,31,-1
3,38,-35
20,14,6
27,7,20
32,24,8
17,27,-10
22,13,9
13,34,-21
14,20,-6
13,22,-9
16,27,-11
34,27,7
24,25,-1
30,14,16
13,35,-22
33,6,27
19,17,2
34,20,14
25,21,4
20,17,3
13,37,-24
17,26,-9
20,22,-2
29,27,2
28,6,22
29,12,17
29,41,-12
10,23,-13
34,28,6
24,19,5
33,20,13
19,30,-11
28,12,16
20,13,7
13,22,-9
6,13,-7
13,0,13
20,34,-14
27,24,3
34,27,7
33,28,5
33,13,20
3,35,-32
27,24,3
3,27,-24
36,31,5
27,27,0
24,38,-14
15,3,12
35,22,13
20,21,-1
40,37,3
22,24,-2
13,23,-10
40,21,19
30,34,-4
25,14,11
14,30,-16
13,40,-27
14,27,-13
23,31,-8
30,30,0
13,35,-22
16,16,0
33,24,9
27,27,0
17,23,-6
27,23,4
27,7,20
29,7,22
23,20,3
13,15,-2
25,16,9
27,10,17
26,3,23
22,19,3
27,31,-4
27,33,-6
32,24,8
26,26,0
15,16,-1
6,32,-26
16,45,-29
32,10,22
25,14,11
3,26,-23
27,23,4
32,28,4
28,34,-6
36,22,14
19,23,-4
29,17,12
6,22,-16
23,27,-4
19,18,1
20,27,-7
21,20,1
29,16,13
3,17,-14
22,28,-6
19,35,-16
16,24,-8
37,16,21
9,46,-37
20,23,-3
23,17,6
40,7,33
16,34,-18
26,27,-1
27,20,7
24,18,6
15,23,-8
23,23,0
17,10,7
13,30,-17
10,16,-6
23,10,13
41,10,31
19,23,-4
30,20,10
39,17,22
24,17,7
14,31,-17
32,35,-3
20,29,-9
12,17,-5
21,13,8
13,13,0
26,37,-11
29,17,12
27,17,10
28,10,18
13,23,-10
30,7,23
28,10,18
25,21,4
31,37,-6
37,24,13
23,35,-12
10,24,-14
34,28,6
21,33,-12
47,16,31
28,33,-5
15,26,-11
23,10,13
17,34,-17
30,30,0
16,20,-4
32,21,11
42,14,28
16,30,-14
15,35,-20
17,22,-5
10,10,0
17,17,0
13,24,-11
16,27,-11
40,42,-2
29,35,-6
29,21,8
26,23,3
9,10,-1
6,30,-24
26,24,2
29,24,5
36,21,15
3,27,-24
30,26,4
22,10,12
27,24,3
22,7,15
16,17,-1
23,38,-15
14,19,-5
20,23,-3
34,25,9
22,24,-2
26,16,10
29,16,13
9,20,-11
6,32,-26
28,10,18
15,3,12
16,22,-6
25,17,8
33,3,30
13,34,-21
29,34,-5
24,38,-14
30,20,10
13,19,-6
16,33,-17
20,26,-6
10,20,-10
30,17,13
27,37,-10
3,13,-10
10,25,-15
13,34,-21
42,7,35
26,27,-1
41,31,10
16,36,-20
26,22,4
39,28,11
33,21,12
26,23,3
37,10,27
30,28,2
13,13,0
20,24,-4
46,42,4
25,10,15
22,9,13
29,17,12
9,42,-33
25,19,6
20,15,5
19,24,-5
13,23,-10
29,26,3
18,10,8
37,6,31
32,33,-1
31,10,21
28,17,11
13,46,-33
6,22,-16
23,23,0
20,27,-7
18,35,-17
30,30,0
24,27,-3
24,17,7
48,24,24
32,41,-9
17,16,1
16,30,-14
17,20,-3
25,14,11
22,10,12
38,20,18
20,37,-17
31,34,-3
20,14,6
16,31,-15
16,13,3
10,23,-13
16,34,-18
16,18,-2
45,14,31
41,31,10
20,34,-14
37,14,23
20,41,-21
33,27,6
30,20,10
45,16,29
22,6,16
33,20,13
41,20,21
14,33,-19
33,20,13
23,23,0
27,37,-10
31,36,-5
20,16,4
17,22,-5
13,28,-15
34,14,20
23,17,6
13,24,-11
30,16,14
37,33,4
22,17,5
10,42,-32
3,6,-3
30,35,-5
32,23,9
6,36,-30
21,27,-6
27,30,-3
40,27,13
21,24,-3
33,28,5
10,45,-35
31,31,0
24,30,-6
31,19,12
28,34,-6
37,27,10
27,10,17
20,38,-18
19,23,-4
13,30,-17
31,10,21
41,37,4
27,24,3
13,33,-20
20,37,-17
25,30,-5
26,17,9
27,27,0
28,45,-17
30,48,-18
23,31,-8
25,20,5
35,22,13
36,14,22
34,27,7
14,19,-5
34,30,4
27,23,4
30,23,7
40,34,6
21,35,-14
36,30,6
17,10,7
13,40,-27
30,16,14
39,21,18
23,27,-4
27,30,-3
9,38,-29
23,24,-1
38,13,25
9,9,0
43,27,16
9,30,-21
16,27,-11
14,41,-27
20,34,-14
30,13,17
20,33,-13
35,20,15
10,13,-3
9,3,6
35,38,-3
23,23,0
19,33,-14
21,23,-2
33,17,16
10,17,-7
25,30,-5
44,24,20
31,28,3
21,37,-16
13,16,-3
20,27,-7
26,23,3
24,23,1
24,37,-13
28,20,8
20,38,-18
12,27,-15
17,37,-20
17,27,-10
19,32,-13
14,46,-32
29,27,2
21,20,1
26,10,16
27,23,4
10,44,-34
9,27,-18
36,20,16
10,20,-10
19,20,-1
49,21,28
13,30,-17
27,31,-4
13,16,-3
27,30,-3
10,36,-26
10,43,-33
21,23,-2
23,3,20
29,24,5
33,17,16
26,34,-8
16,33,-17
17,15,2
19,20,-1
13,55,-42
20,34,-14
29,41,-12
7,22,-15
22,44,-22
27,24,3
19,20,-1
27,28,-1
19,20,-1
17,30,-13
7,30,-23
23,10,13
29,26,3
39,14,25
23,38,-15
23,35,-12
24,20,4
20,35,-15
24,24,0
19,18,1
31,27,4
25,10,15
37,17,20
20,61,-41
17,17,0
48,38,10
6,33,-27
36,24,12
17,23,-6
36,16,20
24,24,0
33,20,13
34,35,-1
13,40,-27
30,44,-14
17,14,3
34,28,6
38,20,18
38,26,12
6,26,-20
27,20,7
23,13,10
32,20,12
24,19,5
19,17,2
19,19,0
20,41,-21
56,21,35
25,10,15
13,26,-13
20,31,-11
10,34,-24
23,13,10
20,40,-20
17,27,-10
31,29,2
18,5,13
19,21,-2
46,20,26
17,37,-20
34,35,-1
37,3,34
16,29,-13
33,14,19
18,30,-12
35,52,-17
16,35,-19
33,25,8
16,24,-8
3,21,-18
13,29,-16
26,27,-1
23,28,-5
9,33,-24
23,27,-4
18,31,-13
25,28,-3
22,37,-15
26,19,7
33,44,-11
22,31,-9
20,27,-7
34,17,17
30,17,13
20,31,-11
32,17,15
13,17,-4
3,24,-21
20,14,6
3,21,-18
18,23,-5
29,21,8
22,27,-5
27,31,-4
26,26,0
27,23,4
16,24,-8
19,13,6
40,23,17
17,34,-17
20,16,4
19,17,2
20,39,-19
24,30,-6
16,29,-13
13,41,-28
20,34,-14
24,16,8
23,22,1
44,27,17
30,13,17
34,27,7
19,20,-1
44,17,27
24,7,17
17,23,-6
41,12,29
19,30,-11
32,13,19
46,24,22
26,34,-8
31,48,-17
19,37,-18
17,30,-13
19,10,9
13,49,-36
30,27,3
25,27,-2
26,38,-12
33,31,2
26,27,-1
26,17,9
21,23,-2
23,34,-11
16,18,-2
30,27,3
33,28,5
6,31,-25
31,22,9
23,13,10
30,35,-5
20,25,-5
12,13,-1
20,33,-13
13,26,-13
28,20,8
24,30,-6
10,36,-26
13,23,-10
29,10,19
24,24,0
27,35,-8
3,30,-27
22,20,2
15,26,-11
14,29,-15
26,24,2
33,23,10
32,20,12
23,20,3
16,30,-14
17,29,-12
16,20,-4
26,21,5
10,22,-12
20,27,-7
20,22,-2
12,26,-14
36,21,15
28,31,-3
34,28,6
23,35,-12
26,23,3
17,16,1
17,44,-27
28,30,-2
18,9,9
26,24,2
9,33,-24
7,27,-20
16,28,-12
6,29,-23
22,41,-19
10,26,-16
7,27,-20
13,35,-22
39,23,16
30,14,16
26,26,0
17,39,-22
26,23,3
33,42,-9
14,21,-7
18,30,-12
33,24,9
9,19,-10
22,17,5
24,31,-7
13,23,-10
14,27,-13
26,38,-12
14,30,-16
19,20,-1
20,21,-1
33,21,12
24,14,10
20,38,-18
13,19,-6
32,13,19
26,23,3
31,41,-10
9,27,-18
13,36,-23
30,37,-7
23,16,7
26,30,-4
13,34,-21
22,42,-20
46,17,29
38,16,22
26,14,12
34,23,11
22,27,-5
45,21,24
30,16,14
22,23,-1
10,40,-30
27,19,8
24,34,-10
9,24,-15
12,16,-4
34,24,10
12,48,-36
17,27,-10
27,20,7
36,23,13
23,13,10
30,27,3
26,35,-9
22,31,-9
13,19,-6
6,30,-24
29,31,-2
10,29,-19
34,45,-11
29,23,6
23,31,-8
0,40,-40
30,31,-1
27,33,-6
16,15,1
10,30,-20
33,7,26
7,6,1
24,16,8
24,27,-3
32,40,-8
20,41,-21
17,17,0
17,34,-17
23,10,13
25,39,-14
41,14,27
26,19,7
49,6,43
33,22,11
35,13,22
24,27,-3
17,20,-3
20,24,-4
23,12,11
9,21,-12
15,24,-9
29,16,13
16,17,-1
20,26,-6
28,20,8
51,6,45
20,7,13
37,30,7
23,23,0
30,14,16
30,13,17
19,16,3
7,49,-42
20,30,-10
19,28,-9
31,23,8
23,17,6
32,24,8
37,17,20
18,28,-10
23,6,17
20,20,0
36,10,26
33,23,10
23,36,-13
13,24,-11
15,25,-10
16,31,-15
27,16,11
33,17,16
37,24,13
28,22,6
24,24,0
25,23,2
32,9,23
22,22,0
38,36,2
9,17,-8
17,16,1
14,30,-16
17,24,-7
13,37,-24
29,23,6
23,31,-8
42,27,15
30,19,11
13,27,-14
10,6,4
23,34,-11
19,24,-5
27,34,-7
26,24,2
16,30,-14
33,12,21
34,24,10
24,48,-24
22,28,-6
10,41,-31
10,25,-15
26,30,-4
29,29,0
30,23,7
10,44,-34
40,24,16
37,16,21
40,31,9
29,17,12
27,16,11
24,17,7
21,44,-23
20,10,10
27,13,14
26,21,5
24,17,7
29,22,7
22,28,-6
34,20,14
25,40,-15
23,17,6
16,30,-14
44,6,38
46,24,22
22,20,2
27,6,21
26,13,13
33,27,6
22,37,-15
16,12,4
17,23,-6
6,33,-27
12,26,-14
16,38,-22
7,41,-34
35,20,15
16,37,-21
31,38,-7
27,38,-11
23,17,6
37,35,2
6,26,-20
13,39,-26
34,14,20
24,27,-3
49,30,19
32,17,15
23,20,3
19,7,12
16,16,0
32,41,-9
29,19,10
47,24,23
27,17,10
41,32,9
33,24,9
9,13,-4
27,41,-14
34,45,-11
22,20,2
20,22,-2
43,7,36
21,27,-6
20,16,4
36,7,29
20,23,-3
20,7,13
27,7,20
22,17,5
23,20,3
14,49,-35
35,6,29
10,17,-7
31,27,4
26,36,-10
16,17,-1
13,30,-17
34,31,3
20,37,-17
16,10,6
42,21,21
40,31,9
26,13,13
16,12,4
43,10,33
30,24,6
19,27,-8
13,26,-13
44,21,23
20,16,4
42,16,26
30,21,9
9,29,-20
27,23,4
10,35,-25
24,33,-9
34,9,25
23,34,-11
16,19,-3
10,23,-13
20,21,-1
28,21,7
30,30,0
28,16,12
17,42,-25
24,19,5
23,38,-15
3,20,-17
40,26,14
19,35,-16
21,38,-17
18,20,-2
10,30,-20
47,31,16
9,0,9
20,33,-13
47,17,30
42,13,29
0,23,-23
17,43,-26
30,27,3
22,16,6
22,27,-5
16,28,-12
16,45,-29
26,20,6
23,10,13
22,12,10
30,30,0
13,26,-13
16,20,-4
36,20,16
20,20,0
10,20,-10
14,32,-18
19,10,9
19,34,-15
16,29,-13
25,9,16
16,29,-13
35,24,11
12,22,-10
30,7,23
15,20,-5
36,21,15
20,41,-21
19,34,-15
20,19,1
22,20,2
40,12,28
15,19,-4
27,6,21
30,34,-4
21,13,8
22,24,-2
33,16,17
32,24,8
34,24,10
33,27,6
33,13,20
26,27,-1
39,9,30
30,28,2
46,42,4
23,24,-1
26,28,-2
28,23,5
7,20,-13
23,10,13
29,6,23
10,20,-10
40,24,16
35,13,22
24,31,-7
35,10,25
30,23,7
19,13,6
19,30,-11
38,37,1
13,37,-24
27,24,3
7,20,-13
28,24,4
13,35,-22
15,26,-11
14,20,-6
19,22,-3
3,34,-31
17,32,-15
19,16,3
17,27,-10
30,16,14
15,31,-16
23,20,3
24,17,7
0,34,-34
6,31,-25
3,25,-22
37,13,24
19,20,-1
16,22,-6
19,23,-4
20,26,-6
40,21,19
27,24,3
16,22,-6
23,21,2
30,12,18
13,26,-13
20,23,-3
9,17,-8
16,43,-27
14,20,-6
37,34,3
16,19,-3
13,26,-13
22,27,-5
23,27,-4
28,24,4
24,23,1
32,29,3
27,24,3
17,23,-6
28,23,5
19,17,2
19,10,9
19,16,3
23,43,-20
22,29,-7
20,29,-9
23,27,-4
17,36,-19
19,27,-8
14,23,-9
16,31,-15
16,16,0
10,27,-17
14,22,-8
26,19,7
30,23,7
23,14,9
20,28,-8
19,17,2
33,14,19
19,21,-2
35,27,8
23,14,9
22,41,-19
13,16,-3
26,16,10
22,20,2
26,26,0
23,21,2
29,9,20
18,30,-12
26,17,9
22,20,2
3,17,-14
40,45,-5
22,17,5
20,24,-4
6,22,-16
22,25,-3
23,24,-1
16,23,-7
25,3,22
19,19,0
20,23,-3
21,35,-14
27,17,10
23,21,2
23,20,3
20,23,-3
29,14,15
22,20,2
16,23,-7
19,41,-22
12,24,-12
23,16,7
17,12,5
14,34,-20
36,27,9
16,28,-12
20,32,-12
10,14,-4
30,13,17
32,17,15
10,30,-20
13,28,-15
44,10,34
8,33,-25
26,17,9
25,3,22
36,20,16
30,24,6
23,23,0
28,29,-1
13,28,-15
43,7,36
37,28,9
19,16,3
30,33,-3
20,30,-10
13,23,-10
28,17,11
20,20,0
41,20,21
20,27,-7
22,13,9
24,42,-18
19,17,2
33,23,10
33,20,13
24,16,8
35,25,10
9,19,-10
6,40,-34
16,23,-7
46,9,37
9,9,0
9,9,0
20,23,-3
22,13,9
39,17,22
29,23,6
33,19,14
11,16,-5
30,20,10
23,17,6
13,27,-14
21,10,11
28,52,-24
26,20,6
13,20,-7
26,24,2
26,16,10
20,19,1
27,13,14
23,30,-7
9,22,-13
6,16,-10
20,33,-13
27,10,17
6,44,-38
17,16,1
16,13,3
13,19,-6
13,23,-10
29,24,5
15,17,-2
27,34,-7
26,24,2
12,20,-8
39,24,15
27,19,8
13,16,-3
40,7,33
23,23,0
19,20,-1
30,30,0
27,10,17
10,20,-10
20,38,-18
37,13,24
17,35,-18
25,20,5
50,27,23
13,43,-30
36,37,-1
46,10,36
33,21,12
0,7,-7
29,34,-5
21,27,-6
33,31,2
13,28,-15
19,10,9
33,9,24
20,24,-4
23,16,7
30,35,-5
12,27,-15
24,17,7
22,26,-4
28,16,12
22,21,1
22,28,-6
26,30,-4
24,20,4
26,36,-10
16,31,-15
15,33,-18
25,17,8
16,24,-8
29,13,16
29,23,6
43,10,33
45,20,25
0,36,-36
20,30,-10
23,33,-10
10,7,3
29,20,9
27,27,0
19,30,-11
10,20,-10
32,17,15
32,38,-6
16,13,3
19,20,-1
23,33,-10
31,21,10
23,6,17
17,18,-1
30,20,10
37,17,20
39,16,23
27,41,-14
37,17,20
26,28,-2
26,17,9
15,23,-8
24,24,0
33,16,17
16,20,-4
17,26,-9
26,27,-1
25,22,3
19,37,-18
10,13,-3
23,43,-20
13,27,-14
15,3,12
19,23,-4
10,13,-3
17,23,-6
16,14,2
22,27,-5
30,38,-8
30,30,0
29,14,15
23,20,3
10,14,-4
10,26,-16
31,19,12
29,9,20
23,37,-14
37,7,30
16,23,-7
28,37,-9
19,23,-4
30,14,16
10,30,-20
27,17,10
17,17,0
20,21,-1
50,21,29
10,27,-17
28,29,-1
17,23,-6
20,25,-5
36,23,13
16,30,-14
13,30,-17
20,34,-14
19,27,-8
35,12,23
24,21,3
12,27,-15
33,21,12
27,31,-4
20,19,1
16,40,-24
30,27,3
22,23,-1
30,31,-1
34,19,15
23,20,3
20,14,6
16,23,-7
26,28,-2
26,16,10
17,16,1
13,31,-18
21,13,8
24,23,1
23,20,3
20,20,0
21,20,1
16,20,-4
19,26,-7
15,27,-12
15,14,1
25,20,5
26,17,9
19,24,-5
22,14,8
20,27,-7
32,13,19
32,20,12
27,10,17
15,27,-12
15,24,-9
20,20,0
40,17,23
33,6,27
19,13,6
18,19,-1
33,23,10
27,10,17
9,24,-15
26,19,7
18,16,2
25,20,5
36,41,-5
23,20,3
27,14,13
25,20,5
16,17,-1
30,16,14
16,23,-7
7,32,-25
22,26,-4
30,3,27
35,13,22
18,10,8
25,17,8
13,27,-14
17,13,4
25,14,11
19,38,-19
51,28,23
18,27,-9
22,31,-9
32,37,-5
3,33,-30
20,31,-11
17,21,-4
22,33,-11
16,9,7
27,20,7
26,10,16
16,34,-18
29,7,22
17,34,-17
32,21,11
23,48,-25
19,13,6
24,20,4
6,24,-18
32,52,-20
17,26,-9
30,22,8
34,31,3
23,24,-1
20,32,-12
26,27,-1
16,27,-11
13,23,-10
34,13,21
23,29,-6
51,17,34
13,12,1
28,7,21
14,27,-13
13,20,-7
16,20,-4
19,13,6
19,20,-1
16,49,-33
22,14,8
31,34,-3
20,41,-21
19,14,5
19,27,-8
33,20,13
21,38,-17
23,44,-21
27,20,7
17,48,-31
37,29,8
20,24,-4
22,27,-5
23,23,0
33,20,13
15,20,-5
23,13,10
18,30,-12
20,23,-3
27,24,3
9,37,-28
46,7,39
17,29,-12
20,20,0
35,21,14
5,28,-23
17,23,-6
35,10,25
29,28,1
19,24,-5
22,17,5
25,7,18
30,27,3
33,31,2
10,24,-14
27,14,13
26,30,-4
21,30,-9
34,30,4
13,34,-21
10,21,-11
20,24,-4
10,14,-4
40,6,34
40,24,16
27,29,-2
17,23,-6
13,31,-18
0,38,-38
6,44,-38
26,26,0
19,49,-30
19,28,-9
38,16,22
22,22,0
13,10,3
10,16,-6
2,19,-17
27,31,-4
21,12,9
16,20,-4
21,23,-2
6,23,-17
23,27,-4
17,33,-16
32,21,11
10,23,-13
37,6,31
10,42,-32
13,24,-11
12,31,-19
19,31,-12
19,5,14
10,30,-20
29,21,8
13,52,-39
29,41,-12
16,20,-4
24,26,-2
23,12,11
27,10,17
19,23,-4
36,16,20
23,12,11
13,18,-5
9,10,-1
16,22,-6
5,20,-15
10,17,-7
9,24,-15
23,14,9
34,21,13
16,13,3
30,13,17
15,14,1
38,45,-7
31,10,21
26,27,-1
22,20,2
22,13,9
31,31,0
18,25,-7
25,7,18
15,29,-14
26,19,7
33,40,-7
15,14,1
39,18,21
23,27,-4
19,24,-5
23,34,-11
38,23,15
20,10,10
23,22,1
13,41,-28
19,30,-11
27,34,-7
13,36,-23
3,23,-20
23,20,3
34,31,3
34,20,14
32,17,15
26,17,9
35,17,18
13,23,-10
24,24,0
16,35,-19
13,36,-23
24,20,4
6,19,-13
13,19,-6
19,23,-4
23,16,7
32,21,11
47,14,33
27,10,17
22,21,1
25,17,8
20,16,4
41,0,41
9,13,-4
16,31,-15
23,6,17
31,17,14
30,30,0
23,23,0
25,6,19
15,27,-12
32,21,11
24,13,11
30,12,18
16,27,-11
23,24,-1
17,12,5
39,12,27
25,17,8
32,20,12
46,2,44
10,22,-12
26,34,-8
29,20,9
10,40,-30
9,35,-26
30,34,-4
7,37,-30
34,41,-7
16,27,-11
31,29,2
21,14,7
29,27,2
40,7,33
26,17,9
22,13,9
17,23,-6
17,27,-10
20,30,-10
10,24,-14
31,10,21
16,20,-4
22,19,3
19,21,-2
20,3,17
24,24,0
17,45,-28
10,23,-13
37,5,32
34,13,21
22,31,-9
17,13,4
23,40,-17
17,23,-6
16,30,-14
16,38,-22
3,16,-13
16,30,-14
37,30,7
22,37,-15
16,17,-1
17,25,-8
16,28,-12
24,29,-5
34,21,13
16,40,-24
27,23,4
36,10,26
17,39,-22
16,27,-11
19,16,3
23,16,7
35,0,35
23,33,-10
32,26,6
39,35,4
19,22,-3
33,10,23
33,35,-2
33,32,1
34,10,24
16,25,-9
24,19,5
26,27,-1
14,27,-13
33,31,2
17,28,-11
19,27,-8
36,27,9
26,24,2
0,27,-27
7,42,-35
44,23,21
28,17,11
23,12,11
13,46,-33
26,30,-4
23,15,8
22,23,-1
27,17,10
0,32,-32
18,17,1
37,17,20
20,13,7
34,10,24
27,24,3
46,14,32
21,27,-6
26,10,16
13,34,-21
6,20,-14
27,23,4
23,37,-14
19,24,-5
9,24,-15
27,7,20
7,22,-15
19,27,-8
19,12,7
20,6,14
26,17,9
23,13,10
10,19,-9
24,44,-20
10,33,-23
20,26,-6
28,17,11
3,40,-37
24,21,3
20,19,1
20,21,-1
38,21,17
26,10,16
15,22,-7
47,10,37
27,17,10
20,38,-18
43,14,29
26,30,-4
41,24,17
15,21,-6
19,31,-12
22,29,-7
20,27,-7
6,23,-17
18,26,-8
19,6,13
32,21,11
19,31,-12
25,24,1
38,20,18
22,33,-11
26,31,-5
9,58,-49
19,13,6
19,17,2
19,12,7
9,10,-1
13,16,-3
20,23,-3
30,17,13
30,20,10
17,12,5
42,3,39
32,21,11
19,10,9
30,33,-3
20,22,-2
13,37,-24
32,6,26
46,27,19
32,26,6
24,9,15
3,26,-23
37,20,17
20,23,-3
33,17,16
17,20,-3
23,20,3
29,27,2
37,27,10
20,26,-6
16,24,-8
16,30,-14
13,19,-6
16,27,-11
15,24,-9
19,17,2
44,7,37
20,23,-3
19,36,-17
23,34,-11
23,10,13
17,20,-3
19,23,-4
25,24,1
30,28,2
42,26,16
19,27,-8
23,35,-12
23,24,-1
7,39,-32
26,34,-8
22,17,5
19,19,0
16,19,-3
20,28,-8
22,20,2
17,16,1
22,24,-2
20,14,6
19,31,-12
27,30,-3
6,19,-13
21,16,5
16,20,-4
23,30,-7
23,31,-8
48,21,27
6,17,-11
20,38,-18
12,24,-12
36,17,19
25,44,-19
16,13,3
19,16,3
23,27,-4
27,13,14
19,10,9
33,13,20
15,38,-23
9,23,-14
26,29,-3
40,20,20
6,13,-7
17,26,-9
10,41,-31
22,20,2
29,21,8
20,24,-4
13,20,-7
7,24,-17
11,20,-9
36,14,22
17,38,-21
23,13,10
13,20,-7
23,26,-3
20,27,-7
22,3,19
21,20,1
30,30,0
10,30,-20
30,17,13
25,31,-6
24,30,-6
9,13,-4
12,31,-19
22,27,-5
25,34,-9
10,22,-12
31,17,14
12,27,-15
24,27,-3
19,13,6
16,27,-11
33,27,6
28,10,18
15,36,-21
31,17,14
24,33,-9
19,32,-13
13,13,0
16,17,-1
36,13,23
12,33,-21
41,6,35
23,24,-1
29,21,8
32,31,1
33,28,5
30,33,-3
21,17,4
25,13,12
13,37,-24
25,38,-13
6,23,-17
30,12,18
19,16,3
30,10,20
17,27,-10
26,23,3
40,24,16
23,14,9
16,10,6
9,30,-21
17,26,-9
20,23,-3
28,27,1
26,45,-19
14,24,-10
19,38,-19
10,26,-16
17,16,1
13,31,-18
19,26,-7
19,21,-2
9,33,-24
23,13,10
19,20,-1
30,23,7
13,27,-14
34,14,20
27,21,6
26,21,5
26,24,2
13,36,-23
17,37,-20
10,14,-4
32,41,-9
44,21,23
14,23,-9
16,27,-11
24,22,2
26,27,-1
20,27,-7
20,19,1
35,6,29
12,26,-14
29,30,-1
12,28,-16
17,19,-2
19,41,-22
15,23,-8
10,34,-24
18,14,4
16,21,-5
33,27,6
27,35,-8
21,24,-3
26,13,13
32,24,8
36,24,12
33,30,3
10,48,-38
24,43,-19
23,21,2
36,17,19
13,34,-21
22,21,1
15,13,2
23,24,-1
26,34,-8
24,31,-7
6,24,-18
45,17,28
27,17,10
32,20,12
22,31,-9
17,34,-17
12,34,-22
15,13,2
26,31,-5
23,13,10
27,24,3
28,23,5
31,16,15
33,25,8
16,26,-10
36,17,19
13,23,-10
21,20,1
30,10,20
19,46,-27
27,21,6
13,15,-2
29,31,-2
29,37,-8
26,26,0
14,30,-16
26,17,9
18,20,-2
24,20,4
23,34,-11
12,35,-23
12,19,-7
30,14,16
24,16,8
26,28,-2
15,29,-14
12,23,-11
9,16,-7
21,28,-7
0,41,-41
15,28,-13
30,28,2
46,14,32
31,27,4
6,16,-10
33,17,16
13,22,-9
19,31,-12
30,33,-3
19,6,13
7,22,-15
28,24,4
20,16,4
21,25,-4
13,30,-17
17,13,4
26,35,-9
47,28,19
19,20,-1
20,26,-6
13,18,-5
26,28,-2
29,35,-6
37,14,23
17,36,-19
20,33,-13
26,19,7
36,28,8
16,14,2
27,21,6
10,26,-16
24,16,8
14,39,-25
3,37,-34
18,26,-8
19,20,-1
34,32,2
23,30,-7
18,7,11
23,0,23
12,23,-11
25,34,-9
3,24,-21
33,17,16
22,13,9
13,23,-10
10,30,-20
43,40,3
16,31,-15
6,24,-18
29,6,23
16,27,-11
25,19,6
26,16,10
26,27,-1
36,30,6
30,10,20
30,20,10
36,31,5
19,20,-1
20,9,11
16,21,-5
16,16,0
27,13,14
27,27,0
26,10,16
39,13,26
16,14,2
20,13,7
23,16,7
22,28,-6
29,19,10
13,10,3
22,20,2
39,17,22
18,17,1
23,15,8
31,19,12
32,17,15
19,33,-14
12,38,-26
27,41,-14
20,31,-11
43,16,27
16,29,-13
34,19,15
18,22,-4
26,13,13
23,48,-25
15,26,-11
10,19,-9
35,6,29
13,38,-25
21,45,-24
23,13,10
19,27,-8
16,37,-21
22,17,5
12,20,-8
27,24,3
20,30,-10
29,26,3
34,27,7
10,22,-12
20,34,-14
12,41,-29
22,32,-10
29,14,15
43,13,30
16,27,-11
7,23,-16
16,13,3
26,24,2
27,26,1
24,9,15
27,27,0
13,31,-18
25,0,25
19,13,6
6,31,-25
27,26,1
20,37,-17
37,23,14
26,23,3
11,20,-9
19,13,6
38,27,11
13,46,-33
23,33,-10
9,34,-25
27,21,6
24,37,-13
34,23,11
14,30,-16
13,16,-3
37,20,17
26,30,-4
32,24,8
20,10,10
30,17,13
23,34,-11
30,33,-3
20,23,-3
19,17,2
44,38,6
34,27,7
25,23,2
28,17,11
36,28,8
25,21,4
29,6,23
32,24,8
17,34,-17
33,15,18
29,14,15
14,23,-9
10,28,-18
22,27,-5
20,21,-1
38,7,31
22,14,8
36,17,19
26,16,10
22,23,-1
37,20,17
29,19,10
33,27,6
29,13,16
21,43,-22
19,14,5
7,23,-16
20,30,-10
20,14,6
9,13,-4
31,27,4
24,24,0
20,14,6
20,10,10
22,26,-4
32,24,8
13,31,-18
27,21,6
14,24,-10
17,29,-12
50,14,36
21,23,-2
23,7,16
26,10,16
37,17,20
23,34,-11
23,26,-3
26,16,10
13,17,-4
23,45,-22
33,27,6
22,25,-3
30,17,13
10,13,-3
26,27,-1
33,24,9
26,17,9
13,27,-14
36,7,29
26,20,6
46,17,29
20,12,8
25,24,1
10,30,-20
41,17,24
20,19,1
7,24,-17
36,13,23
23,52,-29
36,3,33
19,20,-1
20,20,0
12,23,-11
13,15,-2
3,34,-31
17,26,-9
16,27,-11
6,19,-13
38,3,35
0,30,-30
29,10,19
41,17,24
22,10,12
22,41,-19
23,28,-5
29,41,-12
20,14,6
23,20,3
25,14,11
34,16,18
9,34,-25
26,21,5
22,18,4
28,48,-20
19,16,3
10,34,-24
22,30,-8
16,23,-7
36,0,36
20,17,3
6,31,-25
18,41,-23
13,30,-17
40,17,23
16,21,-5
10,20,-10
7,40,-33
13,27,-14
33,16,17
10,37,-27
20,17,3
17,20,-3
25,17,8
16,21,-5
33,10,23
43,23,20
43,17,26
13,29,-16
20,37,-17
29,30,-1
33,34,-1
20,13,7
3,33,-30
22,21,1
7,33,-26
37,27,10
21,27,-6
41,21,20
16,20,-4
27,38,-11
10,12,-2
29,19,10
20,13,7
21,10,11
24,21,3
8,23,-15
13,19,-6
20,23,-3
10,31,-21
24,15,9
26,24,2
13,19,-6
36,17,19
16,36,-20
37,20,17
20,9,11
25,27,-2
19,16,3
27,23,4
17,27,-10
23,23,0
16,17,-1
12,6,6
30,37,-7
20,31,-11
39,3,36
30,24,6
33,16,17
19,20,-1
23,13,10
26,38,-12
27,28,-1
43,7,36
26,35,-9
20,16,4
3,26,-23
13,26,-13
24,22,2
36,10,26
51,24,27
26,51,-25
13,31,-18
17,31,-14
25,21,4
34,10,24
33,27,6
23,22,1
39,20,19
17,24,-7
33,24,9
3,20,-17
22,19,3
19,17,2
17,48,-31
25,26,-1
31,10,21
24,29,-5
33,21,12
32,16,16
28,28,0
15,25,-10
17,23,-6
28,16,12
26,10,16
19,17,2
24,10,14
13,27,-14
25,10,15
12,23,-11
20,28,-8
23,27,-4
31,9,22
44,20,24
21,24,-3
9,34,-25
46,7,39
24,27,-3
19,23,-4
39,14,25
19,20,-1
17,27,-10
25,10,15
33,13,20
24,28,-4
33,14,19
26,13,13
13,3,10
32,24,8
43,20,23
20,19,1
30,13,17
10,33,-23
33,14,19
22,20,2
31,24,7
19,37,-18
37,28,9
33,34,-1
23,19,4
33,42,-9
51,17,34
27,13,14
14,23,-9
29,24,5
43,21,22
22,33,-11
3,23,-20
30,13,17
19,17,2
30,20,10
6,24,-18
42,12,30
33,38,-5
17,17,0
28,14,14
16,20,-4
10,16,-6
16,27,-11
34,37,-3
9,30,-21
16,17,-1
27,27,0
14,32,-18
15,44,-29
32,27,5
23,27,-4
23,13,10
29,26,3
26,24,2
15,13,2
23,9,14
3,37,-34
23,31,-8
29,24,5
18,24,-6
33,14,19
30,38,-8
7,36,-29
16,27,-11
37,13,24
24,34,-10
6,10,-4
26,33,-7
27,24,3
6,20,-14
23,37,-14
22,13,9
10,23,-13
27,37,-10
12,13,-1
23,13,10
24,23,1
9,26,-17
17,23,-6
36,5,31
30,27,3
26,31,-5
19,34,-15
9,24,-15
6,15,-9
26,12,14
10,37,-27
20,19,1
20,13,7
27,7,20
36,35,1
19,6,13
32,9,23
29,14,15
28,17,11
20,31,-11
27,31,-4
27,27,0
26,26,0
20,16,4
24,31,-7
20,17,3
26,16,10
28,10,18
23,19,4
19,26,-7
17,16,1
23,27,-4
23,13,10
25,37,-12
37,27,10
17,17,0
26,21,5
25,10,15
25,24,1
16,23,-7
19,24,-5
25,27,-2
26,35,-9
10,31,-21
18,24,-6
12,17,-5
16,23,-7
13,19,-6
25,27,-2
30,17,13
24,17,7
44,16,28
37,23,14
12,34,-22
3,28,-25
31,20,11
12,40,-28
14,42,-28
20,16,4
13,24,-11
30,31,-1
19,14,5
26,10,16
30,16,14
20,40,-20
13,24,-11
13,16,-3
24,17,7
43,14,29
17,29,-12
26,26,0
43,31,12
26,10,16
26,24,2
17,9,8
16,27,-11
23,22,1
33,3,30
16,28,-12
45,14,31
35,17,18
24,10,14
26,21,5
20,24,-4
32,23,9
41,20,21
10,26,-16
34,31,3
28,23,5
22,21,1
24,42,-18
15,26,-11
17,32,-15
19,24,-5
22,36,-14
29,34,-5
34,17,17
6,42,-36
10,34,-24
26,17,9
34,37,-3
17,31,-14
28,16,12
27,20,7
22,19,3
32,27,5
16,26,-10
19,24,-5
27,18,9
19,28,-9
17,31,-14
40,14,26
22,24,-2
36,34,2
19,19,0
19,19,0
15,27,-12
19,27,-8
33,28,5
17,24,-7
16,26,-10
20,13,7
18,17,1
23,27,-4
10,24,-14
10,17,-7
21,10,11
6,30,-24
9,27,-18
20,27,-7
25,17,8
17,30,-13
13,27,-14
9,23,-14
28,27,1
6,15,-9
32,24,8
32,22,10
42,14,28
10,31,-21
24,26,-2
26,38,-12
10,38,-28
38,14,24
26,34,-8
3,41,-38
20,17,3
23,36,-13
16,29,-13
18,14,4
30,14,16
30,17,13
24,27,-3
19,20,-1
16,15,1
3,34,-31
33,26,7
16,20,-4
42,20,22
17,22,-5
13,38,-25
16,35,-19
30,31,-1
17,24,-7
7,30,-23
18,23,-5
36,3,33
24,34,-10
30,17,13
33,19,14
16,19,-3
14,36,-22
13,26,-13
33,17,16
16,26,-10
28,18,10
26,27,-1
9,20,-11
26,23,3
20,17,3
19,6,13
22,27,-5
26,17,9
14,44,-30
30,21,9
26,24,2
23,19,4
39,13,26
30,16,14
25,20,5
27,3,24
33,25,8
26,10,16
23,17,6
32,21,11
17,30,-13
22,27,-5
20,16,4
30,19,11
36,24,12
45,20,25
26,24,2
23,17,6
13,37,-24
24,30,-6
30,17,13
9,27,-18
26,13,13
43,16,27
33,20,13
15,0,15
49,13,36
19,24,-5
21,26,-5
23,17,6
17,40,-23
9,19,-10
23,31,-8
20,45,-25
20,13,7
22,21,1
26,24,2
27,31,-4
33,13,20
12,24,-12
43,17,26
23,28,-5
39,3,36
26,13,13
36,10,26
16,34,-18
39,14,25
41,20,21
26,17,9
34,38,-4
9,11,-2
22,16,6
24,24,0
18,9,9
23,24,-1
24,7,17
9,39,-30
19,28,-9
19,20,-1
12,22,-10
24,31,-7
30,21,9
30,24,6
23,33,-10
23,10,13
23,16,7
36,6,30
28,6,22
28,17,11
37,13,24
17,20,-3
20,26,-6
38,34,4
30,21,9
6,27,-21
19,17,2
6,36,-30
25,27,-2
7,19,-12
20,24,-4
22,27,-5
25,27,-2
26,24,2
30,26,4
7,32,-25
20,17,3
24,17,7
23,17,6
20,21,-1
9,34,-25
13,23,-10
16,24,-8
12,17,-5
20,25,-5
17,26,-9
13,23,-10
13,22,-9
24,39,-15
33,29,4
20,27,-7
16,17,-1
34,24,10
13,28,-15
20,6,14
20,24,-4
13,31,-18
39,20,19
30,20,10
23,13,10
28,9,19
16,13,3
0,30,-30
43,6,37
13,17,-4
3,3,0
23,38,-15
26,20,6
20,20,0
19,33,-14
22,14,8
30,17,13
22,36,-14
14,28,-14
34,16,18
26,34,-8
26,27,-1
27,17,10
34,13,21
34,24,10
21,17,4
20,41,-21
19,21,-2
9,24,-15
22,7,15
41,30,11
9,23,-14
22,13,9
12,20,-8
19,17,2
12,34,-22
17,24,-7
25,14,11
19,7,12
23,16,7
28,17,11
18,28,-10
30,10,20
28,21,7
43,35,8
16,29,-13
24,24,0
32,20,12
22,13,9
13,16,-3
25,27,-2
32,12,20
19,14,5
40,35,5
13,34,-21
37,21,16
20,23,-3
26,26,0
23,12,11
32,17,15
9,26,-17
17,26,-9
29,20,9
16,17,-1
35,35,0
10,44,-34
10,10,0
7,17,-10
12,28,-16
13,13,0
23,23,0
13,30,-17
26,20,6
12,13,-1
29,14,15
19,12,7
25,30,-5
23,20,3
19,20,-1
16,21,-5
13,24,-11
14,38,-24
15,20,-5
24,20,4
13,24,-11
31,13,18
25,10,15
20,16,4
20,31,-11
13,24,-11
25,10,15
20,26,-6
22,14,8
21,33,-12
16,6,10
26,0,26
20,37,-17
21,26,-5
19,16,3
17,37,-20
19,23,-4
20,17,3
23,17,6
30,13,17
26,33,-7
28,19,9
35,13,22
39,15,24
20,21,-1
13,14,-1
19,10,9
33,20,13
19,28,-9
30,35,-5
35,28,7
23,40,-17
25,10,15
30,41,-11
37,20,17
13,23,-10
25,6,19
20,22,-2
12,16,-4
21,33,-12
32,30,2
20,42,-22
43,21,22
6,19,-13
30,13,17
37,10,27
36,10,26
30,10,20
10,31,-21
13,3,10
30,30,0
20,13,7
20,23,-3
17,19,-2
27,23,4
27,17,10
23,16,7
12,17,-5
29,16,13
16,33,-17
10,22,-12
26,16,10
26,19,7
16,23,-7
22,20,2
13,20,-7
27,30,-3
23,14,9
41,31,10
16,25,-9
16,24,-8
13,30,-17
33,13,20
23,27,-4
9,16,-7
0,10,-10
31,27,4
26,9,17
16,10,6
15,30,-15
41,26,15
27,35,-8
43,34,9
6,33,-27
26,27,-1
19,10,9
23,30,-7
19,21,-2
36,17,19
19,24,-5
37,31,6
33,10,23
9,30,-21
13,32,-19
27,22,5
35,17,18
37,24,13
17,30,-13
15,19,-4
24,40,-16
29,26,3
13,20,-7
23,24,-1
30,23,7
29,21,8
10,14,-4
41,24,17
23,20,3
10,25,-15
10,22,-12
37,6,31
29,17,12
25,24,1
40,9,31
33,22,11
17,17,0
15,13,2
19,24,-5
33,13,20
17,31,-14
47,9,38
13,24,-11
16,16,0
26,16,10
44,24,20
33,14,19
18,3,15
30,34,-4
23,30,-7
20,25,-5
21,13,8
21,20,1
27,27,0
22,12,10
20,3,17
29,10,19
10,34,-24
24,35,-11
14,27,-13
26,30,-4
18,13,5
46,21,25
13,25,-12
31,10,21
29,28,1
24,17,7
19,13,6
16,22,-6
47,14,33
12,17,-5
36,17,19
22,13,9
13,17,-4
24,38,-14
24,24,0
24,33,-9
30,10,20
12,3,9
34,20,14
20,30,-10
22,34,-12
20,26,-6
16,27,-11
20,30,-10
13,32,-19
9,20,-11
17,27,-10
21,20,1
24,22,2
25,14,11
9,36,-27
26,20,6
22,17,5
27,13,14
28,0,28
12,9,3
10,30,-20
10,41,-31
20,37,-17
23,17,6
30,13,17
17,9,8
23,16,7
13,22,-9
20,30,-10
31,10,21
27,17,10
25,28,-3
13,31,-18
33,31,2
23,23,0
17,14,3
23,31,-8
9,27,-18
39,20,19
20,27,-7
30,24,6
23,21,2
26,34,-8
44,16,28
19,21,-2
20,40,-20
19,0,19
31,44,-13
26,33,-7
20,27,-7
13,24,-11
10,38,-28
29,31,-2
17,10,7
30,24,6
46,14,32
15,16,-1
16,10,6
26,17,9
14,23,-9
27,38,-11
25,13,12
33,34,-1
29,14,15
27,24,3
30,25,5
15,13,2
16,19,-3
20,12,8
23,17,6
27,47,-20
30,17,13
36,7,29
20,13,7
7,26,-19
30,17,13
27,19,8
27,3,24
26,22,4
19,24,-5
38,17,21
23,17,6
26,24,2
23,16,7
16,23,-7
25,21,4
27,34,-7
21,13,8
40,20,20
33,17,16
18,17,1
24,24,0
17,27,-10
26,16,10
13,19,-6
29,37,-8
13,10,3
20,16,4
19,20,-1
12,27,-15
19,32,-13
23,14,9
16,16,0
25,27,-2
26,3,23
16,39,-23
19,7,12
16,27,-11
20,10,10
22,13,9
30,28,2
36,27,9
13,34,-21
31,37,-6
3,17,-14
22,28,-6
16,13,3
33,10,23
25,17,8
20,19,1
13,26,-13
7,26,-19
7,33,-26
23,10,13
19,16,3
3,34,-31
19,11,8
27,21,6
24,18,6
31,11,20
26,30,-4
27,33,-6
13,28,-15
34,23,11
23,9,14
39,24,15
21,7,14
27,21,6
27,36,-9
16,23,-7
27,20,7
16,14,2
16,14,2
30,42,-12
24,26,-2
39,30,9
13,21,-8
25,21,4
43,31,12
15,27,-12
26,30,-4
16,20,-4
21,34,-13
30,9,21
12,17,-5
24,13,11
16,35,-19
41,38,3
29,24,5
35,24,11
37,13,24
14,35,-21
12,16,-4
22,23,-1
16,13,3
29,22,7
15,21,-6
25,17,8
9,6,3
19,10,9
10,23,-13
23,15,8
19,31,-12
36,23,13
20,19,1
0,29,-29
20,24,-4
23,23,0
20,26,-6
20,41,-21
29,38,-9
27,20,7
34,7,27
27,22,5
16,21,-5
30,24,6
33,10,23
14,29,-15
19,23,-4
17,23,-6
12,27,-15
6,13,-7
26,23,3
20,17,3
19,33,-14
23,13,10
13,26,-13
12,33,-21
30,10,20
31,10,21
27,27,0
12,16,-4
7,33,-26
28,21,7
13,21,-8
13,40,-27
22,24,-2
29,31,-2
17,6,11
20,24,-4
23,24,-1
16,51,-35
9,22,-13
23,16,7
33,28,5
28,9,19
25,27,-2
20,24,-4
29,14,15
48,21,27
3,31,-28
24,36,-12
22,13,9
17,30,-13
30,14,16
3,38,-35
22,23,-1
7,22,-15
16,14,2
30,17,13
16,41,-25
17,30,-13
3,23,-20
17,17,0
32,28,4
16,33,-17
20,23,-3
34,36,-2
17,12,5
20,26,-6
13,22,-9
23,34,-11
17,29,-12
13,29,-16
23,12,11
16,34,-18
25,21,4
47,14,33
23,14,9
38,7,31
50,13,37
19,27,-8
14,16,-2
17,20,-3
13,17,-4
41,9,32
29,20,9
32,20,12
23,23,0
13,7,6
20,38,-18
22,10,12
32,34,-2
17,26,-9
19,26,-7
14,34,-20
25,17,8
28,6,22
20,30,-10
24,28,-4
24,34,-10
17,10,7
26,30,-4
22,17,5
10,30,-20
31,19,12
16,16,0
10,23,-13
6,17,-11
16,17,-1
30,33,-3
30,10,20
40,21,19
20,20,0
16,14,2
20,33,-13
23,18,5
24,45,-21
16,17,-1
35,16,19
23,37,-14
38,21,17
26,20,6
6,30,-24
26,37,-11
43,30,13
27,27,0
17,21,-4
30,23,7
40,17,23
34,31,3
21,23,-2
33,13,20
20,33,-13
29,13,16
22,19,3
14,29,-15
15,24,-9
19,13,6
10,20,-10
10,37,-27
12,13,-1
13,24,-11
33,27,6
23,20,3
32,21,11
16,37,-21
29,20,9
30,14,16
3,10,-7
24,24,0
19,20,-1
10,23,-13
16,13,3
9,13,-4
14,20,-6
25,19,6
19,21,-2
6,34,-28
23,13,10
16,30,-14
23,20,3
33,16,17
29,27,2
40,16,24
27,12,15
21,36,-15
15,31,-16
16,24,-8
10,22,-12
30,3,27
19,23,-4
12,13,-1
19,23,-4
29,13,16
33,31,2
3,21,-18
33,6,27
20,17,3
26,28,-2
30,10,20
20,24,-4
23,33,-10
16,16,0
23,9,14
19,27,-8
17,20,-3
24,23,1
32,27,5
48,24,24
23,35,-12
19,47,-28
42,16,26
32,20,12
32,7,25
33,10,23
24,31,-7
6,16,-10
7,26,-19
33,27,6
40,27,13
33,21,12
16,14,2
40,7,33
15,38,-23
24,43,-19
19,27,-8
33,20,13
16,23,-7
19,22,-3
26,27,-1
21,27,-6
41,7,34
23,24,-1
16,24,-8
27,24,3
17,26,-9
13,13,0
20,23,-3
19,15,4
31,16,15
16,9,7
6,17,-11
24,21,3
29,31,-2
16,23,-7
12,13,-1
17,21,-4
15,34,-19
28,33,-5
30,20,10
29,17,12
19,6,13
18,20,-2
39,17,22
26,23,3
17,24,-7
27,24,3
23,20,3
10,10,0
24,28,-4
9,33,-24
17,19,-2
16,10,6
29,27,2
26,10,16
25,23,2
18,16,2
20,21,-1
20,16,4
16,31,-15
27,13,14
23,25,-2
7,37,-30
23,30,-7
36,33,3
20,23,-3
13,15,-2
24,37,-13
23,16,7
27,24,3
36,37,-1
43,21,22
24,7,17
33,27,6
40,38,2
22,6,16
25,3,22
13,23,-10
37,28,9
19,19,0
26,17,9
19,24,-5
17,23,-6
33,24,9
24,27,-3
23,17,6
13,20,-7
29,23,6
31,10,21
27,12,15
29,23,6
23,27,-4
24,20,4
38,24,14
37,24,13
27,13,14
17,24,-7
20,24,-4
20,21,-1
13,34,-21
26,20,6
14,30,-16
26,27,-1
17,30,-13
13,30,-17
26,23,3
17,20,-3
36,28,8
20,23,-3
24,33,-9
12,16,-4
23,21,2
29,26,3
25,23,2
16,23,-7
31,27,4
20,31,-11
17,29,-12
20,14,6
27,20,7
10,23,-13
24,7,17
32,25,7
23,28,-5
8,27,-19
16,37,-21
13,38,-25
30,20,10
19,13,6
19,20,-1
29,14,15
17,25,-8
12,9,3
13,18,-5
23,40,-17
16,20,-4
8,10,-2
12,27,-15
16,19,-3
24,10,14
16,17,-1
27,21,6
23,13,10
27,20,7
19,11,8
26,21,5
19,23,-4
33,10,23
26,21,5
29,48,-19
17,16,1
23,3,20
3,20,-17
26,31,-5
19,30,-11
42,21,21
29,26,3
22,40,-18
23,20,3
17,20,-3
30,19,11
20,41,-21
32,26,6
26,20,6
20,19,1
30,13,17
30,32,-2
41,14,27
10,20,-10
27,24,3
22,33,-11
16,47,-31
30,7,23
26,20,6
24,26,-2
20,29,-9
27,31,-4
26,24,2
37,13,24
23,30,-7
36,27,9
36,7,29
15,0,15
14,15,-1
13,19,-6
6,20,-14
42,17,25
13,38,-25
10,10,0
26,9,17
27,20,7
20,10,10
36,20,16
14,26,-12
20,42,-22
26,24,2
22,11,11
19,17,2
13,29,-16
16,23,-7
19,14,5
36,15,21
19,23,-4
13,21,-8
20,39,-19
23,21,2
30,17,13
30,27,3
10,13,-3
21,6,15
3,35,-32
34,41,-7
49,24,25
26,17,9
7,19,-12
29,14,15
27,23,4
10,24,-14
20,24,-4
9,9,0
19,30,-11
18,15,3
19,13,6
25,7,18
9,38,-29
16,34,-18
30,31,-1
27,24,3
21,33,-12
20,13,7
16,31,-15
33,13,20
27,17,10
12,33,-21
36,24,12
14,24,-10
14,17,-3
36,17,19
10,41,-31
30,31,-1
27,17,10
27,25,2
9,23,-14
20,15,5
23,31,-8
26,19,7
9,17,-8
15,24,-9
20,27,-7
6,38,-32
37,24,13
10,19,-9
28,14,14
33,38,-5
3,24,-21
33,24,9
17,23,-6
33,17,16
12,28,-16
27,14,13
27,16,11
24,10,14
36,17,19
12,16,-4
27,34,-7
38,27,11
13,30,-17
20,17,3
31,7,24
21,33,-12
19,7,12
17,41,-24
54,28,26
19,45,-26
32,20,12
33,28,5
7,27,-20
19,20,-1
26,24,2
20,23,-3
41,15,26
27,21,6
20,40,-20
23,25,-2
14,23,-9
36,21,15
10,7,3
16,20,-4
20,37,-17
37,20,17
28,23,5
22,27,-5
15,24,-9
20,20,0
13,30,-17
36,17,19
16,10,6
16,27,-11
16,16,0
40,23,17
25,31,-6
15,23,-8
20,32,-12
30,7,23
28,35,-7
12,14,-2
35,28,7
10,16,-6
19,13,6
28,16,12
19,34,-15
31,28,3
12,35,-23
12,22,-10
37,19,18
6,42,-36
16,20,-4
13,6,7
35,16,19
43,10,33
26,20,6
14,41,-27
16,10,6
22,12,10
25,20,5
29,37,-8
37,18,19
31,30,1
6,20,-14
19,24,-5
37,16,21
29,27,2
27,23,4
27,13,14
20,28,-8
20,24,-4
28,26,2
10,24,-14
9,20,-11
27,6,21
7,29,-22
17,28,-11
9,10,-1
26,30,-4
24,31,-7
38,27,11
30,30,0
15,20,-5
30,23,7
30,34,-4
9,14,-5
24,34,-10
19,13,6
21,24,-3
17,14,3
31,34,-3
24,28,-4
30,7,23
20,17,3
13,13,0
6,10,-4
28,34,-6
23,19,4
13,23,-10
23,24,-1
10,14,-4
26,14,12
16,37,-21
13,20,-7
33,24,9
30,20,10
23,17,6
24,37,-13
33,20,13
27,33,-6
6,22,-16
15,31,-16
33,31,2
31,6,25
20,27,-7
14,33,-19
9,16,-7
27,27,0
29,3,26
33,30,3
17,27,-10
36,17,19
20,25,-5
13,21,-8
10,44,-34
21,31,-10
19,35,-16
17,17,0
29,14,15
41,14,27
19,23,-4
37,30,7
42,28,14
3,30,-27
37,44,-7
14,27,-13
33,20,13
29,6,23
17,39,-22
19,38,-19
33,31,2
20,45,-25
33,14,19
12,10,2
28,34,-6
27,13,14
6,24,-18
28,34,-6
24,13,11
16,22,-6
17,27,-10
10,19,-9
31,23,8
19,23,-4
28,40,-12
38,7,31
17,40,-23
10,17,-7
27,6,21
20,13,7
20,34,-14
7,20,-13
23,17,6
44,3,41
22,31,-9
13,27,-14
25,20,5
13,28,-15
17,33,-16
23,36,-13
17,22,-5
10,21,-11
18,10,8
22,20,2
30,20,10
40,21,19
24,23,1
12,27,-15
29,30,-1
30,6,24
36,30,6
0,25,-25
25,31,-6
10,22,-12
20,24,-4
28,36,-8
26,17,9
26,20,6
23,16,7
23,7,16
23,33,-10
7,36,-29
10,13,-3
22,6,16
9,31,-22
33,16,17
24,20,4
26,17,9
17,38,-21
22,31,-9
26,27,-1
30,24,6
30,24,6
18,27,-9
34,20,14
9,16,-7
34,17,17
18,37,-19
20,19,1
34,20,14
23,37,-14
22,31,-9
13,17,-4
31,19,12
33,33,0
10,41,-31
13,13,0
19,27,-8
30,30,0
3,26,-23
17,24,-7
16,34,-18
36,34,2
30,37,-7
30,10,20
3,17,-14
17,10,7
13,21,-8
20,25,-5
10,29,-19
20,26,-6
37,21,16
25,24,1
10,33,-23
40,28,12
28,36,-8
30,10,20
27,41,-14
20,23,-3
29,24,5
24,22,2
33,16,17
24,10,14
6,24,-18
23,30,-7
11,27,-16
23,17,6
31,17,14
14,22,-8
36,41,-5
17,30,-13
6,48,-42
17,6,11
17,19,-2
3,20,-17
22,31,-9
6,20,-14
16,17,-1
21,13,8
44,21,23
19,7,12
10,39,-29
19,20,-1
27,20,7
32,36,-4
36,33,3
26,3,23
16,30,-14
16,41,-25
17,34,-17
20,26,-6
37,19,18
26,13,13
29,17,12
24,26,-2
22,20,2
34,28,6
17,37,-20
29,27,2
43,24,19
31,17,14
21,23,-2
35,14,21
27,11,16
47,27,20
19,14,5
19,20,-1
38,6,32
22,16,6
17,35,-18
30,24,6
22,24,-2
16,20,-4
9,19,-10
13,24,-11
17,34,-17
32,32,0
25,10,15
12,30,-18
13,15,-2
13,14,-1
23,21,2
14,20,-6
7,21,-14
31,6,25
15,27,-12
37,28,9
24,19,5
17,39,-22
21,34,-13
16,37,-21
3,27,-24
10,31,-21
23,20,3
18,23,-5
23,17,6
20,33,-13
30,10,20
27,10,17
22,7,15
24,27,-3
23,14,9
27,34,-7
26,6,20
17,41,-24
20,7,13
22,14,8
26,31,-5
22,21,1
21,20,1
23,10,13
22,16,6
7,34,-27
19,12,7
12,23,-11
9,16,-7
34,13,21
24,10,14
16,36,-20
23,9,14
17,40,-23
23,24,-1
21,21,0
30,27,3
26,30,-4
20,23,-3
30,28,2
25,24,1
27,26,1
15,17,-2
28,17,11
19,6,13
13,23,-10
10,7,3
16,28,-12
23,10,13
19,27,-8
17,19,-2
21,36,-15
19,13,6
7,34,-27
27,38,-11
25,31,-6
19,34,-15
31,31,0
13,46,-33
17,27,-10
27,19,8
24,13,11
44,6,38
25,20,5
20,3,17
20,29,-9
34,24,10
20,3,17
19,30,-11
32,6,26
31,13,18
24,10,14
27,17,10
17,30,-13
17,34,-17
20,20,0
29,17,12
26,14,12
13,37,-24
23,28,-5
15,26,-11
28,17,11
24,40,-16
12,10,2
10,34,-24
38,7,31
6,20,-14
6,20,-14
28,40,-12
15,31,-16
16,31,-15
23,23,0
6,16,-10
37,13,24
19,24,-5
20,20,0
25,20,5
27,31,-4
10,16,-6
24,34,-10
30,24,6
28,17,11
22,6,16
44,27,17
3,13,-10
27,24,3
10,23,-13
37,24,13
31,20,11
38,38,0
27,27,0
15,24,-9
10,27,-17
33,17,16
31,35,-4
34,44,-10
16,20,-4
26,23,3
30,17,13
31,35,-4
19,37,-18
17,10,7
28,13,15
24,27,-3
22,17,5
26,21,5
25,24,1
17,37,-20
9,24,-15
10,25,-15
23,23,0
21,33,-12
18,13,5
30,10,20
26,22,4
42,14,28
28,10,18
32,35,-3
23,17,6
17,27,-10
23,17,6
13,27,-14
26,28,-2
31,20,11
9,33,-24
27,21,6
45,17,28
24,26,-2
12,16,-4
20,33,-13
27,20,7
20,28,-8
26,17,9
30,17,13
21,13,8
18,14,4
26,31,-5
38,27,11
24,20,4
21,24,-3
23,37,-14
14,23,-9
13,26,-13
27,14,13
26,7,19
30,38,-8
26,17,9
27,20,7
26,26,0
16,27,-11
21,31,-10
10,35,-25
13,26,-13
17,13,4
16,34,-18
29,24,5
25,33,-8
13,23,-10
26,10,16
20,24,-4
31,24,7
17,24,-7
30,13,17
20,20,0
15,24,-9
25,37,-12
19,27,-8
19,13,6
20,21,-1
29,21,8
28,16,12
30,24,6
13,20,-7
17,30,-13
20,20,0
35,20,15
20,30,-10
22,7,15
21,26,-5
26,38,-12
17,45,-28
25,33,-8
24,17,7
16,24,-8
45,13,32
15,26,-11
23,10,13
23,41,-18
28,27,1
22,10,12
22,17,5
23,34,-11
14,30,-16
19,33,-14
28,24,4
27,23,4
22,27,-5
16,48,-32
16,33,-17
22,13,9
7,38,-31
27,7,20
23,20,3
23,12,11
34,7,27
37,10,27
3,6,-3
19,13,6
30,27,3
24,16,8
7,36,-29
17,10,7
19,24,-5
22,23,-1
26,6,20
20,19,1
16,20,-4
16,9,7
3,28,-25
16,30,-14
25,17,8
21,20,1
19,23,-4
28,30,-2
20,13,7
20,34,-14
20,33,-13
31,30,1
33,10,23
22,26,-4
13,40,-27
20,10,10
16,21,-5
27,24,3
28,38,-10
16,48,-32
23,7,16
7,13,-6
28,27,1
31,16,15
26,27,-1
13,12,1
27,34,-7
45,10,35
28,5,23
7,29,-22
15,27,-12
13,35,-22
21,30,-9
26,27,-1
25,27,-2
21,16,5
21,27,-6
28,27,1
19,21,-2
20,24,-4
20,10,10
16,14,2
16,13,3
16,25,-9
24,38,-14
34,10,24
23,23,0
3,10,-7
10,45,-35
23,7,16
16,17,-1
9,27,-18
27,31,-4
7,45,-38
10,21,-11
23,38,-15
46,23,23
24,27,-3
29,28,1
6,13,-7
13,3,10
39,7,32
21,12,9
34,24,10
13,7,6
29,16,13
17,13,4
20,3,17
17,17,0
14,20,-6
16,43,-27
7,10,-3
36,24,12
34,17,17
10,22,-12
16,33,-17
10,30,-20
10,20,-10
16,38,-22
27,17,10
10,33,-23
15,28,-13
10,19,-9
24,17,7
23,34,-11
20,27,-7
9,24,-15
10,29,-19
6,27,-21
24,35,-11
21,10,11
14,17,-3
27,35,-8
19,19,0
7,23,-16
13,36,-23
35,14,21
34,10,24
17,26,-9
6,23,-17
14,24,-10
17,20,-3
21,23,-2
3,29,-26
38,14,24
20,23,-3
21,17,4
23,38,-15
16,38,-22
14,27,-13
17,31,-14
27,33,-6
26,10,16
16,33,-17
10,23,-13
14,26,-12
21,13,8
9,16,-7
9,22,-13
14,38,-24
38,13,25
21,37,-16
19,44,-25
16,20,-4
6,16,-10
16,24,-8
6,17,-11
28,16,12
12,27,-15
13,17,-4
6,17,-11
24,23,1
6,16,-10
23,30,-7
6,13,-7
19,27,-8
26,27,-1
17,35,-18
10,17,-7
24,24,0
13,17,-4
17,10,7
13,30,-17
16,31,-15
28,20,8
10,22,-12
20,23,-3
20,31,-11
27,7,20
3,34,-31
19,10,9
19,15,4
31,34,-3
16,26,-10
20,17,3
13,27,-14
21,21,0
24,19,5
10,37,-27
13,19,-6
20,37,-17
37,12,25
24,24,0
21,27,-6
27,13,14
26,23,3
16,13,3
10,13,-3
25,29,-4
13,26,-13
27,20,7
22,34,-12
10,37,-27
21,24,-3
10,22,-12
28,16,12
7,17,-10
9,31,-22
20,31,-11
27,20,7
17,33,-16
20,10,10
23,30,-7
17,19,-2
14,20,-6
26,30,-4
31,49,-18
21,14,7
22,34,-12
23,16,7
10,32,-22
20,32,-12
13,38,-25
10,35,-25
15,14,1
10,48,-38
13,14,-1
20,13,7
27,29,-2
13,6,7
7,23,-16
16,9,7
5,21,-16
31,21,10
10,39,-29
10,27,-17
23,31,-8
20,16,4
13,24,-11
32,27,5
16,37,-21
19,31,-12
19,16,3
17,26,-9
20,13,7
20,27,-7
29,34,-5
21,31,-10
13,34,-21
22,21,1
27,24,3
17,13,4
30,21,9
16,17,-1
23,17,6
12,24,-12
13,46,-33
30,10,20
27,23,4
23,13,10
21,24,-3
6,29,-23
25,13,12
28,20,8
33,39,-6
24,31,-7
10,38,-28
17,14,3
23,31,-8
22,31,-9
13,51,-38
20,31,-11
21,31,-10
3,51,-48
22,36,-14
27,31,-4
20,13,7
17,23,-6
14,40,-26
21,9,12
25,28,-3
13,26,-13
10,7,3
6,20,-14
33,31,2
17,26,-9
13,16,-3
14,24,-10
23,19,4
10,17,-7
16,24,-8
23,33,-10
20,20,0
26,16,10
13,11,2
17,27,-10
37,7,30
16,13,3
13,29,-16
13,14,-1
6,27,-21
20,26,-6
13,25,-12
17,23,-6
28,42,-14
15,31,-16
20,19,1
7,23,-16
14,34,-20
17,21,-4
30,17,13
19,48,-29
31,16,15
17,20,-3
24,24,0
27,7,20
23,29,-6
13,22,-9
27,17,10
19,17,2
28,23,5
15,17,-2
20,16,4
27,38,-11
21,8,13
16,24,-8
6,28,-22
21,17,4
17,26,-9
19,21,-2
17,35,-18
13,20,-7
14,17,-3
17,24,-7
20,26,-6
14,10,4
13,10,3
13,13,0
20,10,10
17,37,-20
7,23,-16
27,27,0
13,13,0
20,27,-7
20,35,-15
27,9,18
27,17,10
29,24,5
17,20,-3
23,13,10
6,19,-13
33,31,2
27,21,6
19,34,-15
27,7,20
28,38,-10
16,14,2
7,17,-10
17,15,2
24,31,-7
15,27,-12
16,31,-15
13,16,-3
17,13,4
13,23,-10
3,13,-10
13,24,-11
31,17,14
26,23,3
20,16,4
16,34,-18
17,38,-21
16,20,-4
19,34,-15
16,37,-21
31,3,28
22,18,4
10,26,-16
20,31,-11
6,19,-13
16,29,-13
13,24,-11
10,27,-17
12,9,3
16,26,-10
17,3,14
16,28,-12
21,14,7
27,21,6
20,16,4
22,19,3
16,21,-5
16,21,-5
19,24,-5
21,17,4
34,17,17
40,7,33
16,17,-1
7,21,-14
30,7,23
18,23,-5
27,52,-25
20,23,-3
20,34,-14
33,21,12
16,28,-12
45,13,32
16,30,-14
19,16,3
26,19,7
37,20,17
14,31,-17
30,17,13
14,20,-6
13,33,-20
30,17,13
10,30,-20
13,28,-15
13,13,0
19,10,9
20,20,0
14,20,-6
19,26,-7
13,24,-11
10,13,-3
33,24,9
22,24,-2
22,24,-2
17,16,1
27,10,17
16,20,-4
19,21,-2
27,13,14
40,17,23
27,41,-14
24,34,-10
9,24,-15
10,6,4
27,44,-17
17,20,-3
10,16,-6
23,10,13
30,34,-4
16,24,-8
31,20,11
14,20,-6
21,13,8
20,3,17
6,38,-32
32,37,-5
31,13,18
20,14,6
24,6,18
6,30,-24
19,17,2
17,16,1
23,13,10
29,20,9
16,10,6
35,31,4
17,10,7
27,21,6
14,19,-5
0,21,-21
26,34,-8
27,26,1
6,24,-18
13,34,-21
35,35,0
27,35,-8
10,40,-30
9,19,-10
46,34,12
24,24,0
28,26,2
13,22,-9
30,30,0
26,28,-2
23,31,-8
10,38,-28
16,13,3
24,23,1
19,23,-4
14,10,4
31,34,-3
20,10,10
34,21,13
10,9,1
31,35,-4
45,13,32
17,24,-7
17,10,7
31,27,4
17,17,0
30,30,0
29,17,12
23,33,-10
13,15,-2
37,14,23
26,17,9
13,27,-14
36,35,1
18,17,1
17,33,-16
10,9,1
13,27,-14
20,7,13
20,33,-13
27,24,3
10,10,0
14,30,-16
19,16,3
24,29,-5
17,12,5
16,27,-11
20,23,-3
21,20,1
18,23,-5
27,13,14
6,17,-11
39,35,4
20,46,-26
14,38,-24
42,35,7
44,14,30
16,35,-19
20,9,11
22,26,-4
23,24,-1
17,27,-10
45,10,35
19,40,-21
7,54,-47
21,20,1
21,30,-9
16,28,-12
16,9,7
20,23,-3
44,17,27
9,24,-15
31,0,31
44,7,37
20,30,-10
13,21,-8
6,13,-7
10,23,-13
6,37,-31
19,30,-11
27,23,4
19,19,0
7,16,-9
6,23,-17
10,40,-30
10,27,-17
13,27,-14
18,13,5
17,23,-6
13,20,-7
29,10,19
26,17,9
14,20,-6
26,19,7
16,27,-11
21,10,11
6,16,-10
22,17,5
30,41,-11
23,20,3
35,27,8
24,10,14
24,20,4
5,30,-25
26,20,6
21,20,1
19,17,2
20,20,0
40,28,12
38,38,0
19,10,9
3,32,-29
13,23,-10
13,27,-14
21,20,1
23,41,-18
27,20,7
20,26,-6
43,17,26
26,13,13
19,24,-5
11,7,4
10,47,-37
17,23,-6
21,38,-17
20,20,0
29,38,-9
10,33,-23
20,14,6
34,13,21
16,13,3
14,33,-19
6,6,0
24,16,8
37,20,17
19,29,-10
45,30,15
14,24,-10
39,18,21
27,13,14
32,28,4
17,20,-3
6,10,-4
15,20,-5
23,22,1
25,23,2
10,27,-17
20,31,-11
10,20,-10
9,6,3
26,35,-9
25,17,8
21,24,-3
7,19,-12
31,16,15
10,19,-9
37,21,16
18,30,-12
20,9,11
34,31,3
26,31,-5
32,21,11
23,7,16
20,17,3
34,23,11
26,17,9
14,23,-9
9,22,-13
16,24,-8
17,52,-35
12,20,-8
24,27,-3
13,23,-10
19,24,-5
24,6,18
24,38,-14
17,15,2
13,24,-11
24,27,-3
21,6,15
31,17,14
27,26,1
9,21,-12
20,17,3
13,31,-18
26,27,-1
12,17,-5
16,10,6
17,31,-14
41,17,24
19,27,-8
7,16,-9
21,37,-16
26,13,13
25,21,4
23,10,13
13,29,-16
17,7,10
10,41,-31
17,22,-5
13,24,-11
14,36,-22
13,16,-3
16,37,-21
23,31,-8
3,13,-10
27,33,-6
24,36,-12
21,13,8
21,20,1
13,24,-11
21,16,5
20,23,-3
27,15,12
27,17,10
23,26,-3
21,18,3
13,20,-7
19,30,-11
16,27,-11
14,35,-21
13,17,-4
13,34,-21
24,44,-20
17,36,-19
29,30,-1
13,34,-21
13,23,-10
20,36,-16
7,34,-27
23,31,-8
10,24,-14
20,28,-8
16,27,-11
13,26,-13
12,43,-31
17,38,-21
14,19,-5
16,31,-15
18,13,5
15,24,-9
14,22,-8
21,17,4
16,31,-15
20,26,-6
25,7,18
20,19,1
30,23,7
24,31,-7
10,10,0
21,10,11
26,17,9
24,27,-3
27,19,8
29,10,19
16,10,6
10,16,-6
23,37,-14
16,17,-1
9,13,-4
24,7,17
9,19,-10
13,30,-17
17,37,-20
13,34,-21
22,20,2
21,23,-2
16,17,-1
30,27,3
16,33,-17
21,51,-30
28,6,22
19,10,9
7,41,-34
23,23,0
23,28,-5
13,32,-19
44,28,16
3,27,-24
14,20,-6
23,20,3
16,22,-6
10,28,-18
43,14,29
19,31,-12
34,35,-1
16,13,3
24,26,-2
6,41,-35
7,42,-35
17,26,-9
26,49,-23
37,17,20
16,37,-21
22,27,-5
33,24,9
24,17,7
20,33,-13
16,20,-4
28,27,1
16,21,-5
33,16,17
9,27,-18
26,12,14
10,21,-11
26,10,16
6,17,-11
33,17,16
21,30,-9
16,19,-3
20,10,10
27,20,7
27,17,10
0,19,-19
16,38,-22
31,26,5
10,26,-16
16,27,-11
10,26,-16
27,24,3
23,21,2
29,6,23
17,30,-13
20,27,-7
30,41,-11
14,16,-2
19,24,-5
18,19,-1
19,24,-5
44,24,20
38,41,-3
23,17,6
24,17,7
26,13,13
36,24,12
0,29,-29
19,24,-5
17,23,-6
12,10,2
22,34,-12
14,29,-15
27,13,14
31,28,3
20,45,-25
7,34,-27
13,15,-2
19,10,9
37,6,31
41,6,35
13,20,-7
13,24,-11
27,30,-3
21,21,0
16,20,-4
31,21,10
16,33,-17
16,23,-7
30,31,-1
22,13,9
26,17,9
20,35,-15
37,31,6
6,41,-35
29,43,-14
17,41,-24
13,38,-25
30,24,6
32,23,9
26,38,-12
16,44,-28
37,13,24
20,23,-3
30,24,6
10,26,-16
28,34,-6
15,10,5
22,10,12
6,23,-17
23,31,-8
17,32,-15
17,34,-17
34,18,16
23,37,-14
9,13,-4
29,0,29
24,34,-10
20,10,10
15,17,-2
18,23,-5
20,14,6
22,10,12
17,41,-24
16,14,2
27,21,6
30,34,-4
9,30,-21
21,23,-2
7,24,-17
33,27,6
30,17,13
10,31,-21
33,30,3
41,23,18
16,34,-18
12,25,-13
12,49,-37
16,13,3
43,27,16
26,21,5
13,14,-1
18,20,-2
16,34,-18
7,17,-10
20,17,3
20,21,-1
9,27,-18
27,26,1
38,16,22
37,7,30
19,17,2
35,20,15
30,40,-10
27,26,1
13,20,-7
26,20,6
23,25,-2
0,23,-23
2,30,-28
22,13,9
15,27,-12
31,21,10
5,29,-24
25,14,11
37,12,25
22,35,-13
33,10,23
16,22,-6
38,7,31
26,24,2
24,10,14
19,24,-5
6,29,-23
17,16,1
15,27,-12
36,21,15
17,48,-31
20,17,3
27,27,0
27,10,17
26,27,-1
19,17,2
13,26,-13
14,23,-9
34,31,3
10,26,-16
38,5,33
24,24,0
35,21,14
26,27,-1
6,16,-10
30,17,13
10,14,-4
22,14,8
20,20,0
9,10,-1
19,37,-18
24,15,9
40,37,3
27,10,17
23,34,-11
26,27,-1
13,16,-3
18,18,0
20,28,-8
27,20,7
13,10,3
34,33,1
16,20,-4
20,38,-18
22,23,-1
17,28,-11
38,3,35
20,24,-4
23,21,2
24,26,-2
27,24,3
13,18,-5
16,24,-8
25,30,-5
6,16,-10
33,19,14
19,10,9
3,19,-16
23,14,9
13,31,-18
7,14,-7
14,9,5
20,27,-7
13,27,-14
20,24,-4
31,14,17
24,31,-7
3,36,-33
33,20,13
23,6,17
20,37,-17
29,10,19
33,27,6
26,20,6
20,26,-6
27,34,-7
30,9,21
23,25,-2
19,12,7
23,17,6
13,31,-18
16,20,-4
9,27,-18
22,30,-8
25,22,3
16,34,-18
10,37,-27
26,19,7
27,25,2
19,27,-8
13,30,-17
26,31,-5
20,27,-7
21,10,11
16,27,-11
10,25,-15
16,20,-4
30,31,-1
35,25,10
14,13,1
13,6,7
14,37,-23
16,29,-13
17,31,-14
21,30,-9
23,6,17
19,24,-5
23,14,9
24,13,11
17,40,-23
28,17,11
30,17,13
20,24,-4
18,23,-5
42,17,25
24,27,-3
26,17,9
14,35,-21
6,13,-7
9,13,-4
27,19,8
16,37,-21
17,6,11
24,8,16
20,27,-7
6,39,-33
3,27,-24
36,10,26
41,19,22
28,39,-11
13,7,6
21,40,-19
19,30,-11
23,20,3
10,40,-30
20,14,6
31,26,5
26,13,13
13,19,-6
32,20,12
40,14,26
29,24,5
19,27,-8
29,23,6
26,41,-15
34,10,24
16,17,-1
3,29,-26
27,16,11
44,21,23
19,28,-9
41,24,17
16,34,-18
24,17,7
31,16,15
16,48,-32
30,6,24
32,20,12
19,14,5
33,35,-2
14,37,-23
19,31,-12
16,10,6
10,28,-18
18,7,11
39,30,9
17,20,-3
34,30,4
17,13,4
33,54,-21
3,12,-9
12,34,-22
30,13,17
14,14,0
19,23,-4
29,20,9
17,22,-5
26,14,12
14,28,-14
26,42,-16
20,6,14
20,6,14
24,20,4
23,20,3
19,17,2
13,32,-19
15,37,-22
29,19,10
23,14,9
26,24,2
32,23,9
10,3,7
33,24,9
19,16,3
3,32,-29
16,16,0
20,22,-2
23,34,-11
17,21,-4
35,33,2
24,26,-2
24,30,-6
13,19,-6
17,6,11
30,17,13
29,20,9
24,19,5
24,33,-9
13,20,-7
31,21,10
23,33,-10
31,24,7
12,23,-11
43,15,28
14,27,-13
47,24,23
17,42,-25
28,27,1
27,23,4
23,21,2
23,25,-2
51,17,34
33,17,16
17,41,-24
31,46,-15
17,33,-16
31,14,17
16,22,-6
28,34,-6
31,9,22
26,17,9
20,30,-10
49,28,21
27,16,11
23,16,7
21,9,12
17,16,1
16,9,7
17,21,-4
10,17,-7
33,7,26
20,9,11
23,19,4
13,16,-3
24,28,-4
17,23,-6
28,13,15
19,19,0
20,27,-7
20,10,10
13,34,-21
27,38,-11
14,26,-12
0,16,-16
23,29,-6
38,17,21
26,17,9
19,16,3
23,13,10
34,23,11
13,27,-14
33,24,9
27,23,4
22,13,9
10,39,-29
12,33,-21
20,10,10
14,12,2
27,28,-1
38,12,26
13,17,-4
22,18,4
10,23,-13
12,22,-10
30,14,16
37,41,-4
10,20,-10
17,7,10
31,23,8
31,10,21
20,19,1
10,32,-22
12,6,6
13,17,-4
30,32,-2
7,31,-24
14,69,-55
19,30,-11
27,10,17
38,42,-4
6,23,-17
24,27,-3
29,30,-1
30,17,13
14,30,-16
17,30,-13
37,24,13
22,26,-4
25,24,1
17,24,-7
10,16,-6
17,41,-24
13,19,-6
27,31,-4
22,17,5
9,16,-7
26,38,-12
24,23,1
24,31,-7
24,17,7
26,23,3
21,6,15
23,28,-5
18,23,-5
51,14,37
20,33,-13
24,0,24
16,45,-29
20,40,-20
17,49,-32
32,24,8
33,20,13
13,26,-13
13,2,11
24,25,-1
31,35,-4
20,27,-7
30,20,10
14,34,-20
14,23,-9
22,17,5
30,24,6
8,29,-21
30,30,0
30,28,2
33,16,17
27,38,-11
10,32,-22
21,10,11
14,47,-33
16,36,-20
13,34,-21
19,21,-2
30,26,4
23,23,0
31,6,25
9,24,-15
20,23,-3
24,21,3
0,19,-19
17,37,-20
13,16,-3
26,10,16
17,16,1
20,32,-12
25,22,3
19,24,-5
20,30,-10
23,13,10
24,34,-10
13,30,-17
10,28,-18
23,13,10
16,30,-14
37,10,27
6,13,-7
7,36,-29
19,30,-11
29,34,-5
23,34,-11
38,24,14
15,27,-12
29,14,15
7,30,-23
16,41,-25
19,44,-25
10,34,-24
23,38,-15
13,41,-28
24,24,0
19,23,-4
14,41,-27
27,6,21
17,14,3
26,14,12
40,34,6
23,14,9
24,16,8
22,13,9
17,16,1
13,24,-11
31,7,24
24,3,21
22,25,-3
27,24,3
16,20,-4
23,27,-4
26,37,-11
52,17,35
29,17,12
13,9,4
30,33,-3
16,22,-6
17,21,-4
23,31,-8
25,23,2
22,17,5
16,41,-25
32,19,13
22,24,-2
26,9,17
9,7,2
25,7,18
13,17,-4
32,14,18
23,22,1
26,21,5
33,6,27
27,20,7
20,9,11
14,48,-34
13,20,-7
26,14,12
17,37,-20
27,21,6
23,37,-14
27,20,7
17,27,-10
30,14,16
10,20,-10
15,13,2
16,28,-12
15,34,-19
6,24,-18
18,30,-12
20,23,-3
13,34,-21
6,23,-17
9,35,-26
20,13,7
29,14,15
23,9,14
20,41,-21
38,20,18
30,6,24
19,27,-8
24,34,-10
30,6,24
16,20,-4
15,26,-11
20,17,3
26,37,-11
19,33,-14
18,31,-13
23,33,-10
16,28,-12
29,20,9
17,25,-8
7,21,-14
6,27,-21
9,28,-19
7,10,-3
43,14,29
12,23,-11
14,43,-29
16,38,-22
20,6,14
23,20,3
20,13,7
6,27,-21
10,7,3
10,28,-18
26,34,-8
5,28,-23
33,33,0
12,31,-19
30,28,2
18,29,-11
17,24,-7
39,14,25
23,23,0
42,17,25
16,27,-11
17,13,4
16,6,10
3,31,-28
37,34,3
25,27,-2
24,14,10
20,29,-9
10,13,-3
15,14,1
36,24,12
26,23,3
9,34,-25
35,17,18
21,20,1
23,21,2
15,37,-22
27,17,10
27,16,11
26,14,12
40,27,13
17,37,-20
33,21,12
26,24,2
26,20,6
19,13,6
24,10,14
35,14,21
26,27,-1
23,24,-1
18,13,5
21,21,0
31,17,14
29,17,12
23,27,-4
12,6,6
31,12,19
23,10,13
30,24,6
36,28,8
27,51,-24
24,24,0
19,7,12
17,31,-14
24,21,3
16,27,-11
33,16,17
20,17,3
19,10,9
30,10,20
23,45,-22
10,33,-23
31,24,7
17,31,-14
14,12,2
17,20,-3
31,32,-1
15,13,2
27,38,-11
32,10,22
25,13,12
20,13,7
9,24,-15
22,20,2
28,16,12
20,20,0
23,12,11
20,38,-18
0,19,-19
28,27,1
27,16,11
46,17,29
30,24,6
24,24,0
20,17,3
22,17,5
37,13,24
16,16,0
21,21,0
24,20,4
16,26,-10
17,13,4
7,37,-30
13,17,-4
26,21,5
16,27,-11
10,36,-26
12,9,3
16,10,6
37,20,17
24,24,0
29,17,12
13,31,-18
13,25,-12
16,20,-4
20,34,-14
17,16,1
14,40,-26
5,27,-22
16,10,6
19,12,7
27,19,8
13,31,-18
13,9,4
19,31,-12
29,17,12
20,12,8
20,24,-4
28,16,12
44,25,19
37,31,6
29,7,22
29,21,8
18,13,5
12,23,-11
37,31,6
16,12,4
16,13,3
12,24,-12
13,24,-11
19,31,-12
12,36,-24
30,26,4
27,24,3
17,23,-6
21,37,-16
30,29,1
14,20,-6
24,20,4
36,28,8
15,18,-3
28,20,8
17,16,1
21,28,-7
27,16,11
9,27,-18
30,19,11
17,16,1
42,27,15
12,31,-19
39,21,18
16,37,-21
20,24,-4
26,22,4
34,21,13
22,17,5
33,7,26
30,14,16
30,18,12
9,29,-20
19,6,13
20,0,20
24,9,15
36,35,1
37,6,31
36,10,26
33,10,23
29,3,26
23,26,-3
20,24,-4
44,22,22
23,27,-4
23,26,-3
21,13,8
12,17,-5
37,28,9
12,14,-2
13,17,-4
44,23,21
13,34,-21
28,35,-7
3,20,-17
27,23,4
24,24,0
15,24,-9
20,23,-3
21,23,-2
31,26,5
34,17,17
19,16,3
15,24,-9
27,17,10
23,7,16
17,26,-9
30,45,-15
16,27,-11
14,24,-10
24,27,-3
7,13,-6
19,27,-8
40,17,23
37,30,7
19,26,-7
6,24,-18
17,20,-3
35,17,18
16,15,1
49,14,35
24,24,0
31,35,-4
27,24,3
19,19,0
24,26,-2
13,12,1
21,16,5
10,14,-4
41,13,28
9,23,-14
26,17,9
10,17,-7
28,17,11
36,14,22
17,13,4
23,13,10
33,27,6
22,23,-1
6,28,-22
22,23,-1
16,19,-3
23,27,-4
19,10,9
33,10,23
36,17,19
35,27,8
23,30,-7
28,36,-8
26,17,9
23,26,-3
23,16,7
17,19,-2
10,26,-16
20,27,-7
36,23,13
6,20,-14
13,20,-7
26,24,2
13,20,-7
20,37,-17
16,10,6
35,13,22
23,14,9
34,17,17
6,9,-3
29,30,-1
23,20,3
26,3,23
16,3,13
30,36,-6
10,32,-22
43,10,33
27,12,15
6,29,-23
26,8,18
36,21,15
40,3,37
31,20,11
30,20,10
33,16,17
12,13,-1
34,12,22
19,23,-4
27,5,22
30,7,23
16,30,-14
23,28,-5
25,22,3
10,29,-19
25,9,16
27,17,10
22,23,-1
16,20,-4
22,20,2
9,17,-8
14,38,-24
6,33,-27
17,17,0
20,29,-9
12,45,-33
23,40,-17
20,9,11
19,19,0
3,9,-6
16,23,-7
40,26,14
14,28,-14
23,42,-19
26,24,2
13,21,-8
23,16,7
21,13,8
24,13,11
15,16,-1
17,33,-16
19,31,-12
13,13,0
19,21,-2
12,41,-29
13,13,0
17,30,-13
20,23,-3
27,37,-10
15,19,-4
19,20,-1
30,27,3
16,28,-12
31,10,21
10,34,-24
25,9,16
41,7,34
24,35,-11
19,9,10
20,22,-2
31,7,24
31,22,9
25,23,2
17,28,-11
10,30,-20
23,20,3
16,34,-18
20,24,-4
13,31,-18
18,17,1
20,20,0
19,28,-9
28,31,-3
16,20,-4
16,17,-1
38,13,25
24,21,3
10,19,-9
15,27,-12
13,30,-17
25,24,1
44,17,27
17,38,-21
36,14,22
26,17,9
6,20,-14
13,7,6
38,30,8
34,21,13
6,19,-13
18,10,8
26,26,0
17,26,-9
16,16,0
16,7,9
10,23,-13
19,44,-25
23,7,16
33,10,23
34,7,27
19,20,-1
7,17,-10
20,26,-6
29,10,19
20,6,14
25,34,-9
12,20,-8
17,17,0
16,34,-18
17,15,2
17,14,3
23,14,9
33,27,6
13,43,-30
20,20,0
19,16,3
25,18,7
25,24,1
26,27,-1
30,46,-16
20,20,0
23,29,-6
20,13,7
49,31,18
23,20,3
36,10,26
23,23,0
21,14,7
29,31,-2
29,10,19
31,31,0
29,23,6
23,33,-10
12,23,-11
24,23,1
9,20,-11
21,24,-3
18,14,4
22,41,-19
14,38,-24
18,14,4
17,24,-7
19,9,10
17,31,-14
37,24,13
20,34,-14
13,19,-6
3,30,-27
23,34,-11
33,17,16
16,44,-28
16,26,-10
13,17,-4
7,23,-16
29,17,12
7,20,-13
40,24,16
25,24,1
33,20,13
21,26,-5
33,24,9
17,26,-9
18,22,-4
31,9,22
33,28,5
24,16,8
20,17,3
31,20,11
44,14,30
45,24,21
34,21,13
19,14,5
17,26,-9
19,10,9
20,16,4
44,14,30
13,31,-18
37,14,23
31,36,-5
30,21,9
32,17,15
6,0,6
26,27,-1
26,24,2
9,24,-15
26,23,3
33,17,16
34,24,10
16,28,-12
6,20,-14
20,35,-15
16,36,-20
12,27,-15
16,20,-4
24,16,8
34,14,20
23,20,3
14,42,-28
24,26,-2
19,27,-8
28,27,1
9,26,-17
10,24,-14
26,30,-4
23,13,10
36,7,29
7,30,-23
31,17,14
26,19,7
6,27,-21
26,7,19
10,29,-19
17,16,1
23,34,-11
16,13,3
16,31,-15
14,31,-17
13,30,-17
20,35,-15
26,10,16
27,27,0
20,12,8
20,24,-4
27,13,14
20,17,3
26,17,9
16,18,-2
27,10,17
17,20,-3
23,16,7
20,20,0
29,20,9
30,31,-1
17,45,-28
3,30,-27
16,7,9
16,35,-19
17,10,7
23,9,14
26,30,-4
24,27,-3
30,26,4
23,10,13
13,14,-1
17,17,0
23,17,6
26,35,-9
29,12,17
26,27,-1
24,10,14
23,28,-5
16,20,-4
39,17,22
13,45,-32
32,10,22
24,29,-5
17,34,-17
10,34,-24
23,31,-8
13,40,-27
25,17,8
16,48,-32
44,27,17
34,9,25
3,40,-37
29,31,-2
12,27,-15
23,17,6
13,13,0
24,35,-11
23,41,-18
13,17,-4
17,6,11
16,14,2
34,28,6
13,16,-3
36,14,22
16,31,-15
20,34,-14
13,3,10
14,7,7
13,10,3
10,47,-37
9,22,-13
28,30,-2
10,13,-3
23,5,18
24,27,-3
3,27,-24
23,9,14
27,20,7
30,13,17
23,37,-14
40,34,6
15,20,-5
30,20,10
21,27,-6
24,31,-7
16,22,-6
16,30,-14
9,20,-11
6,25,-19
38,24,14
40,23,17
25,21,4
40,28,12
10,10,0
20,20,0
20,30,-10
13,17,-4
26,17,9
20,24,-4
26,27,-1
16,33,-17
28,13,15
26,43,-17
25,6,19
27,31,-4
30,10,20
25,17,8
19,10,9
26,35,-9
35,29,6
19,35,-16
41,10,31
19,39,-20
27,24,3
20,20,0
17,26,-9
38,24,14
23,42,-19
19,20,-1
44,13,31
21,7,14
17,37,-20
13,17,-4
19,6,13
23,24,-1
29,23,6
23,20,3
30,28,2
33,31,2
33,28,5
23,14,9
21,34,-13
25,24,1
23,13,10
23,24,-1
13,27,-14
18,20,-2
23,14,9
23,9,14
20,28,-8
13,37,-24
6,42,-36
26,24,2
12,37,-25
13,6,7
16,16,0
16,19,-3
19,10,9
33,33,0
18,17,1
17,8,9
17,34,-17
20,41,-21
23,20,3
22,21,1
29,28,1
33,10,23
33,14,19
20,30,-10
19,31,-12
13,33,-20
16,9,7
31,37,-6
44,17,27
20,24,-4
16,20,-4
30,37,-7
31,21,10
24,37,-13
14,22,-8
9,31,-22
19,20,-1
23,17,6
16,17,-1
10,37,-27
21,10,11
26,17,9
19,41,-22
6,29,-23
37,34,3
22,10,12
37,17,20
29,22,7
24,26,-2
30,13,17
49,7,42
27,17,10
33,24,9
23,21,2
17,27,-10
31,7,24
16,24,-8
16,13,3
24,40,-16
20,20,0
14,18,-4
25,21,4
43,26,17
31,20,11
13,20,-7
27,19,8
13,27,-14
10,20,-10
23,30,-7
20,30,-10
22,28,-6
13,24,-11
6,24,-18
28,17,11
13,17,-4
23,10,13
16,10,6
16,31,-15
17,16,1
17,16,1
31,42,-11
27,27,0
10,21,-11
20,44,-24
20,54,-34
3,39,-36
20,31,-11
16,17,-1
17,35,-18
19,14,5
23,24,-1
24,26,-2
36,24,12
31,28,3
18,27,-9
7,30,-23
14,31,-17
10,21,-11
35,20,15
29,26,3
23,20,3
37,16,21
20,14,6
29,3,26
40,26,14
24,17,7
38,23,15
3,36,-33
46,12,34
19,38,-19
9,38,-29
13,27,-14
17,37,-20
39,17,22
27,10,17
30,21,9
35,10,25
17,26,-9
30,24,6
23,0,23
23,30,-7
21,31,-10
13,24,-11
30,12,18
12,24,-12
7,15,-8
25,9,16
29,10,19
23,20,3
32,10,22
2,20,-18
15,30,-15
25,7,18
41,28,13
27,24,3
26,10,16
17,17,0
12,7,5
27,45,-18
31,24,7
24,17,7
38,48,-10
27,20,7
31,17,14
34,20,14
41,3,38
27,32,-5
27,23,4
27,19,8
25,20,5
23,29,-6
16,14,2
22,37,-15
6,27,-21
3,35,-32
7,29,-22
16,10,6
13,30,-17
17,30,-13
29,21,8
6,36,-30
30,33,-3
27,27,0
17,10,7
8,14,-6
19,23,-4
30,19,11
21,28,-7
22,27,-5
29,48,-19
25,27,-2
29,19,10
13,21,-8
25,27,-2
9,10,-1
38,17,21
37,14,23
31,14,17
17,20,-3
45,10,35
47,24,23
21,10,11
21,47,-26
26,30,-4
49,34,15
16,22,-6
29,26,3
26,13,13
27,21,6
27,27,0
3,20,-17
23,17,6
13,35,-22
16,20,-4
23,34,-11
34,14,20
23,24,-1
33,37,-4
26,22,4
26,22,4
19,14,5
27,37,-10
24,23,1
25,21,4
13,10,3
19,20,-1
23,27,-4
10,13,-3
41,17,24
14,21,-7
3,40,-37
37,7,30
34,21,13
29,22,7
30,22,8
22,15,7
13,20,-7
21,30,-9
13,27,-14
14,19,-5
17,30,-13
3,23,-20
12,34,-22
17,21,-4
23,23,0
9,20,-11
14,9,5
10,42,-32
29,22,7
13,30,-17
21,41,-20
10,17,-7
24,7,17
31,20,11
26,20,6
27,20,7
13,28,-15
20,0,20
23,34,-11
25,24,1
7,36,-29
23,34,-11
19,30,-11
29,37,-8
20,3,17
26,16,10
24,7,17
17,32,-15
16,34,-18
13,30,-17
17,20,-3
14,33,-19
30,13,17
23,17,6
26,24,2
13,26,-13
30,23,7
16,27,-11
24,44,-20
20,23,-3
30,27,3
19,26,-7
31,10,21
10,20,-10
13,20,-7
33,10,23
17,22,-5
13,13,0
28,40,-12
34,41,-7
14,33,-19
52,38,14
29,21,8
25,14,11
30,13,17
23,17,6
24,21,3
27,30,-3
16,21,-5
26,20,6
15,30,-15
20,12,8
19,17,2
9,20,-11
33,7,26
20,31,-11
35,24,11
16,24,-8
30,29,1
10,45,-35
27,23,4
20,35,-15
23,19,4
45,31,14
7,21,-14
19,20,-1
30,23,7
28,20,8
13,23,-10
19,22,-3
38,27,11
25,13,12
19,9,10
20,24,-4
13,16,-3
30,24,6
17,19,-2
36,24,12
10,27,-17
22,19,3
20,30,-10
16,27,-11
23,24,-1
19,31,-12
17,29,-12
10,30,-20
24,45,-21
13,16,-3
18,20,-2
39,40,-1
18,21,-3
7,37,-30
19,15,4
15,16,-1
31,34,-3
17,24,-7
19,16,3
33,24,9
33,20,13
23,23,0
10,13,-3
37,30,7
31,20,11
27,24,3
46,14,32
24,10,14
27,10,17
9,20,-11
12,6,6
15,24,-9
22,19,3
23,10,13
28,22,6
12,17,-5
16,42,-26
13,20,-7
33,20,13
22,14,8
16,34,-18
26,30,-4
30,3,27
23,22,1
26,23,3
26,26,0
26,17,9
13,37,-24
9,30,-21
23,43,-20
33,17,16
23,19,4
6,24,-18
19,10,9
16,35,-19
6,40,-34
9,27,-18
38,29,9
16,20,-4
29,13,16
10,33,-23
16,22,-6
7,17,-10
31,20,11
20,26,-6
23,35,-12
43,13,30
36,28,8
30,16,14
9,23,-14
24,14,10
16,34,-18
26,9,17
3,7,-4
16,10,6
13,20,-7
9,30,-21
20,23,-3
22,27,-5
11,27,-16
26,19,7
10,23,-13
19,10,9
26,23,3
6,19,-13
23,17,6
17,16,1
19,13,6
26,16,10
10,36,-26
16,13,3
26,17,9
41,16,25
13,16,-3
16,20,-4
14,30,-16
34,20,14
23,24,-1
25,0,25
24,24,0
20,30,-10
34,28,6
39,10,29
28,10,18
29,21,8
23,27,-4
31,23,8
30,16,14
13,26,-13
19,24,-5
17,28,-11
44,27,17
24,20,4
20,44,-24
19,20,-1
16,33,-17
15,3,12
36,17,19
13,35,-22
20,20,0
27,27,0
16,20,-4
37,14,23
30,3,27
15,19,-4
14,29,-15
13,45,-32
23,37,-14
20,20,0
24,37,-13
26,10,16
17,22,-5
20,17,3
10,7,3
29,7,22
32,14,18
22,20,2
33,24,9
28,23,5
25,35,-10
24,32,-8
19,21,-2
22,26,-4
20,13,7
10,21,-11
27,23,4
33,17,16
14,38,-24
25,7,18
23,31,-8
18,17,1
28,31,-3
26,20,6
23,27,-4
16,27,-11
22,14,8
21,23,-2
22,14,8
27,6,21
26,22,4
37,12,25
10,28,-18
20,26,-6
23,17,6
22,21,1
30,34,-4
6,23,-17
36,35,1
13,30,-17
28,33,-5
12,21,-9
14,38,-24
3,31,-28
18,31,-13
26,26,0
41,27,14
37,24,13
36,24,12
30,33,-3
21,27,-6
39,16,23
14,20,-6
27,10,17
23,27,-4
28,26,2
29,17,12
20,10,10
3,23,-20
24,16,8
7,27,-20
10,22,-12
30,23,7
30,20,10
32,34,-2
30,16,14
24,23,1
17,17,0
37,27,10
12,31,-19
29,16,13
16,31,-15
27,20,7
13,42,-29
39,10,29
26,20,6
19,17,2
23,7,16
23,35,-12
19,24,-5
23,23,0
23,24,-1
23,14,9
30,41,-11
28,23,5
14,23,-9
24,30,-6
30,20,10
37,23,14
6,33,-27
19,28,-9
40,17,23
6,13,-7
29,23,6
13,20,-7
10,19,-9
17,44,-27
13,20,-7
37,24,13
32,17,15
29,20,9
20,7,13
26,28,-2
20,28,-8
21,13,8
29,31,-2
16,23,-7
23,21,2
39,21,18
14,10,4
20,30,-10
12,23,-11
6,35,-29
13,26,-13
9,25,-16
24,14,10
30,34,-4
23,19,4
32,8,24
20,12,8
15,10,5
25,20,5
27,36,-9
20,23,-3
13,22,-9
14,17,-3
22,20,2
13,21,-8
30,40,-10
29,28,1
30,27,3
13,13,0
17,17,0
23,33,-10
9,25,-16
22,37,-15
27,40,-13
13,24,-11
17,27,-10
23,16,7
12,15,-3
20,29,-9
10,23,-13
24,31,-7
40,13,27
32,28,4
10,30,-20
7,12,-5
10,33,-23
15,26,-11
28,27,1
21,13,8
30,10,20
21,37,-16
36,13,23
35,27,8
21,24,-3
26,27,-1
23,30,-7
14,10,4
20,31,-11
14,17,-3
20,17,3
13,51,-38
17,33,-16
33,17,16
12,14,-2
33,31,2
29,34,-5
29,28,1
30,16,14
23,20,3
17,28,-11
19,23,-4
17,16,1
23,17,6
29,26,3
16,21,-5
19,30,-11
26,20,6
37,27,10
34,17,17
26,3,23
32,12,20
33,30,3
26,13,13
32,16,16
3,23,-20
19,10,9
27,7,20
16,14,2
23,14,9
30,34,-4
30,21,9
26,20,6
23,28,-5
38,27,11
24,23,1
23,24,-1
10,19,-9
21,13,8
10,30,-20
9,37,-28
20,16,4
14,17,-3
33,21,12
23,24,-1
20,27,-7
30,17,13
20,17,3
29,13,16
23,34,-11
50,31,19
12,7,5
12,38,-26
30,13,17
36,21,15
28,32,-4
17,34,-17
19,13,6
17,23,-6
20,24,-4
10,42,-32
17,17,0
10,27,-17
21,20,1
23,14,9
25,27,-2
10,23,-13
23,19,4
24,29,-5
16,30,-14
10,19,-9
16,20,-4
26,21,5
12,24,-12
9,17,-8
37,23,14
41,19,22
33,33,0
10,30,-20
27,16,11
27,30,-3
39,20,19
36,34,2
13,26,-13
40,13,27
15,13,2
10,26,-16
26,21,5
19,13,6
23,24,-1
6,13,-7
19,14,5
19,28,-9
24,19,5
6,36,-30
23,31,-8
29,21,8
24,19,5
19,27,-8
9,50,-41
26,9,17
37,20,17
26,14,12
17,27,-10
20,24,-4
16,20,-4
12,26,-14
36,27,9
16,19,-3
23,34,-11
20,14,6
25,20,5
29,14,15
27,17,10
22,20,2
15,25,-10
23,14,9
19,9,10
30,17,13
28,7,21
33,17,16
16,16,0
32,13,19
13,24,-11
30,44,-14
17,33,-16
26,21,5
27,10,17
23,23,0
12,24,-12
27,16,11
37,29,8
6,40,-34
19,23,-4
22,24,-2
13,17,-4
10,7,3
19,17,2
31,24,7
27,7,20
32,30,2
6,9,-3
28,13,15
9,23,-14
20,20,0
20,20,0
23,26,-3
32,10,22
34,13,21
32,28,4
19,20,-1
46,24,22
10,24,-14
30,14,16
10,30,-20
17,28,-11
23,30,-7
14,20,-6
21,26,-5
23,20,3
3,16,-13
24,28,-4
26,28,-2
24,17,7
16,34,-18
13,19,-6
31,16,15
33,24,9
23,14,9
55,23,32
49,33,16
36,17,19
20,17,3
32,20,12
17,26,-9
29,17,12
17,30,-13
34,13,21
20,37,-17
22,25,-3
30,32,-2
28,34,-6
17,37,-20
30,13,17
38,23,15
24,30,-6
19,26,-7
30,24,6
19,24,-5
16,9,7
20,33,-13
23,17,6
19,38,-19
13,27,-14
14,27,-13
15,20,-5
20,13,7
20,27,-7
36,7,29
17,29,-12
13,19,-6
40,6,34
16,13,3
23,24,-1
20,37,-17
19,9,10
17,31,-14
21,41,-20
28,23,5
26,22,4
18,27,-9
20,28,-8
10,22,-12
25,27,-2
19,3,16
13,30,-17
17,23,-6
23,30,-7
33,10,23
22,14,8
43,26,17
27,35,-8
17,18,-1
44,20,24
31,29,2
47,14,33
7,44,-37
22,27,-5
28,31,-3
24,23,1
45,27,18
10,25,-15
18,23,-5
9,28,-19
16,17,-1
33,35,-2
9,34,-25
34,17,17
20,27,-7
23,20,3
13,37,-24
35,10,25
27,38,-11
6,33,-27
37,20,17
20,10,10
30,9,21
27,31,-4
39,7,32
33,24,9
24,20,4
12,17,-5
9,42,-33
27,27,0
19,33,-14
23,27,-4
36,40,-4
27,24,3
6,29,-23
33,24,9
10,27,-17
23,13,10
24,17,7
15,21,-6
10,13,-3
32,31,1
24,30,-6
13,27,-14
27,34,-7
9,20,-11
8,21,-13
10,26,-16
17,12,5
13,28,-15
37,23,14
26,24,2
18,27,-9
19,22,-3
26,7,19
31,13,18
16,31,-15
15,30,-15
23,27,-4
26,31,-5
35,16,19
27,20,7
23,10,13
30,17,13
30,31,-1
26,0,26
28,34,-6
9,6,3
16,37,-21
30,35,-5
26,17,9
6,26,-20
16,24,-8
25,17,8
19,26,-7
24,13,11
24,30,-6
34,23,11
27,31,-4
20,26,-6
18,17,1
23,20,3
40,20,20
47,28,19
31,17,14
25,10,15
17,23,-6
23,31,-8
16,13,3
16,16,0
31,42,-11
16,18,-2
17,31,-14
30,9,21
12,17,-5
24,40,-16
33,16,17
6,29,-23
23,29,-6
17,25,-8
20,33,-13
50,17,33
19,27,-8
20,23,-3
23,20,3
21,18,3
35,33,2
21,37,-16
41,13,28
36,17,19
22,24,-2
27,8,19
18,13,5
23,37,-14
20,6,14
26,24,2
20,16,4
31,23,8
31,23,8
7,24,-17
28,30,-2
22,17,5
18,40,-22
9,20,-11
10,27,-17
23,20,3
9,41,-32
13,33,-20
17,16,1
24,24,0
23,40,-17
28,31,-3
31,35,-4
17,29,-12
6,35,-29
36,24,12
40,9,31
21,24,-3
13,40,-27
34,16,18
17,34,-17
34,31,3
22,30,-8
27,13,14
26,13,13
30,27,3
29,24,5
30,15,15
27,14,13
20,24,-4
15,17,-2
17,23,-6
20,30,-10
30,33,-3
29,17,12
17,27,-10
16,23,-7
16,7,9
18,24,-6
29,31,-2
7,24,-17
27,34,-7
13,17,-4
13,27,-14
12,27,-15
23,27,-4
40,31,9
26,10,16
16,13,3
13,38,-25
14,34,-20
19,29,-10
33,17,16
24,19,5
17,14,3
20,16,4
33,13,20
13,34,-21
30,14,16
14,27,-13
13,13,0
13,49,-36
37,40,-3
27,24,3
16,21,-5
6,43,-37
25,44,-19
16,20,-4
27,24,3
38,7,31
6,32,-26
21,19,2
24,13,11
16,16,0
20,37,-17
28,21,7
16,27,-11
17,41,-24
26,10,16
8,21,-13
29,7,22
39,21,18
16,30,-14
35,14,21
20,23,-3
17,28,-11
27,31,-4
30,21,9
24,23,1
20,23,-3
29,33,-4
19,21,-2
19,29,-10
27,20,7
21,10,11
22,14,8
44,14,30
37,32,5
29,18,11
20,16,4
23,20,3
30,26,4
21,13,8
25,17,8
26,16,10
31,20,11
25,13,12
35,24,11
13,44,-31
19,35,-16
22,31,-9
39,34,5
24,26,-2
29,28,1
20,20,0
15,21,-6
16,23,-7
15,27,-12
9,37,-28
9,24,-15
24,30,-6
44,17,27
19,23,-4
26,24,2
35,32,3
18,24,-6
20,31,-11
13,31,-18
17,36,-19
20,30,-10
21,30,-9
3,13,-10
27,27,0
23,17,6
34,42,-8
25,28,-3
16,24,-8
20,27,-7
15,20,-5
26,21,5
3,37,-34
16,23,-7
27,13,14
20,33,-13
41,33,8
23,30,-7
25,31,-6
22,27,-5
39,10,29
27,12,15
24,48,-24
12,17,-5
20,17,3
19,24,-5
29,34,-5
33,28,5
33,20,13
3,22,-19
19,20,-1
23,44,-21
26,24,2
26,27,-1
29,27,2
24,23,1
39,31,8
27,17,10
16,24,-8
27,23,4
7,17,-10
13,24,-11
30,24,6
44,13,31
31,21,10
34,14,20
17,17,0
6,34,-28
19,10,9
30,17,13
29,10,19
26,27,-1
17,36,-19
7,30,-23
27,16,11
26,31,-5
2,38,-36
19,27,-8
34,20,14
17,21,-4
34,20,14
21,13,8
37,35,2
6,23,-17
29,24,5
24,30,-6
31,24,7
7,29,-22
26,20,6
27,13,14
13,33,-20
44,23,21
13,20,-7
30,20,10
14,33,-19
20,32,-12
24,17,7
19,7,12
16,24,-8
10,26,-16
15,3,12
34,31,3
7,20,-13
12,31,-19
19,34,-15
20,42,-22
9,16,-7
33,12,21
18,15,3
19,37,-18
22,18,4
25,20,5
23,25,-2
6,6,0
34,16,18
31,19,12
22,24,-2
26,33,-7
29,37,-8
18,27,-9
16,20,-4
19,20,-1
16,24,-8
27,17,10
41,17,24
25,3,22
27,22,5
21,23,-2
23,32,-9
16,24,-8
12,17,-5
35,28,7
16,17,-1
26,31,-5
20,31,-11
24,33,-9
21,23,-2
19,24,-5
38,23,15
21,17,4
25,52,-27
25,13,12
23,16,7
22,34,-12
29,28,1
31,14,17
26,22,4
33,23,10
16,28,-12
25,9,16
13,36,-23
17,38,-21
23,31,-8
20,31,-11
23,33,-10
12,23,-11
26,35,-9
10,27,-17
27,20,7
36,21,15
20,19,1
23,3,20
10,23,-13
9,30,-21
28,24,4
19,13,6
29,7,22
19,14,5
26,16,10
20,37,-17
31,16,15
30,14,16
26,24,2
0,30,-30
20,45,-25
38,27,11
30,13,17
23,27,-4
14,28,-14
29,31,-2
23,20,3
19,10,9
18,28,-10
30,17,13
27,13,14
30,14,16
19,22,-3
13,30,-17
16,27,-11
13,27,-14
36,34,2
30,24,6
10,27,-17
24,38,-14
24,21,3
23,20,3
15,16,-1
32,21,11
17,21,-4
17,19,-2
24,23,1
29,31,-2
29,24,5
22,15,7
22,23,-1
26,27,-1
23,33,-10
13,24,-11
14,33,-19
23,19,4
13,21,-8
14,30,-16
22,27,-5
13,30,-17
16,28,-12
23,13,10
15,17,-2
26,31,-5
24,27,-3
30,24,6
7,31,-24
30,26,4
16,16,0
44,7,37
29,30,-1
0,18,-18
20,20,0
37,10,27
30,23,7
3,49,-46
37,10,27
27,6,21
28,33,-5
16,17,-1
12,24,-12
16,19,-3
13,19,-6
22,6,16
23,10,13
19,23,-4
17,28,-11
15,23,-8
10,30,-20
13,28,-15
16,23,-7
13,43,-30
17,20,-3
20,23,-3
23,38,-15
15,20,-5
43,17,26
18,30,-12
41,48,-7
23,17,6
23,19,4
21,20,1
16,17,-1
38,13,25
33,13,20
20,20,0
26,17,9
16,38,-22
20,26,-6
29,24,5
17,27,-10
16,31,-15
20,19,1
16,24,-8
20,34,-14
27,26,1
20,17,3
29,27,2
28,30,-2
26,23,3
30,38,-8
23,20,3
19,24,-5
26,16,10
20,14,6
19,41,-22
23,17,6
35,20,15
9,24,-15
41,20,21
38,23,15
24,37,-13
9,27,-18
32,33,-1
13,34,-21
29,14,15
28,24,4
33,17,16
31,12,19
17,33,-16
24,6,18
29,17,12
26,10,16
7,41,-34
20,41,-21
33,27,6
17,25,-8
20,28,-8
20,38,-18
26,19,7
28,31,-3
30,39,-9
34,17,17
13,21,-8
14,33,-19
27,17,10
32,21,11
20,30,-10
30,21,9
5,27,-22
16,13,3
27,30,-3
9,30,-21
14,14,0
33,21,12
13,24,-11
19,24,-5
15,16,-1
16,37,-21
40,14,26
12,17,-5
16,17,-1
16,40,-24
22,30,-8
23,35,-12
36,34,2
31,17,14
9,40,-31
32,17,15
25,13,12
37,3,34
23,17,6
30,31,-1
26,13,13
34,27,7
30,14,16
24,20,4
34,9,25
19,28,-9
13,13,0
20,20,0
21,36,-15
21,35,-14
25,34,-9
19,20,-1
26,24,2
22,17,5
20,21,-1
10,30,-20
24,42,-18
25,16,9
7,37,-30
20,16,4
26,26,0
16,58,-42
17,20,-3
34,17,17
13,26,-13
24,27,-3
17,33,-16
22,31,-9
7,20,-13
17,23,-6
40,9,31
17,44,-27
38,16,22
13,35,-22
15,17,-2
33,10,23
32,34,-2
30,0,30
13,31,-18
12,27,-15
13,9,4
30,21,9
21,31,-10
12,17,-5
32,19,13
17,23,-6
20,13,7
35,24,11
22,28,-6
27,14,13
19,28,-9
10,25,-15
30,31,-1
16,10,6
16,19,-3
26,28,-2
23,17,6
39,0,39
24,10,14
14,20,-6
19,18,1
10,36,-26
16,41,-25
23,34,-11
10,33,-23
13,29,-16
22,20,2
41,6,35
10,17,-7
3,33,-30
15,24,-9
16,17,-1
16,31,-15
34,17,17
33,10,23
22,21,1
27,34,-7
19,14,5
40,17,23
19,10,9
12,27,-15
46,14,32
16,19,-3
30,38,-8
25,7,18
23,32,-9
35,24,11
20,10,10
9,23,-14
6,30,-24
36,17,19
17,10,7
18,3,15
26,20,6
20,30,-10
37,21,16
33,13,20
27,13,14
12,23,-11
29,23,6
32,14,18
10,29,-19
37,17,20
20,14,6
29,28,1
24,27,-3
20,9,11
29,28,1
39,31,8
26,23,3
26,23,3
37,30,7
13,24,-11
33,20,13
40,13,27
40,10,30
27,24,3
20,7,13
35,29,6
34,27,7
29,17,12
23,15,8
13,45,-32
22,3,19
30,24,6
7,23,-16
13,6,7
19,20,-1
16,24,-8
27,31,-4
30,23,7
9,20,-11
34,30,4
43,0,43
30,24,6
10,19,-9
10,11,-1
24,17,7
13,37,-24
27,10,17
17,35,-18
24,26,-2
13,9,4
27,17,10
23,24,-1
37,14,23
10,23,-13
27,36,-9
7,23,-16
26,29,-3
16,13,3
22,17,5
27,20,7
32,24,8
25,24,1
22,27,-5
30,19,11
37,14,23
29,24,5
14,14,0
27,13,14
21,21,0
19,14,5
13,37,-24
33,33,0
20,19,1
30,45,-15
37,21,16
34,27,7
20,12,8
33,33,0
6,34,-28
15,26,-11
23,13,10
13,14,-1
14,37,-23
36,26,10
30,24,6
16,14,2
26,23,3
17,52,-35
19,19,0
20,17,3
36,34,2
31,22,9
48,17,31
28,20,8
6,20,-14
17,48,-31
40,17,23
12,33,-21
26,6,20
7,47,-40
44,41,3
23,27,-4
24,27,-3
20,20,0
22,10,12
10,37,-27
6,16,-10
23,17,6
17,42,-25
20,17,3
37,16,21
37,13,24
13,33,-20
23,16,7
25,20,5
24,38,-14
26,19,7
16,16,0
23,38,-15
44,23,21
37,23,14
20,34,-14
31,19,12
29,24,5
26,24,2
25,6,19
23,10,13
13,26,-13
3,27,-24
19,31,-12
13,31,-18
14,21,-7
21,12,9
12,15,-3
19,36,-17
32,10,22
29,13,16
29,17,12
10,25,-15
16,20,-4
17,27,-10
21,0,21
33,21,12
9,24,-15
20,16,4
17,17,0
20,37,-17
16,24,-8
13,17,-4
39,7,32
7,17,-10
40,28,12
18,27,-9
28,16,12
17,23,-6
16,10,6
20,16,4
24,26,-2
26,27,-1
23,17,6
30,24,6
19,24,-5
17,24,-7
31,16,15
17,30,-13
27,41,-14
16,14,2
25,24,1
13,29,-16
16,24,-8
20,28,-8
19,36,-17
19,16,3
17,13,4
40,18,22
9,9,0
29,16,13
33,17,16
15,27,-12
36,26,10
10,27,-17
13,22,-9
22,33,-11
31,54,-23
27,37,-10
17,29,-12
16,21,-5
20,35,-15
22,17,5
33,27,6
16,20,-4
16,19,-3
14,16,-2
17,19,-2
36,28,8
23,34,-11
15,20,-5
37,30,7
48,28,20
27,10,17
31,24,7
23,17,6
18,17,1
38,38,0
13,6,7
45,20,25
30,17,13
9,20,-11
10,30,-20
33,34,-1
7,27,-20
14,6,8
26,13,13
23,27,-4
37,17,20
20,13,7
30,20,10
23,27,-4
33,24,9
14,17,-3
16,13,3
19,23,-4
27,27,0
10,37,-27
16,15,1
16,16,0
34,17,17
13,17,-4
29,14,15
19,23,-4
13,30,-17
9,17,-8
13,24,-11
21,10,11
19,31,-12
17,31,-14
9,13,-4
33,17,16
33,28,5
35,35,0
26,31,-5
41,13,28
40,31,9
26,17,9
27,13,14
12,17,-5
19,24,-5
22,28,-6
12,10,2
20,31,-11
33,21,12
37,21,16
13,24,-11
28,7,21
27,10,17
10,27,-17
23,21,2
37,20,17
21,19,2
27,29,-2
29,17,12
10,30,-20
20,26,-6
10,20,-10
17,20,-3
23,23,0
26,20,6
23,31,-8
14,34,-20
31,10,21
3,17,-14
17,37,-20
25,21,4
13,8,5
28,30,-2
28,20,8
10,26,-16
27,20,7
29,23,6
20,3,17
21,34,-13
33,24,9
9,29,-20
27,43,-16
17,31,-14
12,6,6
17,20,-3
13,3,10
27,19,8
20,9,11
30,26,4
16,13,3
17,9,8
32,28,4
22,24,-2
9,34,-25
25,10,15
26,38,-12
30,19,11
21,33,-12
15,10,5
13,34,-21
15,20,-5
6,27,-21
13,34,-21
29,41,-12
16,20,-4
33,26,7
21,16,5
21,19,2
21,17,4
20,38,-18
37,9,28
20,17,3
30,27,3
19,23,-4
23,13,10
10,19,-9
24,19,5
10,23,-13
33,3,30
6,23,-17
22,20,2
38,10,28
21,24,-3
32,25,7
14,26,-12
23,26,-3
43,21,22
19,13,6
34,28,6
33,22,11
16,20,-4
18,6,12
23,27,-4
31,23,8
20,6,14
24,21,3
26,17,9
10,37,-27
9,12,-3
17,19,-2
14,17,-3
16,26,-10
14,29,-15
35,28,7
24,22,2
20,27,-7
6,36,-30
25,17,8
10,30,-20
26,24,2
10,24,-14
13,30,-17
23,23,0
16,23,-7
19,17,2
31,17,14
27,24,3
13,17,-4
17,32,-15
29,9,20
26,9,17
16,7,9
26,23,3
24,27,-3
23,14,9
40,22,18
26,31,-5
27,7,20
23,17,6
20,20,0
43,26,17
26,16,10
38,20,18
36,17,19
20,21,-1
21,34,-13
24,16,8
30,31,-1
24,27,-3
23,20,3
26,21,5
32,39,-7
33,20,13
20,14,6
36,38,-2
22,17,5
19,41,-22
30,27,3
13,26,-13
37,35,2
34,27,7
15,24,-9
20,14,6
30,9,21
10,27,-17
41,21,20
23,27,-4
29,20,9
17,27,-10
27,44,-17
13,17,-4
33,27,6
23,30,-7
17,36,-19
21,27,-6
25,6,19
27,17,10
48,19,29
23,30,-7
17,27,-10
30,26,4
40,21,19
27,10,17
13,16,-3
26,20,6
25,22,3
23,13,10
36,35,1
13,23,-10
27,35,-8
10,30,-20
29,16,13
26,34,-8
3,24,-21
27,17,10
13,26,-13
28,14,14
19,38,-19
30,28,2
13,33,-20
35,21,14
19,16,3
30,38,-8
19,19,0
22,39,-17
14,48,-34
12,6,6
12,31,-19
23,14,9
7,33,-26
10,17,-7
28,26,2
40,23,17
16,7,9
16,22,-6
22,26,-4
22,20,2
48,24,24
17,13,4
21,31,-10
12,34,-22
21,17,4
35,7,28
12,27,-15
30,14,16
13,26,-13
23,31,-8
23,33,-10
26,30,-4
15,24,-9
29,20,9
37,42,-5
26,21,5
13,27,-14
20,37,-17
48,27,21
23,17,6
28,19,9
9,16,-7
34,14,20
27,14,13
14,34,-20
7,24,-17
15,16,-1
31,14,17
37,23,14
23,22,1
10,30,-20
27,30,-3
13,43,-30
31,17,14
21,17,4
27,20,7
13,8,5
10,30,-20
7,42,-35
13,23,-10
9,15,-6
25,24,1
7,41,-34
19,3,16
20,10,10
16,26,-10
17,37,-20
10,23,-13
31,3,28
23,37,-14
37,17,20
18,31,-13
17,40,-23
10,40,-30
10,24,-14
33,17,16
23,17,6
35,6,29
7,41,-34
18,16,2
13,6,7
37,14,23
30,13,17
12,23,-11
34,13,21
31,30,1
27,24,3
27,21,6
9,19,-10
26,41,-15
33,23,10
37,21,16
30,19,11
32,3,29
16,12,4
19,22,-3
27,29,-2
28,21,7
22,19,3
27,8,19
24,41,-17
32,10,22
16,32,-16
3,36,-33
26,17,9
29,14,15
30,44,-14
24,35,-11
19,10,9
30,22,8
19,21,-2
33,3,30
14,33,-19
20,20,0
6,19,-13
20,23,-3
14,6,8
29,3,26
20,36,-16
16,7,9
26,17,9
25,23,2
17,27,-10
30,24,6
30,35,-5
17,30,-13
17,31,-14
29,13,16
31,23,8
30,27,3
30,17,13
20,17,3
19,17,2
20,20,0
22,24,-2
19,23,-4
16,13,3
16,17,-1
26,36,-10
21,13,8
19,24,-5
6,47,-41
20,14,6
12,20,-8
36,10,26
26,13,13
13,37,-24
13,23,-10
21,23,-2
29,24,5
23,20,3
20,17,3
3,30,-27
17,20,-3
39,14,25
20,21,-1
28,27,1
36,23,13
30,10,20
13,10,3
30,6,24
37,22,15
14,25,-11
27,24,3
32,23,9
20,22,-2
33,7,26
23,27,-4
27,21,6
26,23,3
13,26,-13
29,16,13
17,36,-19
26,20,6
17,26,-9
13,16,-3
16,19,-3
32,15,17
12,23,-11
27,23,4
22,14,8
29,42,-13
21,10,11
17,23,-6
24,40,-16
16,17,-1
18,12,6
27,24,3
34,23,11
26,26,0
23,20,3
3,30,-27
31,20,11
39,7,32
39,35,4
30,20,10
16,16,0
20,26,-6
16,16,0
26,21,5
23,20,3
10,22,-12
10,13,-3
13,24,-11
36,17,19
20,20,0
15,44,-29
26,20,6
12,20,-8
30,23,7
23,36,-13
20,10,10
39,17,22
34,10,24
13,45,-32
26,10,16
7,42,-35
30,13,17
26,27,-1
16,17,-1
13,20,-7
10,34,-24
34,21,13
23,44,-21
23,19,4
20,25,-5
9,33,-24
26,31,-5
19,17,2
13,12,1
10,40,-30
18,20,-2
32,20,12
16,17,-1
12,26,-14
29,34,-5
26,14,12
15,41,-26
37,10,27
10,7,3
34,20,14
49,28,21
46,6,40
14,17,-3
10,21,-11
32,17,15
12,41,-29
10,20,-10
38,19,19
13,43,-30
16,10,6
27,10,17
23,23,0
30,17,13
32,16,16
27,17,10
19,16,3
15,30,-15
28,19,9
27,20,7
19,23,-4
29,29,0
27,33,-6
17,21,-4
19,17,2
23,24,-1
7,17,-10
6,41,-35
12,31,-19
19,21,-2
32,26,6
25,31,-6
23,17,6
27,13,14
22,37,-15
34,28,6
22,37,-15
37,12,25
36,14,22
29,13,16
31,16,15
19,16,3
10,27,-17
15,13,2
20,23,-3
22,16,6
17,14,3
25,20,5
26,3,23
31,41,-10
26,17,9
27,24,3
27,33,-6
16,23,-7
10,9,1
29,24,5
20,17,3
33,17,16
20,13,7
13,10,3
36,20,16
39,21,18
6,27,-21
16,23,-7
25,17,8
27,24,3
21,27,-6
47,7,40
16,24,-8
23,17,6
18,26,-8
29,31,-2
35,12,23
27,44,-17
33,3,30
26,15,11
0,24,-24
33,28,5
13,28,-15
27,31,-4
22,24,-2
12,33,-21
19,24,-5
9,27,-18
15,35,-20
33,13,20
30,34,-4
20,30,-10
6,29,-23
23,16,7
19,13,6
13,37,-24
28,3,25
22,34,-12
27,9,18
23,37,-14
17,26,-9
22,24,-2
11,32,-21
16,30,-14
10,13,-3
37,27,10
19,20,-1
23,34,-11
28,7,21
30,31,-1
16,18,-2
26,24,2
35,34,1
19,17,2
24,32,-8
33,27,6
12,17,-5
13,30,-17
26,34,-8
30,27,3
19,17,2
25,13,12
26,33,-7
0,26,-26
17,16,1
17,27,-10
13,14,-1
44,17,27
27,35,-8
12,43,-31
20,28,-8
20,31,-11
41,28,13
15,21,-6
32,20,12
30,24,6
21,25,-4
21,31,-10
29,17,12
24,20,4
7,20,-13
17,24,-7
25,20,5
42,7,35
34,10,24
22,26,-4
22,28,-6
23,17,6
16,37,-21
27,45,-18
27,31,-4
47,31,16
48,17,31
30,30,0
6,16,-10
15,26,-11
26,26,0
28,7,21
33,41,-8
20,33,-13
34,31,3
29,27,2
14,16,-2
16,14,2
24,38,-14
33,24,9
13,37,-24
22,13,9
15,18,-3
25,28,-3
34,25,9
20,16,4
35,7,28
31,31,0
29,6,23
31,17,14
15,20,-5
20,24,-4
24,17,7
9,20,-11
29,27,2
14,28,-14
27,31,-4
22,20,2
36,14,22
20,27,-7
13,16,-3
18,12,6
26,38,-12
20,16,4
29,31,-2
34,10,24
6,19,-13
29,26,3
27,14,13
22,30,-8
49,14,35
27,14,13
31,29,2
25,26,-1
16,27,-11
21,37,-16
16,23,-7
23,27,-4
39,10,29
29,13,16
42,27,15
18,29,-11
16,13,3
16,24,-8
25,21,4
26,12,14
34,23,11
20,32,-12
15,16,-1
8,23,-15
17,34,-17
20,17,3
26,21,5
33,22,11
37,19,18
33,21,12
23,30,-7
22,32,-10
37,10,27
18,24,-6
27,30,-3
23,34,-11
24,27,-3
40,14,26
15,14,1
24,27,-3
22,13,9
27,20,7
29,34,-5
30,9,21
30,32,-2
27,7,20
40,16,24
17,39,-22
10,37,-27
13,13,0
25,23,2
23,13,10
37,20,17
19,30,-11
31,29,2
26,16,10
31,16,15
23,13,10
22,25,-3
30,21,9
30,21,9
17,29,-12
20,41,-21
23,35,-12
32,17,15
19,17,2
29,27,2
32,19,13
20,16,4
27,39,-12
41,38,3
33,16,17
34,37,-3
22,34,-12
23,17,6
20,26,-6
43,17,26
19,19,0
25,17,8
38,21,17
16,17,-1
20,38,-18
14,26,-12
16,0,16
16,33,-17
24,27,-3
16,24,-8
17,22,-5
26,20,6
23,17,6
9,16,-7
7,26,-19
28,16,12
13,34,-21
24,21,3
19,10,9
8,12,-4
23,35,-12
30,23,7
20,15,5
23,29,-6
20,17,3
28,0,28
26,40,-14
35,14,21
12,10,2
30,15,15
13,16,-3
24,12,12
33,16,17
27,16,11
23,35,-12
13,27,-14
10,40,-30
26,3,23
34,29,5
37,10,27
20,35,-15
25,19,6
22,10,12
16,37,-21
30,9,21
10,29,-19
31,13,18
16,26,-10
36,38,-2
25,3,22
6,31,-25
3,26,-23
25,10,15
25,20,5
26,27,-1
22,10,12
19,9,10
46,24,22
16,19,-3
20,39,-19
20,33,-13
13,17,-4
27,16,11
30,45,-15
26,10,16
14,19,-5
34,21,13
13,16,-3
12,23,-11
17,28,-11
17,16,1
22,17,5
49,17,32
34,14,20
23,20,3
29,17,12
33,20,13
39,20,19
24,23,1
13,23,-10
20,20,0
35,24,11
20,31,-11
24,19,5
3,16,-13
33,21,12
25,17,8
37,21,16
14,23,-9
19,37,-18
16,29,-13
12,37,-25
26,32,-6
10,12,-2
22,26,-4
31,31,0
20,30,-10
10,19,-9
19,37,-18
31,7,24
27,13,14
20,41,-21
23,17,6
21,20,1
13,31,-18
16,27,-11
6,13,-7
36,17,19
16,27,-11
16,12,4
40,13,27
28,20,8
19,33,-14
13,23,-10
6,10,-4
25,24,1
33,23,10
39,31,8
30,27,3
39,14,25
16,26,-10
20,42,-22
36,35,1
15,21,-6
39,17,22
34,16,18
20,17,3
29,7,22
20,39,-19
19,31,-12
27,15,12
30,24,6
29,27,2
3,27,-24
6,20,-14
18,17,1
13,27,-14
33,24,9
38,22,16
20,23,-3
23,19,4
24,30,-6
14,24,-10
16,31,-15
13,17,-4
12,14,-2
19,17,2
13,31,-18
20,40,-20
31,20,11
28,10,18
22,26,-4
27,30,-3
37,20,17
39,13,26
24,27,-3
10,29,-19
19,28,-9
28,15,13
18,17,1
16,31,-15
29,10,19
14,19,-5
10,26,-16
22,26,-4
37,17,20
26,29,-3
30,14,16
24,31,-7
14,27,-13
6,41,-35
19,26,-7
23,31,-8
27,10,17
16,12,4
23,27,-4
13,26,-13
21,40,-19
15,17,-2
26,6,20
29,20,9
27,31,-4
6,10,-4
25,24,1
20,34,-14
23,20,3
20,30,-10
23,24,-1
29,26,3
28,27,1
26,20,6
19,31,-12
13,27,-14
32,14,18
36,16,20
27,20,7
27,26,1
22,17,5
34,13,21
22,30,-8
23,17,6
23,17,6
39,13,26
16,0,16
13,51,-38
16,38,-22
32,27,5
20,27,-7
29,27,2
23,35,-12
23,19,4
30,20,10
19,33,-14
38,14,24
22,32,-10
21,21,0
12,20,-8
26,27,-1
13,34,-21
10,26,-16
29,34,-5
29,17,12
10,44,-34
20,20,0
20,23,-3
29,23,6
23,24,-1
20,23,-3
22,17,5
17,30,-13
27,21,6
33,10,23
26,44,-18
9,39,-30
24,20,4
23,20,3
12,24,-12
36,17,19
45,21,24
20,39,-19
24,31,-7
23,3,20
22,16,6
19,16,3
33,13,20
39,28,11
33,34,-1
38,34,4
26,13,13
3,24,-21
27,21,6
27,17,10
8,20,-12
30,9,21
19,31,-12
51,21,30
34,16,18
28,13,15
23,15,8
27,28,-1
7,27,-20
32,10,22
14,34,-20
17,41,-24
39,20,19
36,20,16
24,3,21
14,35,-21
23,23,0
30,27,3
22,31,-9
7,37,-30
13,19,-6
26,15,11
33,30,3
45,17,28
13,33,-20
24,13,11
27,20,7
32,10,22
24,30,-6
15,3,12
13,16,-3
26,17,9
25,17,8
6,23,-17
15,9,6
25,28,-3
25,17,8
25,7,18
9,29,-20
27,26,1
22,21,1
24,20,4
27,31,-4
27,20,7
15,30,-15
10,15,-5
17,27,-10
30,27,3
33,17,16
16,30,-14
3,15,-12
15,3,12
28,9,19
27,3,24
38,24,14
16,10,6
26,9,17
16,20,-4
30,10,20
12,13,-1
32,14,18
20,14,6
40,24,16
22,26,-4
13,16,-3
23,34,-11
16,13,3
34,31,3
29,14,15
19,17,2
20,27,-7
21,27,-6
51,16,35
29,10,19
19,19,0
37,17,20
30,14,16
16,24,-8
20,16,4
26,14,12
31,10,21
17,16,1
20,32,-12
28,23,5
12,16,-4
22,20,2
13,23,-10
16,24,-8
40,41,-1
13,14,-1
16,23,-7
20,6,14
15,23,-8
19,20,-1
27,39,-12
16,24,-8
13,31,-18
26,17,9
20,29,-9
33,7,26
27,38,-11
27,21,6
13,27,-14
46,17,29
15,23,-8
20,9,11
7,37,-30
37,41,-4
20,10,10
13,37,-24
17,20,-3
12,17,-5
37,20,17
29,16,13
20,24,-4
9,12,-3
26,31,-5
27,27,0
17,48,-31
14,19,-5
21,41,-20
6,35,-29
34,19,15
23,9,14
10,33,-23
14,24,-10
15,25,-10
20,25,-5
29,10,19
14,17,-3
39,7,32
33,14,19
20,34,-14
42,10,32
34,13,21
19,20,-1
38,17,21
24,32,-8
23,9,14
29,37,-8
30,30,0
36,21,15
6,27,-21
40,21,19
29,14,15
23,20,3
6,34,-28
26,31,-5
37,3,34
16,13,3
19,31,-12
31,27,4
35,9,26
23,17,6
23,24,-1
15,45,-30
27,35,-8
21,35,-14
26,23,3
17,6,11
33,13,20
20,31,-11
18,21,-3
13,21,-8
16,23,-7
29,24,5
28,21,7
20,17,3
13,23,-10
6,30,-24
9,25,-16
27,16,11
6,42,-36
25,16,9
6,46,-40
19,13,6
30,10,20
23,7,16
16,19,-3
9,26,-17
29,17,12
13,33,-20
16,24,-8
43,21,22
10,29,-19
24,24,0
12,26,-14
32,10,22
24,40,-16
39,30,9
29,17,12
23,34,-11
16,27,-11
32,30,2
22,16,6
22,14,8
36,17,19
31,6,25
43,24,19
19,16,3
28,26,2
45,14,31
9,26,-17
26,20,6
17,33,-16
29,21,8
13,41,-28
13,35,-22
21,26,-5
22,29,-7
9,19,-10
39,16,23
31,37,-6
23,26,-3
28,22,6
25,20,5
30,27,3
3,46,-43
19,31,-12
9,17,-8
16,17,-1
35,21,14
27,10,17
16,33,-17
27,10,17
19,27,-8
13,26,-13
25,27,-2
36,28,8
23,24,-1
23,13,10
10,21,-11
18,21,-3
30,19,11
16,34,-18
13,24,-11
40,22,18
28,33,-5
26,16,10
14,33,-19
23,28,-5
27,19,8
33,16,17
29,24,5
6,23,-17
23,23,0
22,15,7
24,21,3
29,10,19
10,34,-24
27,41,-14
32,20,12
10,17,-7
24,38,-14
19,38,-19
20,6,14
38,45,-7
23,16,7
20,20,0
27,21,6
32,33,-1
22,31,-9
16,27,-11
20,24,-4
38,13,25
19,25,-6
26,10,16
23,42,-19
17,27,-10
22,16,6
7,21,-14
25,6,19
10,16,-6
26,16,10
30,30,0
12,23,-11
37,10,27
37,24,13
15,19,-4
17,27,-10
34,28,6
23,43,-20
19,23,-4
20,39,-19
37,12,25
17,52,-35
29,27,2
22,23,-1
13,20,-7
40,36,4
17,27,-10
20,44,-24
15,38,-23
13,31,-18
20,30,-10
13,13,0
10,26,-16
36,20,16
31,23,8
13,23,-10
36,21,15
22,27,-5
31,28,3
13,39,-26
19,23,-4
19,33,-14
10,27,-17
29,14,15
40,24,16
24,21,3
22,23,-1
16,20,-4
12,13,-1
27,16,11
26,20,6
24,7,17
12,14,-2
34,31,3
33,34,-1
22,3,19
26,26,0
13,13,0
9,30,-21
16,31,-15
3,27,-24
36,27,9
37,24,13
10,36,-26
32,30,2
15,17,-2
17,23,-6
9,7,2
25,31,-6
6,32,-26
32,16,16
19,28,-9
22,31,-9
21,16,5
13,23,-10
17,26,-9
21,31,-10
26,38,-12
20,6,14
28,23,5
29,45,-16
29,24,5
16,23,-7
7,37,-30
28,20,8
3,19,-16
12,19,-7
30,37,-7
36,20,16
46,24,22
19,17,2
33,21,12
29,9,20
6,20,-14
20,33,-13
6,19,-13
28,26,2
44,20,24
20,24,-4
22,21,1
27,41,-14
31,27,4
19,10,9
30,20,10
24,13,11
36,23,13
16,27,-11
29,23,6
16,41,-25
19,29,-10
10,30,-20
12,21,-9
16,20,-4
51,35,16
35,23,12
23,21,2
6,33,-27
38,27,11
36,7,29
33,7,26
43,16,27
17,34,-17
17,33,-16
33,10,23
23,20,3
20,28,-8
26,24,2
6,38,-32
9,33,-24
10,12,-2
24,24,0
23,31,-8
16,45,-29
21,14,7
33,34,-1
19,23,-4
26,21,5
47,28,19
25,20,5
36,21,15
9,30,-21
19,27,-8
10,44,-34
29,22,7
31,24,7
23,13,10
34,20,14
19,20,-1
20,35,-15
17,20,-3
23,30,-7
23,14,9
39,20,19
19,17,2
40,12,28
37,28,9
24,23,1
33,13,20
25,24,1
16,31,-15
15,7,8
41,19,22
7,32,-25
39,13,26
30,21,9
10,20,-10
43,21,22
21,30,-9
27,26,1
19,23,-4
25,28,-3
3,26,-23
25,17,8
30,20,10
26,18,8
29,16,13
24,27,-3
28,26,2
17,31,-14
24,7,17
34,37,-3
17,23,-6
15,28,-13
18,23,-5
18,20,-2
32,14,18
30,13,17
33,20,13
37,10,27
7,16,-9
35,20,15
20,23,-3
38,23,15
13,29,-16
16,22,-6
12,24,-12
29,13,16
30,16,14
26,27,-1
3,26,-23
20,43,-23
24,20,4
37,20,17
16,20,-4
18,30,-12
20,36,-16
29,20,9
26,20,6
31,10,21
12,31,-19
26,27,-1
19,30,-11
26,19,7
12,19,-7
13,26,-13
20,31,-11
27,21,6
33,31,2
31,20,11
20,37,-17
29,27,2
16,19,-3
20,29,-9
17,48,-31
48,3,45
26,10,16
33,31,2
24,10,14
29,24,5
20,24,-4
13,29,-16
16,27,-11
6,16,-10
0,3,-3
27,20,7
24,31,-7
29,13,16
19,26,-7
16,19,-3
35,19,16
13,23,-10
30,23,7
23,19,4
42,14,28
39,20,19
13,26,-13
20,31,-11
33,31,2
16,13,3
10,26,-16
12,10,2
16,20,-4
19,28,-9
10,34,-24
19,24,-5
30,35,-5
29,35,-6
19,16,3
16,28,-12
18,27,-9
19,19,0
18,9,9
16,31,-15
37,24,13
16,25,-9
14,31,-17
26,20,6
13,31,-18
35,37,-2
32,24,8
34,31,3
36,17,19
19,27,-8
37,23,14
40,20,20
13,28,-15
37,27,10
30,30,0
17,24,-7
10,7,3
33,30,3
16,31,-15
38,10,28
12,28,-16
6,21,-15
39,10,29
26,21,5
13,9,4
13,21,-8
35,21,14
22,19,3
19,29,-10
25,37,-12
18,23,-5
23,10,13
30,26,4
19,24,-5
28,17,11
9,37,-28
19,24,-5
12,20,-8
30,22,8
35,10,25
22,11,11
16,29,-13
33,26,7
19,13,6
24,13,11
32,20,12
37,10,27
22,27,-5
10,31,-21
6,26,-20
13,24,-11
31,42,-11
20,31,-11
17,26,-9
21,27,-6
9,19,-10
10,45,-35
10,23,-13
29,27,2
31,23,8
27,33,-6
40,17,23
12,27,-15
19,33,-14
22,27,-5
26,24,2
50,33,17
19,34,-15
20,28,-8
24,16,8
9,27,-18
10,21,-11
29,27,2
7,22,-15
24,21,3
33,34,-1
9,30,-21
19,0,19
33,28,5
6,6,0
3,27,-24
36,17,19
20,33,-13
14,31,-17
15,20,-5
27,30,-3
20,26,-6
13,20,-7
44,24,20
20,27,-7
20,40,-20
31,24,7
19,28,-9
16,33,-17
28,17,11
3,29,-26
23,19,4
26,13,13
10,13,-3
14,17,-3
20,19,1
36,23,13
16,28,-12
13,45,-32
6,22,-16
16,15,1
9,27,-18
31,10,21
38,13,25
9,16,-7
23,48,-25
20,21,-1
28,51,-23
15,44,-29
23,23,0
25,2,23
32,13,19
19,27,-8
24,30,-6
13,28,-15
24,27,-3
20,10,10
26,14,12
13,23,-10
28,33,-5
14,7,7
30,27,3
26,7,19
29,15,14
22,20,2
23,23,0
27,36,-9
23,27,-4
14,13,1
30,22,8
27,17,10
34,27,7
12,16,-4
24,35,-11
13,13,0
30,17,13
31,3,28
33,17,16
17,34,-17
30,10,20
26,28,-2
29,17,12
12,21,-9
54,7,47
27,15,12
26,10,16
33,27,6
10,31,-21
23,16,7
34,24,10
23,22,1
21,37,-16
10,30,-20
34,29,5
22,33,-11
10,35,-25
25,20,5
12,16,-4
38,31,7
24,34,-10
17,31,-14
13,24,-11
36,13,23
12,19,-7
37,27,10
23,17,6
27,24,3
30,27,3
25,14,11
12,13,-1
23,20,3
24,27,-3
17,27,-10
38,7,31
17,17,0
34,33,1
25,27,-2
27,35,-8
33,24,9
21,24,-3
24,16,8
26,14,12
31,34,-3
16,20,-4
19,24,-5
23,31,-8
16,20,-4
28,28,0
16,22,-6
19,15,4
27,28,-1
16,16,0
24,30,-6
32,35,-3
33,40,-7
30,37,-7
31,7,24
24,27,-3
37,17,20
21,17,4
9,17,-8
18,10,8
20,24,-4
36,24,12
33,34,-1
23,19,4
18,20,-2
30,19,11
19,17,2
15,13,2
6,23,-17
13,15,-2
19,30,-11
19,17,2
13,23,-10
24,20,4
23,34,-11
30,24,6
13,37,-24
19,24,-5
27,37,-10
29,10,19
30,20,10
32,20,12
27,20,7
20,19,1
27,34,-7
27,33,-6
16,27,-11
36,17,19
23,28,-5
37,35,2
45,12,33
29,21,8
22,24,-2
26,28,-2
29,24,5
27,30,-3
27,24,3
13,9,4
29,14,15
27,24,3
33,14,19
23,16,7
10,17,-7
28,24,4
24,19,5
7,32,-25
33,14,19
26,31,-5
24,31,-7
22,28,-6
19,20,-1
30,35,-5
23,17,6
16,26,-10
20,13,7
16,20,-4
37,27,10
23,31,-8
27,19,8
36,17,19
24,30,-6
20,29,-9
14,13,1
23,12,11
39,7,32
32,13,19
29,13,16
15,30,-15
16,30,-14
15,33,-18
15,19,-4
9,28,-19
27,17,10
24,23,1
25,21,4
19,48,-29
41,45,-4
28,24,4
28,44,-16
13,27,-14
27,17,10
13,21,-8
19,6,13
23,26,-3
16,26,-10
25,33,-8
17,16,1
20,20,0
20,17,3
19,31,-12
40,16,24
17,15,2
20,27,-7
13,17,-4
41,41,0
19,24,-5
17,22,-5
20,24,-4
22,17,5
27,34,-7
20,10,10
35,20,15
29,10,19
34,19,15
24,35,-11
31,29,2
9,31,-22
10,6,4
25,24,1
16,23,-7
36,15,21
30,22,8
13,33,-20
31,14,17
10,27,-17
23,37,-14
3,23,-20
19,33,-14
20,31,-11
7,31,-24
26,17,9
32,17,15
20,17,3
19,22,-3
27,24,3
20,33,-13
20,19,1
17,10,7
29,16,13
23,37,-14
30,20,10
17,10,7
13,34,-21
20,39,-19
27,27,0
23,31,-8
39,10,29
29,23,6
16,21,-5
29,35,-6
17,12,5
46,34,12
37,30,7
30,17,13
30,17,13
36,17,19
29,14,15
18,19,-1
24,31,-7
24,10,14
41,20,21
9,23,-14
15,26,-11
20,43,-23
23,19,4
29,26,3
28,24,4
17,22,-5
20,17,3
10,34,-24
34,38,-4
14,23,-9
6,13,-7
15,10,5
23,38,-15
41,34,7
31,14,17
6,13,-7
12,26,-14
20,17,3
10,10,0
42,33,9
31,23,8
27,38,-11
30,43,-13
18,19,-1
33,13,20
52,16,36
49,26,23
20,37,-17
30,39,-9
40,23,17
7,37,-30
30,17,13
23,16,7
20,24,-4
29,13,16
33,20,13
26,19,7
30,10,20
20,24,-4
13,16,-3
39,20,19
13,37,-24
55,14,41
33,23,10
13,24,-11
37,30,7
34,27,7
27,20,7
30,20,10
30,30,0
22,21,1
6,22,-16
30,34,-4
16,19,-3
25,9,16
36,31,5
35,22,13
33,22,11
16,16,0
3,51,-48
29,20,9
36,35,1
30,39,-9
19,27,-8
34,13,21
27,41,-14
29,14,15
39,13,26
36,33,3
20,36,-16
27,41,-14
19,10,9
20,27,-7
50,16,34
36,42,-6
6,23,-17
6,24,-18
27,23,4
32,24,8
30,15,15
23,23,0
3,10,-7
26,14,12
26,31,-5
23,29,-6
23,30,-7
16,29,-13
14,39,-25
16,30,-14
23,32,-9
13,20,-7
10,47,-37
29,21,8
36,34,2
40,27,13
29,20,9
14,15,-1
10,19,-9
19,27,-8
16,17,-1
13,31,-18
13,20,-7
26,10,16
40,34,6
35,6,29
11,19,-8
19,30,-11
3,44,-41
31,9,22
29,38,-9
23,31,-8
20,25,-5
10,24,-14
7,26,-19
31,20,11
17,10,7
20,21,-1
16,27,-11
13,16,-3
19,19,0
26,31,-5
15,23,-8
43,17,26
29,17,12
19,13,6
19,24,-5
20,27,-7
19,31,-12
30,10,20
23,26,-3
27,49,-22
38,26,12
16,23,-7
29,26,3
37,6,31
13,26,-13
19,28,-9
26,23,3
10,34,-24
32,23,9
12,23,-11
37,21,16
33,13,20
9,7,2
26,30,-4
37,3,34
15,31,-16
19,20,-1
38,21,17
23,28,-5
22,17,5
20,17,3
16,3,13
16,29,-13
38,13,25
21,34,-13
26,19,7
13,17,-4
16,19,-3
6,24,-18
37,31,6
20,33,-13
23,16,7
12,17,-5
16,14,2
20,37,-17
33,20,13
38,36,2
33,3,30
7,44,-37
36,17,19
16,41,-25
9,23,-14
24,17,7
33,14,19
14,21,-7
19,30,-11
39,3,36
19,20,-1
31,10,21
20,42,-22
20,31,-11
6,21,-15
37,34,3
17,17,0
24,31,-7
7,21,-14
24,27,-3
22,6,16
24,20,4
29,17,12
37,24,13
23,34,-11
42,19,23
27,7,20
32,27,5
24,31,-7
14,44,-30
36,27,9
27,34,-7
20,26,-6
24,16,8
30,20,10
12,13,-1
29,9,20
10,40,-30
40,9,31
40,27,13
46,13,33
21,26,-5
26,20,6
30,10,20
29,22,7
26,24,2
39,13,26
9,26,-17
21,10,11
19,24,-5
10,42,-32
26,0,26
37,12,25
33,30,3
6,13,-7
10,25,-15
30,13,17
31,37,-6
27,24,3
13,17,-4
25,17,8
26,27,-1
44,24,20
27,27,0
29,23,6
6,31,-25
22,33,-11
16,12,4
19,27,-8
0,23,-23
10,23,-13
28,12,16
39,17,22
27,31,-4
40,9,31
7,23,-16
7,27,-20
14,31,-17
29,21,8
19,27,-8
19,34,-15
40,34,6
15,20,-5
10,16,-6
41,36,5
40,7,33
33,28,5
32,13,19
19,24,-5
20,9,11
41,20,21
9,10,-1
19,21,-2
25,17,8
23,12,11
22,30,-8
22,20,2
26,35,-9
36,16,20
39,7,32
32,38,-6
10,30,-20
13,20,-7
23,17,6
16,5,11
27,27,0
8,20,-12
33,24,9
16,21,-5
20,37,-17
13,17,-4
10,26,-16
30,24,6
6,18,-12
30,16,14
41,19,22
28,10,18
13,36,-23
6,24,-18
23,20,3
13,18,-5
6,30,-24
23,26,-3
32,24,8
12,28,-16
17,19,-2
48,20,28
16,33,-17
43,31,12
15,23,-8
20,28,-8
34,23,11
25,35,-10
32,7,25
10,26,-16
26,30,-4
17,32,-15
36,16,20
20,13,7
17,29,-12
17,31,-14
26,27,-1
16,17,-1
30,33,-3
17,26,-9
20,40,-20
16,20,-4
21,38,-17
19,22,-3
24,19,5
17,27,-10
7,30,-23
22,21,1
15,38,-23
40,10,30
20,20,0
18,13,5
32,14,18
13,33,-20
6,24,-18
23,24,-1
23,10,13
13,30,-17
19,28,-9
40,21,19
44,24,20
21,10,11
19,34,-15
31,10,21
20,24,-4
40,33,7
33,29,4
30,30,0
39,13,26
22,24,-2
29,27,2
41,10,31
17,33,-16
19,12,7
26,22,4
30,27,3
39,27,12
5,26,-21
52,17,35
22,13,9
36,21,15
13,32,-19
24,33,-9
30,26,4
26,20,6
42,17,25
23,19,4
25,19,6
6,38,-32
32,17,15
