Score1,Score2,Reward
19,24,-5
16,20,-4
31,37,-6
17,24,-7
12,26,-14
10,9,1
12,31,-19
20,22,-2
16,40,-24
10,33,-23
31,21,10
16,20,-4
7,33,-26
24,20,4
24,32,-8
13,36,-23
23,10,13
14,36,-22
20,10,10
10,6,4
15,27,-12
10,41,-31
16,8,8
20,20,0
14,16,-2
17,20,-3
6,19,-13
26,17,9
30,10,20
7,23,-16
16,9,7
23,23,0
23,7,16
13,31,-18
9,18,-9
9,30,-21
27,31,-4
9,24,-15
7,23,-16
26,27,-1
10,15,-5
36,17,19
24,33,-9
20,38,-18
27,42,-15
17,20,-3
35,34,1
13,38,-25
19,17,2
16,13,3
13,6,7
20,29,-9
14,15,-1
24,27,-3
9,41,-32
17,31,-14
26,24,2
23,7,16
16,12,4
40,17,23
34,26,8
3,19,-16
13,32,-19
9,20,-11
17,14,3
6,27,-21
10,32,-22
10,41,-31
34,31,3
34,38,-4
13,30,-17
6,34,-28
7,30,-23
17,33,-16
19,23,-4
48,14,34
7,34,-27
24,17,7
26,34,-8
19,3,16
27,20,7
27,34,-7
32,10,22
24,20,4
24,21,3
23,34,-11
13,35,-22
33,27,6
14,22,-8
29,21,8
7,33,-26
14,31,-17
14,34,-20
35,6,29
21,23,-2
3,16,-13
10,27,-17
6,24,-18
14,19,-5
22,29,-7
10,30,-20
0,13,-13
3,37,-34
21,27,-6
27,27,0
36,17,19
28,10,18
16,20,-4
23,24,-1
16,17,-1
35,17,18
24,24,0
17,37,-20
20,44,-24
38,21,17
14,33,-19
20,16,4
24,15,9
17,16,1
14,34,-20
19,23,-4
20,24,-4
13,20,-7
17,46,-29
21,44,-23
14,30,-16
31,21,10
21,19,2
16,33,-17
10,23,-13
17,33,-16
27,20,7
21,13,8
34,10,24
23,16,7
7,23,-16
17,38,-21
17,37,-20
29,20,9
10,32,-22
19,23,-4
23,13,10
29,34,-5
30,31,-1
31,45,-14
19,29,-10
16,27,-11
16,40,-24
20,43,-23
3,34,-31
14,27,-13
16,34,-18
7,34,-27
19,20,-1
14,22,-8
20,42,-22
21,41,-20
22,23,-1
17,34,-17
16,28,-12
12,27,-15
20,27,-7
17,24,-7
20,20,0
3,44,-41
13,16,-3
10,20,-10
23,30,-7
26,16,10
13,41,-28
28,48,-20
9,38,-29
17,30,-13
19,31,-12
29,30,-1
14,38,-24
28,20,8
10,9,1
13,33,-20
20,20,0
34,30,4
13,24,-11
17,23,-6
30,45,-15
20,34,-14
5,9,-4
3,13,-10
10,6,4
10,45,-35
17,45,-28
16,24,-8
31,20,11
9,21,-12
10,34,-24
31,20,11
6,23,-17
26,45,-19
31,23,8
6,24,-18
45,23,22
16,24,-8
30,9,21
16,13,3
36,23,13
27,20,7
12,34,-22
22,38,-16
21,24,-3
31,37,-6
13,21,-8
20,17,3
21,18,3
6,29,-23
16,20,-4
10,32,-22
10,27,-17
17,14,3
10,24,-14
0,40,-40
17,20,-3
21,40,-19
10,41,-31
31,17,14
23,23,0
20,34,-14
24,34,-10
30,31,-1
31,21,10
13,20,-7
27,42,-15
7,38,-31
10,26,-16
31,34,-3
13,22,-9
20,31,-11
20,22,-2
6,44,-38
16,29,-13
35,17,18
10,34,-24
13,26,-13
20,24,-4
14,44,-30
21,14,7
24,30,-6
14,27,-13
6,40,-34
23,24,-1
13,20,-7
17,10,7
17,17,0
9,30,-21
16,44,-28
27,41,-14
20,23,-3
37,37,0
32,19,13
17,19,-2
24,30,-6
27,20,7
19,9,10
24,22,2
23,24,-1
10,12,-2
13,11,2
17,16,1
13,23,-10
19,17,2
16,42,-26
7,41,-34
19,21,-2
7,30,-23
13,26,-13
13,35,-22
23,3,20
26,28,-2
13,43,-30
28,33,-5
15,7,8
41,20,21
9,30,-21
16,23,-7
0,21,-21
17,26,-9
19,34,-15
16,20,-4
30,23,7
6,31,-25
15,16,-1
13,20,-7
22,38,-16
0,34,-34
10,44,-34
23,13,10
18,7,11
14,23,-9
36,7,29
20,37,-17
23,26,-3
34,10,24
3,24,-21
26,19,7
35,14,21
32,13,19
17,47,-30
23,21,2
13,23,-10
27,27,0
23,17,6
20,38,-18
7,27,-20
25,17,8
10,20,-10
16,27,-11
13,37,-24
26,14,12
22,10,12
19,7,12
36,3,33
20,27,-7
6,6,0
9,20,-11
34,20,14
33,28,5
10,30,-20
41,10,31
17,45,-28
6,30,-24
13,27,-14
10,22,-12
12,10,2
23,33,-10
24,45,-21
7,35,-28
3,27,-24
14,40,-26
20,16,4
6,40,-34
26,20,6
14,31,-17
20,30,-10
14,14,0
30,17,13
23,24,-1
16,23,-7
10,30,-20
10,26,-16
16,33,-17
21,29,-8
34,16,18
6,35,-29
12,34,-22
6,16,-10
30,16,14
10,18,-8
35,20,15
17,24,-7
17,28,-11
33,20,13
16,16,0
24,33,-9
10,19,-9
16,34,-18
24,16,8
21,14,7
22,14,8
14,27,-13
10,27,-17
20,30,-10
23,21,2
13,37,-24
23,10,13
27,13,14
20,13,7
20,30,-10
9,24,-15
27,32,-5
29,27,2
16,28,-12
10,27,-17
17,3,14
12,20,-8
16,22,-6
28,17,11
17,16,1
6,35,-29
13,10,3
23,24,-1
23,27,-4
24,24,0
16,14,2
9,23,-14
14,37,-23
15,13,2
30,40,-10
27,30,-3
29,7,22
10,24,-14
16,30,-14
20,27,-7
23,24,-1
24,28,-4
37,13,24
14,16,-2
19,17,2
21,16,5
10,27,-17
34,10,24
7,20,-13
30,23,7
28,34,-6
10,22,-12
27,19,8
20,19,1
27,17,10
13,19,-6
14,33,-19
23,26,-3
33,20,13
7,23,-16
44,7,37
35,7,28
40,28,12
10,36,-26
29,23,6
16,38,-22
20,25,-5
32,28,4
23,21,2
30,10,20
34,17,17
27,13,14
30,33,-3
23,34,-11
6,19,-13
16,34,-18
21,24,-3
6,31,-25
10,31,-21
41,31,10
23,31,-8
28,13,15
23,38,-15
23,27,-4
9,33,-24
26,35,-9
10,19,-9
16,20,-4
0,17,-17
26,37,-11
17,38,-21
12,47,-35
31,45,-14
7,33,-26
21,14,7
24,24,0
32,6,26
19,17,2
16,20,-4
7,26,-19
16,13,3
22,27,-5
23,41,-18
24,20,4
31,21,10
30,33,-3
39,10,29
23,34,-11
23,28,-5
24,26,-2
19,33,-14
9,17,-8
13,9,4
16,36,-20
14,29,-15
24,13,11
30,22,8
23,27,-4
14,27,-13
20,20,0
43,17,26
17,14,3
17,30,-13
10,25,-15
7,40,-33
17,16,1
19,34,-15
22,28,-6
15,24,-9
34,15,19
3,37,-34
7,34,-27
17,33,-16
13,38,-25
34,17,17
30,28,2
26,23,3
10,31,-21
20,26,-6
30,20,10
26,24,2
44,24,20
30,31,-1
16,27,-11
17,13,4
13,20,-7
29,37,-8
26,17,9
10,28,-18
20,23,-3
17,42,-25
22,13,9
10,30,-20
16,27,-11
13,26,-13
26,17,9
19,14,5
28,13,15
24,30,-6
26,16,10
22,19,3
6,6,0
37,24,13
24,14,10
9,7,2
10,24,-14
17,10,7
30,21,9
33,13,20
16,26,-10
19,13,6
22,16,6
47,17,30
52,34,18
19,33,-14
13,27,-14
10,31,-21
17,24,-7
19,29,-10
27,23,4
7,20,-13
23,16,7
3,47,-44
16,38,-22
17,34,-17
12,38,-26
23,17,6
29,20,9
13,28,-15
29,31,-2
16,16,0
19,7,12
3,24,-21
33,24,9
17,6,11
26,34,-8
16,9,7
43,8,35
23,21,2
28,24,4
13,16,-3
28,27,1
13,30,-17
17,38,-21
9,9,0
10,27,-17
27,16,11
22,7,15
22,43,-21
13,38,-25
17,30,-13
28,26,2
23,24,-1
19,41,-22
23,20,3
20,14,6
9,23,-14
23,21,2
26,40,-14
23,13,10
24,10,14
10,51,-41
0,38,-38
13,38,-25
30,15,15
37,23,14
12,17,-5
3,46,-43
34,24,10
12,16,-4
7,44,-37
21,27,-6
20,20,0
23,16,7
6,30,-24
17,33,-16
19,31,-12
19,23,-4
12,23,-11
6,35,-29
23,13,10
7,20,-13
31,16,15
13,41,-28
23,13,10
19,7,12
10,17,-7
26,3,23
14,23,-9
13,27,-14
6,38,-32
54,23,31
30,17,13
26,27,-1
34,30,4
22,6,16
6,20,-14
21,50,-29
17,27,-10
33,13,20
33,12,21
24,31,-7
3,38,-35
20,36,-16
27,17,10
17,22,-5
27,27,0
30,13,17
30,27,3
3,22,-19
22,19,3
26,9,17
13,44,-31
30,17,13
27,27,0
10,41,-31
37,28,9
16,24,-8
13,20,-7
27,17,10
13,31,-18
34,24,10
37,42,-5
3,16,-13
23,31,-8
9,33,-24
6,30,-24
16,23,-7
15,41,-26
23,23,0
20,46,-26
17,21,-4
10,23,-13
16,26,-10
7,33,-26
21,23,-2
24,10,14
6,30,-24
20,27,-7
23,20,3
13,34,-21
13,20,-7
27,23,4
23,26,-3
16,20,-4
17,13,4
25,20,5
13,10,3
14,29,-15
24,30,-6
20,27,-7
7,36,-29
17,20,-3
13,28,-15
3,19,-16
17,28,-11
9,17,-8
20,27,-7
24,43,-19
9,30,-21
25,14,11
3,19,-16
25,51,-26
6,48,-42
34,10,24
19,41,-22
23,27,-4
10,22,-12
28,27,1
6,19,-13
13,23,-10
25,20,5
20,33,-13
37,35,2
36,3,33
30,27,3
20,13,7
31,38,-7
13,30,-17
30,27,3
23,13,10
41,30,11
29,17,12
29,21,8
20,24,-4
18,21,-3
33,34,-1
39,6,33
37,7,30
30,24,6
10,27,-17
20,21,-1
20,27,-7
23,33,-10
27,23,4
10,30,-20
17,30,-13
24,25,-1
13,19,-6
24,26,-2
6,26,-20
21,9,12
27,21,6
10,3,7
16,21,-5
27,21,6
23,23,0
20,38,-18
20,26,-6
8,31,-23
28,21,7
20,20,0
20,13,7
20,24,-4
24,10,14
10,51,-41
20,27,-7
31,48,-17
20,36,-16
33,10,23
33,20,13
21,29,-8
44,38,6
30,43,-13
33,17,16
44,20,24
22,51,-29
26,27,-1
12,34,-22
21,26,-5
28,27,1
24,31,-7
40,45,-5
10,13,-3
30,17,13
30,17,13
40,27,13
6,31,-25
17,20,-3
30,0,30
20,41,-21
27,24,3
16,21,-5
27,10,17
10,24,-14
18,23,-5
44,27,17
28,43,-15
31,19,12
23,21,2
23,17,6
10,27,-17
20,14,6
17,24,-7
0,29,-29
34,38,-4
3,38,-35
23,33,-10
10,40,-30
29,30,-1
21,20,1
24,37,-13
0,33,-33
24,29,-5
31,35,-4
41,17,24
33,34,-1
30,41,-11
20,12,8
30,20,10
44,14,30
20,27,-7
45,35,10
20,33,-13
12,16,-4
13,44,-31
15,13,2
22,38,-16
16,14,2
14,30,-16
17,33,-16
19,25,-6
19,13,6
30,19,11
16,17,-1
22,19,3
37,35,2
22,16,6
17,13,4
13,41,-28
18,27,-9
34,40,-6
13,21,-8
23,14,9
10,9,1
7,23,-16
27,19,8
27,31,-4
14,21,-7
6,35,-29
20,13,7
3,36,-33
34,13,21
18,31,-13
9,33,-24
30,27,3
37,6,31
7,24,-17
35,20,15
23,30,-7
37,3,34
13,44,-31
16,27,-11
13,20,-7
3,30,-27
9,21,-12
17,37,-20
24,28,-4
16,38,-22
27,16,11
20,33,-13
24,21,3
13,23,-10
7,16,-9
10,39,-29
22,24,-2
27,19,8
13,19,-6
16,38,-22
14,26,-12
20,24,-4
22,35,-13
10,27,-17
19,24,-5
10,20,-10
9,25,-16
28,21,7
20,29,-9
24,20,4
27,13,14
23,19,4
32,24,8
3,33,-30
16,23,-7
34,24,10
10,26,-16
29,30,-1
25,6,19
34,34,0
27,23,4
17,24,-7
19,30,-11
3,33,-30
13,29,-16
13,34,-21
16,31,-15
38,32,6
27,30,-3
17,30,-13
23,13,10
13,19,-6
27,13,14
27,22,5
33,23,10
34,16,18
40,17,23
29,14,15
21,10,11
5,22,-17
17,31,-14
24,28,-4
16,19,-3
17,30,-13
33,10,23
16,12,4
23,38,-15
7,27,-20
21,31,-10
10,42,-32
34,14,20
10,20,-10
10,33,-23
16,20,-4
9,23,-14
13,23,-10
9,18,-9
22,9,13
6,10,-4
10,38,-28
20,24,-4
19,19,0
29,10,19
19,20,-1
26,20,6
31,44,-13
37,16,21
37,6,31
9,16,-7
27,36,-9
17,14,3
14,20,-6
20,27,-7
20,20,0
24,34,-10
16,22,-6
20,27,-7
3,44,-41
37,30,7
25,24,1
27,20,7
18,17,1
22,29,-7
19,33,-14
27,17,10
12,33,-21
13,16,-3
23,20,3
17,24,-7
16,30,-14
31,34,-3
35,33,2
37,44,-7
2,36,-34
16,23,-7
20,19,1
31,23,8
23,41,-18
24,15,9
28,27,1
27,10,17
30,14,16
27,28,-1
23,35,-12
21,33,-12
27,38,-11
14,26,-12
9,34,-25
20,25,-5
14,17,-3
8,16,-8
30,24,6
13,23,-10
38,45,-7
3,21,-18
28,16,12
37,17,20
20,43,-23
29,27,2
13,17,-4
23,13,10
24,27,-3
24,30,-6
27,3,24
22,27,-5
20,30,-10
10,40,-30
36,16,20
13,51,-38
30,23,7
20,26,-6
24,30,-6
20,6,14
30,24,6
12,29,-17
19,17,2
23,9,14
9,27,-18
14,39,-25
25,19,6
19,27,-8
23,36,-13
19,34,-15
10,34,-24
17,16,1
16,26,-10
34,26,8
30,19,11
45,16,29
28,30,-2
16,34,-18
22,28,-6
24,21,3
13,17,-4
26,10,16
9,34,-25
27,27,0
28,17,11
25,32,-7
28,31,-3
17,47,-30
17,20,-3
18,43,-25
16,43,-27
13,28,-15
13,3,10
24,9,15
20,10,10
33,6,27
10,23,-13
28,17,11
36,30,6
20,20,0
24,20,4
10,37,-27
29,25,4
20,16,4
13,34,-21
34,37,-3
17,30,-13
40,41,-1
23,19,4
34,17,17
28,7,21
20,33,-13
17,30,-13
27,33,-6
13,27,-14
15,19,-4
29,21,8
10,30,-20
16,22,-6
27,38,-11
16,14,2
21,23,-2
36,3,33
10,37,-27
30,35,-5
23,31,-8
14,35,-21
13,34,-21
13,34,-21
19,24,-5
27,36,-9
15,24,-9
22,16,6
19,26,-7
24,23,1
17,28,-11
26,16,10
22,29,-7
27,6,21
34,31,3
23,16,7
19,27,-8
17,32,-15
13,32,-19
24,33,-9
22,26,-4
17,20,-3
15,20,-5
24,27,-3
21,29,-8
17,46,-29
10,36,-26
32,20,12
21,26,-5
24,26,-2
37,28,9
42,35,7
16,16,0
32,34,-2
27,10,17
27,7,20
48,13,35
33,40,-7
7,28,-21
23,35,-12
21,17,4
24,16,8
17,24,-7
10,30,-20
26,34,-8
12,0,12
12,20,-8
36,27,9
21,17,4
26,19,7
41,10,31
14,24,-10
24,41,-17
27,27,0
13,23,-10
37,24,13
13,33,-20
29,24,5
17,16,1
20,37,-17
37,20,17
41,5,36
16,27,-11
21,24,-3
6,31,-25
29,0,29
27,13,14
44,31,13
26,36,-10
21,31,-10
31,16,15
23,37,-14
28,37,-9
30,10,20
32,31,1
36,20,16
31,30,1
23,24,-1
29,38,-9
6,13,-7
19,31,-12
13,41,-28
37,24,13
14,43,-29
20,19,1
51,7,44
16,19,-3
7,20,-13
23,27,-4
17,20,-3
27,15,12
30,24,6
30,20,10
26,31,-5
27,27,0
21,23,-2
20,34,-14
13,17,-4
22,17,5
19,24,-5
36,24,12
22,31,-9
27,10,17
33,6,27
20,28,-8
44,20,24
34,38,-4
20,32,-12
6,28,-22
15,21,-6
9,33,-24
5,28,-23
21,19,2
19,20,-1
44,23,21
23,19,4
10,20,-10
20,24,-4
3,36,-33
22,17,5
36,30,6
31,9,22
32,16,16
16,26,-10
16,37,-21
10,16,-6
20,24,-4
17,27,-10
30,44,-14
30,27,3
17,30,-13
31,13,18
10,39,-29
34,22,12
33,16,17
26,38,-12
7,31,-24
25,6,19
26,12,14
33,27,6
10,30,-20
32,10,22
26,15,11
16,35,-19
32,17,15
15,14,1
28,42,-14
30,9,21
19,14,5
29,24,5
21,24,-3
21,34,-13
6,23,-17
13,42,-29
20,42,-22
13,33,-20
19,30,-11
9,24,-15
26,17,9
36,17,19
20,34,-14
48,24,24
23,14,9
42,20,22
13,30,-17
17,40,-23
40,14,26
22,24,-2
21,24,-3
13,6,7
27,16,11
16,29,-13
33,31,2
24,38,-14
21,30,-9
10,27,-17
9,37,-28
30,12,18
16,27,-11
22,24,-2
10,43,-33
23,36,-13
37,17,20
29,24,5
13,21,-8
26,29,-3
20,23,-3
6,48,-42
40,35,5
23,31,-8
37,15,22
10,45,-35
16,41,-25
25,24,1
27,38,-11
3,20,-17
13,33,-20
13,30,-17
17,16,1
36,34,2
7,27,-20
45,7,38
49,31,18
27,41,-14
27,35,-8
12,22,-10
26,24,2
3,25,-22
22,13,9
20,31,-11
21,38,-17
20,42,-22
43,21,22
30,16,14
23,13,10
23,19,4
29,20,9
27,31,-4
24,20,4
23,27,-4
30,30,0
26,30,-4
19,23,-4
23,10,13
26,26,0
23,7,16
19,26,-7
10,3,7
20,55,-35
10,21,-11
30,20,10
26,35,-9
26,12,14
23,21,2
20,40,-20
30,37,-7
12,20,-8
24,20,4
16,14,2
22,30,-8
36,20,16
24,37,-13
27,24,3
19,44,-25
20,13,7
27,20,7
16,17,-1
21,3,18
14,24,-10
22,16,6
20,7,13
24,28,-4
13,9,4
30,25,5
13,20,-7
3,25,-22
10,26,-16
27,23,4
39,24,15
3,47,-44
12,24,-12
26,9,17
40,14,26
10,13,-3
22,30,-8
27,34,-7
3,39,-36
19,16,3
23,34,-11
23,13,10
17,29,-12
14,45,-31
17,27,-10
23,18,5
25,18,7
37,35,2
14,31,-17
39,34,5
13,31,-18
17,27,-10
37,7,30
20,13,7
31,7,24
16,28,-12
24,16,8
16,14,2
20,26,-6
35,20,15
17,27,-10
20,24,-4
6,29,-23
46,27,19
27,16,11
6,23,-17
16,30,-14
32,27,5
19,17,2
5,26,-21
46,28,18
28,24,4
10,31,-21
33,37,-4
20,42,-22
22,26,-4
19,13,6
20,16,4
26,38,-12
24,27,-3
19,16,3
33,27,6
13,32,-19
13,27,-14
33,23,10
23,31,-8
30,30,0
27,3,24
25,7,18
13,38,-25
6,16,-10
26,17,9
51,17,34
12,30,-18
28,7,21
19,40,-21
14,34,-20
22,17,5
23,45,-22
12,23,-11
14,17,-3
28,24,4
17,33,-16
30,30,0
38,27,11
27,20,7
38,17,21
37,23,14
24,29,-5
19,23,-4
16,23,-7
23,24,-1
23,20,3
9,13,-4
36,16,20
19,27,-8
20,30,-10
30,24,6
27,17,10
34,21,13
10,30,-20
16,33,-17
28,30,-2
23,32,-9
33,17,16
34,31,3
29,19,10
23,14,9
35,10,25
37,17,20
20,36,-16
20,20,0
18,20,-2
30,10,20
25,12,13
17,17,0
28,6,22
30,27,3
19,24,-5
22,30,-8
13,44,-31
19,17,2
30,17,13
27,33,-6
25,34,-9
13,12,1
20,24,-4
39,20,19
20,13,7
24,23,1
15,18,-3
34,27,7
26,3,23
27,21,6
29,17,12
23,20,3
27,28,-1
34,9,25
10,26,-16
26,21,5
16,42,-26
7,26,-19
13,29,-16
23,30,-7
22,21,1
29,33,-4
34,6,28
33,24,9
23,20,3
12,20,-8
19,31,-12
22,10,12
19,16,3
10,36,-26
19,34,-15
32,27,5
23,14,9
13,24,-11
20,24,-4
27,23,4
21,13,8
40,27,13
13,30,-17
20,19,1
20,24,-4
17,34,-17
19,17,2
27,16,11
15,29,-14
34,14,20
23,23,0
16,21,-5
20,28,-8
10,31,-21
44,17,27
36,20,16
23,24,-1
36,38,-2
3,30,-27
36,28,8
6,24,-18
13,27,-14
17,38,-21
13,16,-3
33,27,6
6,37,-31
23,29,-6
38,24,14
41,31,10
9,9,0
20,12,8
16,13,3
10,41,-31
19,27,-8
14,29,-15
13,14,-1
13,26,-13
33,10,23
13,21,-8
23,9,14
24,52,-28
10,26,-16
23,27,-4
11,17,-6
7,49,-42
26,14,12
12,32,-20
22,27,-5
13,21,-8
33,12,21
16,30,-14
13,10,3
10,20,-10
24,20,4
29,10,19
19,33,-14
16,31,-15
10,34,-24
10,35,-25
16,7,9
17,0,17
44,13,31
31,27,4
20,17,3
23,50,-27
27,23,4
25,24,1
27,12,15
23,17,6
13,35,-22
33,17,16
10,40,-30
20,21,-1
12,31,-19
23,27,-4
7,43,-36
28,12,16
27,13,14
14,16,-2
29,3,26
29,28,1
33,24,9
12,13,-1
30,28,2
13,33,-20
12,15,-3
33,9,24
7,25,-18
14,37,-23
36,35,1
46,30,16
27,23,4
36,24,12
13,24,-11
16,30,-14
29,35,-6
17,42,-25
31,25,6
9,27,-18
23,30,-7
31,14,17
13,21,-8
16,34,-18
13,40,-27
13,35,-22
43,10,33
41,25,16
33,38,-5
23,23,0
32,27,5
33,20,13
9,37,-28
26,24,2
40,14,26
27,35,-8
29,45,-16
3,16,-13
24,27,-3
27,22,5
39,14,25
21,19,2
16,17,-1
20,25,-5
17,41,-24
40,13,27
9,27,-18
9,29,-20
27,27,0
18,13,5
31,20,11
27,33,-6
16,13,3
19,13,6
26,20,6
10,40,-30
21,19,2
27,16,11
16,20,-4
36,20,16
28,9,19
37,13,24
7,23,-16
13,39,-26
24,23,1
33,31,2
17,10,7
24,14,10
31,6,25
13,41,-28
20,13,7
36,17,19
23,10,13
9,44,-35
37,28,9
13,17,-4
26,34,-8
10,24,-14
17,37,-20
44,28,16
41,21,20
13,26,-13
16,41,-25
31,17,14
6,10,-4
24,16,8
13,32,-19
16,24,-8
19,9,10
23,23,0
20,17,3
10,30,-20
23,0,23
13,14,-1
25,16,9
47,27,20
16,23,-7
40,24,16
22,19,3
24,20,4
13,10,3
16,33,-17
26,21,5
36,27,9
32,3,29
21,13,8
20,34,-14
24,27,-3
17,16,1
27,14,13
6,20,-14
44,13,31
34,10,24
16,19,-3
26,24,2
13,17,-4
43,17,26
29,27,2
27,28,-1
13,9,4
29,21,8
9,27,-18
19,28,-9
16,25,-9
27,10,17
22,17,5
30,37,-7
28,33,-5
24,22,2
30,27,3
12,31,-19
30,20,10
20,33,-13
10,27,-17
16,31,-15
19,20,-1
10,30,-20
12,18,-6
6,17,-11
23,17,6
15,13,2
10,9,1
37,26,11
20,19,1
16,10,6
6,29,-23
6,32,-26
31,40,-9
18,7,11
14,19,-5
16,33,-17
30,27,3
26,34,-8
17,34,-17
18,25,-7
25,17,8
13,30,-17
3,23,-20
17,20,-3
16,24,-8
14,30,-16
21,34,-13
23,23,0
24,17,7
23,31,-8
10,25,-15
6,9,-3
29,36,-7
40,16,24
27,17,10
34,30,4
7,44,-37
16,24,-8
25,37,-12
22,20,2
19,21,-2
29,10,19
19,27,-8
19,37,-18
12,17,-5
23,17,6
46,24,22
31,27,4
24,31,-7
16,49,-33
21,20,1
17,41,-24
10,55,-45
22,38,-16
29,13,16
17,48,-31
17,22,-5
3,26,-23
20,47,-27
9,40,-31
27,17,10
9,16,-7
23,20,3
19,37,-18
20,31,-11
44,24,20
12,9,3
29,34,-5
33,13,20
18,26,-8
22,25,-3
46,14,32
0,39,-39
23,20,3
35,7,28
19,17,2
9,13,-4
10,45,-35
20,20,0
27,17,10
49,24,25
25,14,11
26,16,10
14,24,-10
28,13,15
15,31,-16
18,3,15
17,16,1
3,27,-24
17,34,-17
19,23,-4
43,17,26
16,24,-8
9,16,-7
26,13,13
34,13,21
12,9,3
27,13,14
27,16,11
13,13,0
16,27,-11
27,16,11
9,26,-17
29,3,26
34,24,10
28,27,1
20,33,-13
10,26,-16
20,16,4
19,19,0
31,21,10
37,10,27
6,24,-18
21,27,-6
17,33,-16
25,27,-2
19,22,-3
23,27,-4
12,7,5
15,16,-1
15,14,1
31,26,5
25,10,15
31,34,-3
23,13,10
17,41,-24
23,6,17
3,50,-47
17,27,-10
16,13,3
19,41,-22
30,21,9
27,6,21
33,21,12
36,17,19
26,23,3
23,34,-11
25,20,5
17,33,-16
38,21,17
15,13,2
17,13,4
20,28,-8
15,20,-5
16,21,-5
28,26,2
10,20,-10
29,33,-4
20,7,13
29,21,8
23,23,0
16,14,2
17,25,-8
25,24,1
30,30,0
30,13,17
10,10,0
13,31,-18
3,23,-20
27,16,11
33,17,16
22,23,-1
16,24,-8
27,17,10
23,13,10
0,13,-13
6,13,-7
17,17,0
19,27,-8
17,23,-6
25,12,13
34,7,27
40,21,19
17,14,3
17,29,-12
17,38,-21
29,13,16
29,19,10
17,14,3
16,45,-29
32,38,-6
40,40,0
27,13,14
17,7,10
17,36,-19
32,26,6
26,24,2
32,7,25
10,34,-24
10,24,-14
27,16,11
27,30,-3
9,23,-14
17,26,-9
38,16,22
17,20,-3
5,41,-36
17,14,3
24,10,14
30,6,24
32,14,18
13,29,-16
20,23,-3
22,17,5
22,7,15
7,29,-22
31,31,0
23,28,-5
19,47,-28
13,33,-20
20,20,0
20,16,4
35,34,1
33,23,10
16,22,-6
37,20,17
26,21,5
7,18,-11
29,38,-9
19,7,12
26,21,5
26,23,3
30,18,12
3,20,-17
17,45,-28
17,17,0
22,9,13
15,19,-4
20,26,-6
10,22,-12
19,19,0
24,20,4
34,16,18
16,12,4
31,26,5
34,34,0
23,24,-1
27,41,-14
26,21,5
20,28,-8
10,10,0
23,30,-7
21,27,-6
48,10,38
26,24,2
20,21,-1
22,20,2
29,17,12
12,23,-11
41,3,38
26,6,20
24,36,-12
41,24,17
23,30,-7
12,24,-12
13,28,-15
25,17,8
27,23,4
3,21,-18
10,41,-31
20,20,0
19,21,-2
20,22,-2
20,43,-23
23,34,-11
13,10,3
14,27,-13
17,31,-14
19,27,-8
43,14,29
16,10,6
19,23,-4
33,14,19
26,22,4
16,31,-15
17,10,7
41,20,21
40,27,13
10,6,4
19,28,-9
27,27,0
25,29,-4
29,20,9
23,27,-4
47,10,37
26,17,9
0,34,-34
31,30,1
10,48,-38
27,19,8
12,13,-1
36,16,20
13,31,-18
36,7,29
36,17,19
30,21,9
33,34,-1
23,38,-15
14,44,-30
21,27,-6
30,21,9
20,13,7
13,20,-7
40,27,13
12,3,9
27,14,13
21,20,1
13,17,-4
24,23,1
13,21,-8
36,23,13
47,10,37
41,24,17
34,23,11
20,39,-19
27,33,-6
10,27,-17
23,22,1
20,37,-17
0,30,-30
20,29,-9
26,38,-12
21,24,-3
9,23,-14
51,35,16
33,30,3
30,24,6
26,7,19
23,24,-1
29,21,8
17,29,-12
30,13,17
24,19,5
6,19,-13
21,31,-10
9,20,-11
18,20,-2
14,19,-5
20,13,7
36,3,33
26,9,17
30,10,20
26,24,2
26,19,7
29,25,4
31,37,-6
20,29,-9
17,27,-10
22,17,5
35,28,7
15,20,-5
21,34,-13
30,19,11
26,34,-8
17,30,-13
22,14,8
17,37,-20
17,29,-12
20,31,-11
29,20,9
19,24,-5
23,20,3
16,31,-15
20,14,6
13,38,-25
27,28,-1
13,27,-14
31,19,12
53,14,39
26,21,5
24,21,3
23,27,-4
36,34,2
29,33,-4
13,30,-17
19,17,2
32,16,16
23,20,3
13,41,-28
21,21,0
7,23,-16
28,23,5
28,28,0
12,24,-12
32,16,16
38,27,11
33,31,2
25,21,4
30,35,-5
22,23,-1
30,19,11
18,17,1
26,37,-11
30,21,9
17,29,-12
31,17,14
41,21,20
48,20,28
26,24,2
24,33,-9
3,34,-31
16,30,-14
12,23,-11
16,41,-25
29,13,16
12,27,-15
12,27,-15
30,3,27
17,19,-2
10,29,-19
20,17,3
23,20,3
13,38,-25
37,26,11
16,33,-17
26,7,19
13,22,-9
35,17,18
34,19,15
22,22,0
24,24,0
24,20,4
17,31,-14
19,34,-15
17,23,-6
13,24,-11
28,21,7
22,27,-5
26,23,3
20,27,-7
3,17,-14
22,7,15
17,24,-7
13,20,-7
17,36,-19
24,27,-3
19,20,-1
23,19,4
27,10,17
17,16,1
13,27,-14
32,23,9
33,28,5
20,10,10
19,27,-8
13,23,-10
23,37,-14
40,31,9
33,13,20
17,31,-14
16,36,-20
20,25,-5
40,13,27
19,27,-8
29,24,5
13,44,-31
28,17,11
16,30,-14
17,16,1
27,10,17
18,17,1
22,20,2
23,31,-8
23,27,-4
32,22,10
24,31,-7
21,7,14
23,31,-8
20,10,10
12,5,7
37,31,6
17,37,-20
23,26,-3
21,49,-28
7,19,-12
12,27,-15
17,16,1
10,33,-23
9,20,-11
7,15,-8
39,31,8
3,48,-45
17,21,-4
20,27,-7
30,10,20
17,20,-3
21,13,8
19,24,-5
24,31,-7
23,10,13
33,24,9
9,16,-7
30,16,14
22,23,-1
17,19,-2
10,34,-24
16,8,8
15,10,5
44,3,41
20,21,-1
32,26,6
27,29,-2
27,14,13
22,24,-2
26,27,-1
36,6,30
25,16,9
24,35,-11
32,13,19
20,31,-11
33,31,2
13,16,-3
26,20,6
28,22,6
14,27,-13
24,28,-4
12,24,-12
10,26,-16
17,31,-14
20,23,-3
17,29,-12
10,22,-12
16,10,6
23,16,7
23,23,0
30,14,16
21,31,-10
17,13,4
19,13,6
24,10,14
29,3,26
13,38,-25
13,17,-4
32,21,11
10,22,-12
20,31,-11
25,19,6
7,15,-8
41,27,14
21,38,-17
0,29,-29
13,28,-15
0,41,-41
36,30,6
14,24,-10
31,21,10
35,21,14
15,12,3
22,27,-5
12,33,-21
13,24,-11
25,14,11
3,40,-37
19,22,-3
16,30,-14
20,33,-13
13,38,-25
3,27,-24
19,39,-20
34,7,27
30,24,6
23,16,7
21,28,-7
21,30,-9
21,17,4
20,10,10
36,31,5
30,13,17
7,30,-23
27,10,17
16,7,9
19,16,3
31,9,22
37,28,9
26,14,12
19,36,-17
6,20,-14
31,26,5
23,17,6
37,20,17
31,33,-2
32,10,22
29,34,-5
18,21,-3
22,24,-2
25,3,22
26,34,-8
26,26,0
21,15,6
29,23,6
23,30,-7
19,41,-22
14,23,-9
47,2,45
29,23,6
21,6,15
17,41,-24
31,26,5
0,20,-20
36,45,-9
10,26,-16
16,30,-14
20,13,7
26,23,3
27,29,-2
33,35,-2
27,48,-21
27,27,0
24,13,11
26,34,-8
26,6,20
19,27,-8
10,17,-7
29,28,1
13,20,-7
9,29,-20
9,24,-15
13,24,-11
23,19,4
19,22,-3
36,20,16
19,3,16
13,24,-11
32,14,18
20,10,10
16,30,-14
16,29,-13
43,21,22
34,20,14
37,27,10
24,27,-3
18,9,9
13,20,-7
10,16,-6
35,28,7
17,38,-21
22,20,2
16,23,-7
20,31,-11
10,36,-26
20,33,-13
22,23,-1
22,17,5
16,17,-1
26,17,9
34,21,13
39,14,25
15,17,-2
26,16,10
24,16,8
14,31,-17
17,47,-30
24,24,0
16,37,-21
10,34,-24
23,17,6
19,20,-1
28,19,9
16,22,-6
10,34,-24
26,20,6
41,34,7
23,7,16
29,9,20
17,17,0
26,19,7
10,20,-10
10,37,-27
30,23,7
23,22,1
23,31,-8
33,14,19
17,28,-11
13,23,-10
3,47,-44
16,10,6
27,24,3
30,16,14
36,32,4
32,7,25
6,34,-28
26,10,16
34,31,3
19,34,-15
18,24,-6
33,17,16
26,13,13
24,24,0
16,9,7
9,23,-14
14,26,-12
6,17,-11
13,31,-18
37,13,24
16,27,-11
33,20,13
13,27,-14
36,30,6
10,21,-11
21,14,7
22,16,6
13,27,-14
20,31,-11
40,17,23
24,28,-4
33,17,16
23,30,-7
31,28,3
27,24,3
27,17,10
26,28,-2
19,28,-9
6,38,-32
25,11,14
6,27,-21
49,21,28
29,17,12
14,24,-10
26,13,13
13,40,-27
9,29,-20
30,32,-2
30,20,10
6,30,-24
10,20,-10
23,24,-1
10,20,-10
3,23,-20
28,22,6
37,22,15
24,18,6
26,17,9
27,27,0
12,21,-9
6,19,-13
41,16,25
15,21,-6
19,7,12
16,25,-9
21,31,-10
24,20,4
30,31,-1
33,10,23
20,24,-4
22,24,-2
32,20,12
33,30,3
22,36,-14
19,23,-4
40,23,17
13,21,-8
38,7,31
17,23,-6
13,20,-7
39,21,18
43,21,22
30,20,10
16,24,-8
35,34,1
16,31,-15
27,42,-15
25,24,1
34,34,0
27,26,1
30,46,-16
36,2,34
9,17,-8
20,31,-11
20,17,3
7,27,-20
22,27,-5
10,23,-13
7,48,-41
16,13,3
20,23,-3
27,20,7
9,6,3
14,35,-21
22,13,9
23,10,13
12,17,-5
20,12,8
30,34,-4
31,27,4
10,28,-18
29,30,-1
21,31,-10
32,27,5
14,19,-5
31,31,0
15,20,-5
11,29,-18
30,23,7
29,7,22
45,30,15
31,31,0
26,36,-10
26,3,23
9,21,-12
27,26,1
22,13,9
34,17,17
17,24,-7
16,28,-12
15,24,-9
29,17,12
9,37,-28
23,16,7
13,27,-14
34,17,17
20,13,7
6,17,-11
37,26,11
32,27,5
24,9,15
19,27,-8
10,10,0
16,24,-8
15,28,-13
9,12,-3
31,35,-4
20,24,-4
12,26,-14
27,16,11
16,13,3
17,37,-20
21,37,-16
25,10,15
41,13,28
26,31,-5
26,37,-11
16,52,-36
37,20,17
29,21,8
29,20,9
34,20,14
29,24,5
17,23,-6
22,24,-2
27,21,6
13,24,-11
29,13,16
37,38,-1
21,23,-2
20,24,-4
7,23,-16
41,17,24
24,36,-12
44,30,14
23,23,0
40,17,23
12,39,-27
15,31,-16
23,21,2
28,16,12
16,19,-3
26,21,5
46,10,36
29,26,3
22,10,12
24,23,1
10,34,-24
30,21,9
3,24,-21
30,37,-7
19,20,-1
33,16,17
26,14,12
20,34,-14
17,20,-3
22,23,-1
26,17,9
17,9,8
18,3,15
26,31,-5
33,24,9
24,41,-17
33,13,20
20,17,3
10,26,-16
27,22,5
26,13,13
37,28,9
31,26,5
49,28,21
47,21,26
23,28,-5
20,20,0
17,13,4
20,20,0
32,10,22
34,24,10
16,16,0
26,29,-3
24,6,18
14,20,-6
27,13,14
14,27,-13
20,6,14
10,32,-22
13,30,-17
28,16,12
19,27,-8
13,22,-9
21,16,5
22,10,12
19,26,-7
17,13,4
27,16,11
26,24,2
13,24,-11
13,27,-14
26,35,-9
19,27,-8
27,37,-10
36,35,1
22,9,13
24,31,-7
17,26,-9
16,33,-17
17,36,-19
41,24,17
30,7,23
51,21,30
10,23,-13
24,14,10
37,27,10
37,26,11
7,26,-19
13,23,-10
17,36,-19
31,34,-3
23,17,6
6,12,-6
19,9,10
38,19,19
29,20,9
6,6,0
17,34,-17
12,13,-1
3,33,-30
35,34,1
19,36,-17
6,30,-24
29,17,12
15,9,6
16,33,-17
14,19,-5
22,40,-18
30,13,17
30,10,20
17,20,-3
24,48,-24
3,26,-23
7,26,-19
20,16,4
22,28,-6
20,16,4
16,27,-11
30,29,1
12,20,-8
33,20,13
23,31,-8
23,31,-8
22,13,9
28,20,8
29,31,-2
19,20,-1
21,36,-15
24,24,0
44,13,31
13,17,-4
16,23,-7
13,13,0
19,17,2
26,17,9
26,34,-8
27,17,10
19,28,-9
27,28,-1
16,24,-8
12,21,-9
22,19,3
17,27,-10
13,22,-9
12,19,-7
27,27,0
25,36,-11
10,17,-7
12,16,-4
13,37,-24
30,17,13
34,14,20
13,3,10
23,21,2
30,23,7
26,23,3
38,19,19
33,31,2
26,13,13
34,15,19
29,30,-1
28,17,11
24,23,1
10,3,7
14,31,-17
35,17,18
16,10,6
27,10,17
18,6,12
19,3,16
20,19,1
23,34,-11
18,24,-6
33,34,-1
13,26,-13
27,38,-11
16,19,-3
29,35,-6
24,24,0
17,38,-21
7,38,-31
7,13,-6
17,31,-14
29,16,13
29,0,29
25,3,22
29,14,15
29,17,12
32,24,8
25,19,6
32,44,-12
29,13,16
7,17,-10
7,30,-23
34,17,17
34,17,17
34,31,3
17,16,1
9,24,-15
22,17,5
6,16,-10
16,14,2
9,33,-24
12,24,-12
18,6,12
30,13,17
14,30,-16
19,17,2
43,20,23
24,28,-4
13,14,-1
21,12,9
24,34,-10
29,27,2
10,24,-14
16,28,-12
26,20,6
16,12,4
17,14,3
16,17,-1
40,21,19
24,38,-14
23,27,-4
19,17,2
33,24,9
17,17,0
30,16,14
10,23,-13
17,31,-14
41,16,25
21,30,-9
34,28,6
37,10,27
31,20,11
23,17,6
33,31,2
22,34,-12
20,37,-17
26,29,-3
40,21,19
14,34,-20
26,16,10
20,38,-18
37,24,13
33,13,20
17,37,-20
20,31,-11
31,37,-6
9,13,-4
23,3,20
10,16,-6
13,21,-8
30,12,18
24,17,7
21,27,-6
14,29,-15
26,20,6
23,24,-1
10,14,-4
17,23,-6
30,17,13
32,17,15
29,16,13
12,13,-1
20,17,3
15,45,-30
3,7,-4
21,7,14
7,13,-6
19,20,-1
16,37,-21
34,15,19
25,27,-2
21,26,-5
16,7,9
36,7,29
34,13,21
3,17,-14
19,31,-12
16,31,-15
36,30,6
30,17,13
23,13,10
32,22,10
9,31,-22
23,27,-4
43,20,23
36,16,20
33,23,10
24,21,3
24,20,4
28,29,-1
31,14,17
19,27,-8
23,31,-8
26,10,16
28,13,15
19,17,2
33,14,19
41,15,26
33,13,20
24,13,11
22,18,4
33,31,2
32,10,22
26,14,12
30,20,10
10,27,-17
9,10,-1
32,18,14
7,31,-24
20,27,-7
16,27,-11
20,13,7
19,20,-1
16,19,-3
34,23,11
16,24,-8
27,34,-7
12,26,-14
10,16,-6
32,14,18
17,19,-2
13,27,-14
20,21,-1
37,34,3
32,24,8
30,41,-11
33,21,12
34,24,10
23,27,-4
19,17,2
28,0,28
17,17,0
23,17,6
26,20,6
26,24,2
7,37,-30
20,16,4
30,22,8
20,23,-3
19,17,2
13,19,-6
26,21,5
10,24,-14
25,31,-6
22,13,9
24,38,-14
46,28,18
36,24,12
27,20,7
7,33,-26
20,34,-14
26,33,-7
30,44,-14
13,23,-10
37,20,17
10,23,-13
7,24,-17
55,10,45
44,21,23
20,20,0
22,17,5
31,7,24
10,17,-7
40,35,5
23,17,6
21,33,-12
21,24,-3
35,6,29
19,22,-3
33,6,27
21,10,11
20,36,-16
33,38,-5
13,18,-5
20,29,-9
38,40,-2
7,24,-17
16,16,0
34,0,34
29,17,12
27,14,13
30,24,6
3,9,-6
37,27,10
20,7,13
21,26,-5
28,24,4
29,31,-2
17,17,0
9,16,-7
26,6,20
17,38,-21
23,23,0
37,14,23
27,21,6
28,7,21
19,30,-11
16,13,3
12,21,-9
10,19,-9
20,28,-8
13,23,-10
16,16,0
27,32,-5
30,16,14
26,23,3
27,29,-2
7,23,-16
25,19,6
20,31,-11
26,21,5
30,17,13
35,30,5
37,24,13
37,24,13
40,24,16
16,21,-5
29,10,19
27,17,10
26,13,13
29,31,-2
33,24,9
15,20,-5
10,40,-30
18,19,-1
23,14,9
13,31,-18
30,43,-13
34,10,24
12,30,-18
55,21,34
24,10,14
24,20,4
29,19,10
31,16,15
16,29,-13
38,26,12
23,30,-7
14,18,-4
23,17,6
36,24,12
32,17,15
17,20,-3
22,30,-8
18,49,-31
24,23,1
23,27,-4
17,6,11
20,27,-7
27,35,-8
27,17,10
35,28,7
19,24,-5
37,31,6
19,23,-4
14,27,-13
33,7,26
21,23,-2
20,13,7
31,10,21
17,40,-23
47,12,35
29,29,0
43,10,33
30,35,-5
33,20,13
37,20,17
34,21,13
17,17,0
20,30,-10
36,17,19
0,29,-29
6,23,-17
24,23,1
13,13,0
50,14,36
18,17,1
19,17,2
16,27,-11
17,41,-24
20,10,10
16,26,-10
27,30,-3
16,12,4
16,16,0
37,17,20
37,21,16
26,21,5
30,31,-1
13,37,-24
20,23,-3
36,24,12
36,10,26
20,18,2
10,43,-33
27,20,7
37,0,37
12,32,-20
34,24,10
27,24,3
32,14,18
27,40,-13
16,31,-15
37,10,27
20,35,-15
20,24,-4
16,26,-10
15,23,-8
31,25,6
29,23,6
27,0,27
19,34,-15
10,19,-9
7,27,-20
17,6,11
26,17,9
16,13,3
45,13,32
23,30,-7
26,28,-2
20,34,-14
40,36,4
27,16,11
20,23,-3
33,30,3
6,38,-32
14,16,-2
20,10,10
20,19,1
19,21,-2
29,17,12
26,31,-5
23,31,-8
12,35,-23
27,27,0
13,30,-17
33,20,13
12,13,-1
14,13,1
16,20,-4
12,40,-28
12,23,-11
39,28,11
20,30,-10
26,13,13
17,44,-27
20,19,1
31,6,25
47,27,20
23,40,-17
20,10,10
38,21,17
24,14,10
28,28,0
19,16,3
16,13,3
31,27,4
14,37,-23
44,28,16
33,28,5
24,34,-10
20,10,10
37,17,20
16,34,-18
8,24,-16
22,16,6
13,20,-7
19,30,-11
25,20,5
35,21,14
30,31,-1
13,19,-6
10,24,-14
40,7,33
24,29,-5
3,24,-21
42,16,26
14,39,-25
21,23,-2
45,22,23
30,30,0
7,16,-9
33,23,10
13,24,-11
17,30,-13
25,28,-3
23,20,3
24,23,1
20,28,-8
14,30,-16
30,14,16
40,13,27
23,14,9
14,30,-16
29,28,1
30,16,14
14,50,-36
10,16,-6
44,30,14
17,13,4
27,27,0
23,31,-8
33,27,6
27,16,11
16,33,-17
25,19,6
43,24,19
20,27,-7
22,20,2
16,26,-10
34,27,7
29,33,-4
22,17,5
27,40,-13
20,24,-4
26,18,8
24,14,10
13,20,-7
23,23,0
21,23,-2
22,3,19
7,25,-18
48,31,17
34,34,0
14,13,1
19,13,6
16,31,-15
20,17,3
13,19,-6
20,24,-4
22,17,5
39,21,18
46,20,26
26,33,-7
17,34,-17
16,35,-19
32,24,8
38,29,9
3,12,-9
32,13,19
29,7,22
24,28,-4
20,44,-24
31,34,-3
13,17,-4
33,21,12
19,20,-1
23,49,-26
25,24,1
16,38,-22
6,30,-24
13,24,-11
36,17,19
10,12,-2
27,20,7
6,38,-32
29,24,5
42,23,19
24,14,10
32,13,19
34,23,11
29,16,13
29,29,0
0,59,-59
24,39,-15
26,21,5
30,20,10
33,28,5
16,10,6
33,47,-14
38,21,17
13,17,-4
6,9,-3
27,24,3
12,19,-7
17,12,5
27,34,-7
30,16,14
29,16,13
31,29,2
29,28,1
26,28,-2
20,38,-18
3,30,-27
7,29,-22
40,26,14
10,16,-6
15,19,-4
20,27,-7
35,52,-17
20,23,-3
12,17,-5
31,30,1
28,27,1
25,3,22
17,30,-13
19,39,-20
16,38,-22
19,21,-2
23,27,-4
19,27,-8
33,23,10
20,14,6
16,34,-18
20,17,3
29,21,8
27,30,-3
25,12,13
24,30,-6
32,17,15
35,28,7
33,10,23
12,39,-27
24,31,-7
20,33,-13
10,18,-8
36,37,-1
17,13,4
26,13,13
26,13,13
24,14,10
20,20,0
31,20,11
31,31,0
24,52,-28
20,26,-6
22,35,-13
27,17,10
38,17,21
18,26,-8
16,24,-8
34,3,31
12,27,-15
22,20,2
29,34,-5
36,3,33
13,28,-15
23,26,-3
23,34,-11
41,19,22
19,17,2
20,47,-27
20,27,-7
28,16,12
19,24,-5
13,28,-15
16,27,-11
23,20,3
26,20,6
24,22,2
9,37,-28
18,31,-13
28,34,-6
9,27,-18
16,31,-15
26,16,10
37,34,3
6,34,-28
32,17,15
12,13,-1
13,31,-18
21,30,-9
26,13,13
37,20,17
20,38,-18
34,23,11
0,20,-20
27,19,8
33,30,3
33,17,16
0,36,-36
22,17,5
10,21,-11
33,36,-3
34,23,11
7,33,-26
10,25,-15
9,13,-4
15,26,-11
20,15,5
34,21,13
19,21,-2
24,27,-3
23,6,17
43,20,23
23,23,0
16,13,3
30,33,-3
17,24,-7
27,3,24
27,37,-10
14,19,-5
20,29,-9
7,13,-6
38,31,7
17,23,-6
19,27,-8
20,3,17
10,34,-24
13,27,-14
26,20,6
16,9,7
25,23,2
23,27,-4
34,24,10
16,13,3
19,14,5
34,33,1
20,23,-3
13,23,-10
3,16,-13
13,14,-1
23,27,-4
23,35,-12
19,24,-5
13,16,-3
13,26,-13
24,17,7
14,9,5
16,17,-1
16,30,-14
17,20,-3
13,30,-17
10,16,-6
0,31,-31
23,30,-7
30,20,10
33,31,2
12,3,9
30,34,-4
20,22,-2
33,10,23
23,10,13
29,25,4
17,31,-14
17,27,-10
24,17,7
17,31,-14
31,20,11
13,27,-14
19,16,3
20,13,7
19,21,-2
17,20,-3
17,17,0
31,20,11
29,33,-4
32,17,15
33,17,16
18,23,-5
20,16,4
13,19,-6
23,31,-8
30,24,6
17,14,3
19,30,-11
26,3,23
27,24,3
13,20,-7
24,24,0
13,23,-10
19,20,-1
49,13,36
6,13,-7
13,24,-11
3,24,-21
38,13,25
51,14,37
24,7,17
10,26,-16
26,21,5
13,24,-11
14,27,-13
29,16,13
22,14,8
0,19,-19
29,17,12
20,12,8
36,14,22
18,19,-1
13,23,-10
15,39,-24
20,24,-4
17,16,1
19,31,-12
14,41,-27
9,16,-7
31,20,11
17,26,-9
31,44,-13
26,31,-5
26,20,6
10,22,-12
22,37,-15
28,26,2
23,31,-8
26,17,9
20,16,4
6,30,-24
40,7,33
13,30,-17
16,13,3
9,35,-26
26,7,19
13,28,-15
40,26,14
34,17,17
37,21,16
27,14,13
18,16,2
6,10,-4
19,26,-7
28,30,-2
27,33,-6
13,33,-20
14,33,-19
27,34,-7
24,10,14
26,37,-11
7,22,-15
17,24,-7
25,6,19
9,22,-13
24,19,5
19,16,3
9,17,-8
13,22,-9
23,27,-4
13,23,-10
23,17,6
14,14,0
17,38,-21
19,19,0
41,23,18
12,14,-2
24,30,-6
41,7,34
10,27,-17
20,33,-13
20,29,-9
24,21,3
29,20,9
27,13,14
37,27,10
19,38,-19
33,32,1
24,15,9
10,25,-15
23,17,6
18,9,9
25,16,9
13,33,-20
9,19,-10
20,17,3
16,21,-5
23,24,-1
30,16,14
26,19,7
22,10,12
19,27,-8
20,23,-3
24,0,24
29,10,19
33,31,2
17,15,2
31,24,7
31,20,11
30,31,-1
10,45,-35
13,26,-13
19,15,4
30,22,8
13,23,-10
21,40,-19
34,22,12
23,33,-10
24,3,21
23,9,14
16,23,-7
30,23,7
30,17,13
25,27,-2
29,20,9
19,17,2
12,34,-22
24,24,0
24,43,-19
19,14,5
21,27,-6
19,20,-1
40,13,27
26,21,5
14,26,-12
13,16,-3
12,33,-21
6,15,-9
6,35,-29
9,33,-24
34,28,6
17,23,-6
23,13,10
13,20,-7
24,40,-16
3,37,-34
16,28,-12
34,31,3
16,19,-3
25,21,4
21,40,-19
26,3,23
21,27,-6
32,42,-10
13,13,0
17,27,-10
40,30,10
20,7,13
16,28,-12
14,7,7
29,27,2
9,17,-8
27,12,15
44,13,31
21,24,-3
17,30,-13
7,37,-30
29,16,13
20,27,-7
13,37,-24
12,27,-15
12,17,-5
6,24,-18
23,17,6
35,14,21
26,31,-5
27,29,-2
25,14,11
17,20,-3
0,24,-24
26,17,9
40,7,33
16,23,-7
7,30,-23
27,38,-11
23,26,-3
12,23,-11
25,40,-15
23,28,-5
10,20,-10
23,14,9
19,28,-9
20,17,3
27,13,14
14,40,-26
15,30,-15
17,44,-27
31,38,-7
28,31,-3
36,34,2
53,28,25
13,31,-18
23,38,-15
33,24,9
35,13,22
9,7,2
17,20,-3
33,24,9
12,26,-14
19,17,2
3,22,-19
9,27,-18
20,47,-27
23,28,-5
24,14,10
18,6,12
26,10,16
35,17,18
23,30,-7
34,21,13
23,16,7
27,17,10
16,21,-5
22,21,1
31,34,-3
30,23,7
27,6,21
22,16,6
20,3,17
12,26,-14
13,22,-9
19,23,-4
21,32,-11
20,23,-3
14,23,-9
13,27,-14
35,45,-10
23,16,7
33,20,13
16,13,3
34,12,22
37,17,20
24,27,-3
31,20,11
16,45,-29
33,20,13
23,17,6
13,13,0
23,14,9
32,24,8
51,24,27
3,29,-26
6,25,-19
36,33,3
13,30,-17
10,24,-14
27,19,8
3,19,-16
20,21,-1
10,27,-17
20,40,-20
23,23,0
23,7,16
22,37,-15
6,26,-20
0,44,-44
16,27,-11
13,33,-20
27,31,-4
10,10,0
13,27,-14
29,19,10
27,42,-15
14,23,-9
16,36,-20
17,13,4
17,35,-18
29,19,10
31,27,4
19,10,9
20,31,-11
7,26,-19
30,34,-4
23,38,-15
20,30,-10
16,29,-13
23,8,15
30,33,-3
22,19,3
12,28,-16
22,21,1
13,30,-17
16,16,0
10,24,-14
27,27,0
33,17,16
9,34,-25
30,24,6
13,26,-13
21,27,-6
20,34,-14
2,31,-29
0,29,-29
27,20,7
33,31,2
9,33,-24
23,3,20
7,33,-26
14,36,-22
36,13,23
20,21,-1
25,17,8
25,24,1
16,27,-11
17,13,4
10,13,-3
33,31,2
14,16,-2
6,23,-17
23,42,-19
16,16,0
23,14,9
33,3,30
26,13,13
14,29,-15
26,17,9
33,17,16
20,20,0
23,34,-11
16,19,-3
15,17,-2
25,27,-2
26,34,-8
13,29,-16
24,23,1
6,31,-25
13,23,-10
10,20,-10
26,17,9
14,20,-6
18,33,-15
20,32,-12
15,44,-29
34,17,17
19,30,-11
26,20,6
29,45,-16
34,14,20
21,15,6
26,27,-1
16,31,-15
10,31,-21
17,23,-6
20,20,0
31,31,0
37,37,0
33,21,12
6,32,-26
16,35,-19
24,6,18
34,23,11
9,12,-3
31,23,8
23,44,-21
7,26,-19
27,30,-3
14,31,-17
6,29,-23
10,30,-20
16,13,3
29,38,-9
38,17,21
35,13,22
30,21,9
7,32,-25
19,15,4
23,41,-18
10,20,-10
20,31,-11
20,29,-9
23,21,2
23,13,10
31,13,18
29,24,5
10,20,-10
26,42,-16
26,37,-11
20,13,7
16,51,-35
7,30,-23
23,36,-13
29,24,5
29,19,10
24,19,5
29,30,-1
23,31,-8
20,17,3
23,31,-8
17,18,-1
13,21,-8
21,24,-3
47,29,18
19,31,-12
3,3,0
25,31,-6
18,32,-14
20,21,-1
29,27,2
23,9,14
22,19,3
32,31,1
36,31,5
16,14,2
19,23,-4
17,39,-22
20,26,-6
24,13,11
30,17,13
23,20,3
30,27,3
17,17,0
20,21,-1
34,22,12
23,30,-7
10,30,-20
9,20,-11
27,27,0
20,30,-10
23,10,13
33,3,30
19,6,13
25,24,1
29,19,10
17,34,-17
22,9,13
33,16,17
27,24,3
32,19,13
13,27,-14
21,33,-12
6,37,-31
26,3,23
24,26,-2
20,27,-7
17,15,2
10,40,-30
15,30,-15
43,20,23
20,14,6
13,20,-7
30,24,6
19,17,2
26,3,23
26,20,6
30,28,2
19,31,-12
33,21,12
42,34,8
29,20,9
10,19,-9
30,27,3
20,17,3
16,16,0
10,21,-11
34,34,0
36,14,22
19,31,-12
20,13,7
23,10,13
47,16,31
7,21,-14
17,14,3
10,17,-7
33,17,16
16,3,13
20,7,13
9,31,-22
15,21,-6
27,27,0
33,17,16
31,29,2
14,26,-12
6,23,-17
20,17,3
24,20,4
24,16,8
22,30,-8
30,41,-11
27,10,17
23,23,0
3,29,-26
26,13,13
16,20,-4
27,21,6
25,41,-16
9,19,-10
29,20,9
20,30,-10
16,20,-4
27,21,6
16,27,-11
32,34,-2
19,27,-8
14,16,-2
13,40,-27
25,23,2
13,27,-14
22,17,5
16,16,0
10,51,-41
29,23,6
19,20,-1
12,28,-16
20,52,-32
39,3,36
21,38,-17
28,17,11
23,27,-4
33,21,12
16,21,-5
19,20,-1
14,23,-9
17,34,-17
35,17,18
3,23,-20
10,30,-20
10,20,-10
3,26,-23
26,16,10
24,26,-2
29,32,-3
17,33,-16
28,20,8
21,37,-16
19,23,-4
36,10,26
16,24,-8
7,41,-34
26,21,5
17,41,-24
18,7,11
29,14,15
44,17,27
36,3,33
38,24,14
23,27,-4
14,44,-30
10,20,-10
18,20,-2
13,19,-6
23,14,9
20,27,-7
16,44,-28
24,14,10
27,34,-7
23,16,7
3,28,-25
24,45,-21
33,24,9
20,10,10
14,12,2
18,6,12
10,27,-17
10,19,-9
28,10,18
46,7,39
20,18,2
30,45,-15
43,10,33
19,13,6
19,26,-7
34,37,-3
29,23,6
19,32,-13
41,10,31
29,17,12
41,30,11
24,27,-3
13,26,-13
7,29,-22
15,21,-6
28,24,4
21,10,11
22,21,1
23,32,-9
36,33,3
13,30,-17
27,30,-3
40,27,13
39,14,25
17,19,-2
20,52,-32
26,25,1
18,34,-16
19,19,0
41,24,17
36,13,23
26,13,13
16,9,7
17,30,-13
7,24,-17
10,46,-36
3,30,-27
27,27,0
6,26,-20
17,15,2
27,10,17
20,31,-11
24,20,4
12,38,-26
10,35,-25
13,13,0
25,29,-4
20,41,-21
37,23,14
30,7,23
35,31,4
26,17,9
13,37,-24
31,14,17
27,7,20
30,20,10
22,27,-5
23,27,-4
14,31,-17
27,37,-10
16,21,-5
30,6,24
16,35,-19
28,14,14
23,19,4
37,32,5
2,30,-28
23,44,-21
19,20,-1
12,12,0
10,14,-4
16,32,-16
20,19,1
17,21,-4
29,21,8
22,14,8
23,23,0
7,16,-9
19,33,-14
23,27,-4
6,46,-40
23,49,-26
23,30,-7
33,20,13
6,20,-14
19,38,-19
19,31,-12
23,34,-11
20,17,3
20,13,7
41,16,25
31,41,-10
20,6,14
15,30,-15
22,21,1
14,17,-3
27,20,7
35,24,11
39,35,4
27,17,10
17,31,-14
17,20,-3
12,26,-14
6,10,-4
25,30,-5
16,23,-7
15,43,-28
27,13,14
13,20,-7
18,23,-5
34,30,4
16,24,-8
19,16,3
20,13,7
24,20,4
9,20,-11
31,21,10
0,40,-40
20,27,-7
16,26,-10
43,24,19
12,21,-9
34,9,25
14,21,-7
17,27,-10
25,3,22
13,17,-4
26,34,-8
17,39,-22
23,14,9
20,16,4
21,3,18
16,17,-1
16,36,-20
30,24,6
19,50,-31
26,13,13
17,14,3
38,27,11
0,30,-30
23,24,-1
19,7,12
20,30,-10
6,20,-14
20,27,-7
27,18,9
16,16,0
30,14,16
19,25,-6
19,24,-5
20,33,-13
30,17,13
28,24,4
22,24,-2
26,31,-5
7,30,-23
22,16,6
3,27,-24
23,24,-1
26,37,-11
30,34,-4
16,27,-11
17,20,-3
33,10,23
9,38,-29
20,19,1
27,26,1
31,20,11
22,31,-9
27,34,-7
17,26,-9
28,23,5
26,32,-6
20,28,-8
3,23,-20
46,20,26
20,21,-1
24,17,7
17,27,-10
31,16,15
23,22,1
33,23,10
14,24,-10
23,17,6
9,43,-34
26,35,-9
19,27,-8
16,23,-7
19,22,-3
3,27,-24
17,20,-3
37,35,2
26,24,2
17,34,-17
25,7,18
27,40,-13
19,33,-14
28,24,4
33,17,16
32,12,20
17,29,-12
40,26,14
3,23,-20
37,23,14
30,21,9
15,14,1
23,16,7
7,32,-25
29,30,-1
33,21,12
19,23,-4
26,16,10
26,23,3
22,27,-5
10,20,-10
26,28,-2
3,34,-31
31,31,0
19,23,-4
30,21,9
20,14,6
22,13,9
10,48,-38
17,17,0
33,24,9
33,33,0
33,23,10
23,13,10
29,16,13
36,7,29
48,21,27
14,30,-16
24,20,4
31,13,18
40,17,23
25,24,1
34,17,17
19,13,6
27,16,11
20,30,-10
16,20,-4
23,34,-11
28,31,-3
35,20,15
13,22,-9
7,23,-16
12,23,-11
20,31,-11
23,17,6
20,31,-11
27,35,-8
15,38,-23
22,14,8
30,16,14
6,34,-28
15,17,-2
14,52,-38
15,19,-4
12,17,-5
29,20,9
22,21,1
10,17,-7
36,27,9
34,21,13
23,23,0
12,30,-18
22,24,-2
20,43,-23
20,6,14
16,26,-10
21,6,15
21,19,2
34,14,20
10,34,-24
20,22,-2
38,45,-7
19,13,6
20,10,10
10,13,-3
27,23,4
20,15,5
25,14,11
13,13,0
26,14,12
33,24,9
14,31,-17
29,30,-1
21,9,12
30,30,0
7,37,-30
29,16,13
17,30,-13
28,23,5
30,26,4
12,20,-8
15,38,-23
16,15,1
16,26,-10
12,3,9
23,13,10
20,23,-3
27,21,6
6,34,-28
10,31,-21
13,26,-13
12,23,-11
15,12,3
23,10,13
26,16,10
24,20,4
9,23,-14
30,35,-5
7,23,-16
17,20,-3
27,10,17
16,27,-11
13,35,-22
20,17,3
6,20,-14
27,27,0
16,10,6
17,24,-7
52,14,38
20,37,-17
19,13,6
13,19,-6
19,19,0
22,20,2
23,24,-1
3,27,-24
21,19,2
17,17,0
21,17,4
27,22,5
10,25,-15
13,29,-16
24,33,-9
26,34,-8
13,23,-10
31,30,1
21,20,1
27,10,17
19,14,5
32,21,11
25,13,12
24,13,11
18,33,-15
41,13,28
39,38,1
31,27,4
17,14,3
14,17,-3
17,10,7
6,47,-41
24,16,8
37,14,23
10,29,-19
34,10,24
22,14,8
23,45,-22
24,34,-10
19,21,-2
9,23,-14
23,14,9
22,17,5
15,36,-21
31,16,15
26,24,2
15,17,-2
13,16,-3
18,14,4
26,7,19
19,34,-15
24,10,14
3,23,-20
7,31,-24
22,20,2
20,10,10
20,16,4
16,25,-9
16,23,-7
26,13,13
26,23,3
23,24,-1
16,27,-11
35,9,26
27,16,11
46,35,11
37,28,9
10,24,-14
31,23,8
39,19,20
9,23,-14
33,35,-2
21,46,-25
20,20,0
10,27,-17
19,29,-10
13,24,-11
32,20,12
9,20,-11
14,23,-9
18,13,5
10,44,-34
20,12,8
24,41,-17
19,27,-8
22,20,2
10,28,-18
16,10,6
20,33,-13
17,26,-9
29,23,6
24,13,11
29,3,26
41,19,22
12,13,-1
30,13,17
25,24,1
21,21,0
6,18,-12
29,19,10
20,13,7
23,14,9
25,7,18
25,23,2
3,37,-34
6,37,-31
21,28,-7
10,28,-18
10,19,-9
29,37,-8
20,18,2
7,29,-22
22,30,-8
23,17,6
18,34,-16
41,21,20
6,25,-19
19,20,-1
19,30,-11
3,23,-20
20,16,4
23,29,-6
15,6,9
30,14,16
39,10,29
3,10,-7
13,15,-2
17,31,-14
0,26,-26
13,28,-15
0,27,-27
30,23,7
34,30,4
23,17,6
9,19,-10
0,23,-23
18,13,5
38,23,15
27,27,0
29,14,15
15,13,2
16,19,-3
37,7,30
21,24,-3
26,13,13
20,19,1
22,6,16
10,38,-28
24,23,1
26,20,6
19,25,-6
26,23,3
9,23,-14
19,20,-1
21,13,8
24,35,-11
40,31,9
27,28,-1
3,15,-12
18,35,-17
36,10,26
39,24,15
12,22,-10
13,23,-10
10,24,-14
30,17,13
27,24,3
42,19,23
33,14,19
17,20,-3
13,20,-7
20,20,0
28,48,-20
23,16,7
20,30,-10
13,37,-24
20,27,-7
16,10,6
26,24,2
16,24,-8
7,35,-28
26,19,7
24,17,7
13,17,-4
13,13,0
30,35,-5
34,29,5
16,27,-11
21,24,-3
17,27,-10
39,14,25
17,26,-9
14,27,-13
36,20,16
30,21,9
25,33,-8
13,34,-21
25,23,2
16,38,-22
13,32,-19
36,17,19
24,16,8
27,42,-15
44,20,24
6,19,-13
20,13,7
19,16,3
20,37,-17
3,17,-14
30,10,20
6,30,-24
29,7,22
13,20,-7
16,10,6
15,21,-6
27,27,0
20,30,-10
19,26,-7
13,16,-3
16,37,-21
17,9,8
16,37,-21
20,13,7
24,20,4
26,17,9
43,26,17
6,17,-11
28,9,19
34,24,10
10,46,-36
25,14,11
15,20,-5
6,35,-29
18,9,9
20,13,7
13,34,-21
0,32,-32
29,10,19
20,5,15
37,14,23
15,23,-8
13,22,-9
33,10,23
12,35,-23
28,29,-1
41,27,14
26,17,9
17,26,-9
33,31,2
0,19,-19
30,34,-4
14,37,-23
13,27,-14
37,9,28
10,23,-13
15,21,-6
17,33,-16
20,24,-4
37,26,11
9,31,-22
23,6,17
20,21,-1
13,19,-6
34,36,-2
32,28,4
20,27,-7
20,38,-18
13,27,-14
42,28,14
30,28,2
23,3,20
10,37,-27
18,13,5
26,23,3
20,7,13
21,17,4
24,27,-3
21,14,7
25,24,1
23,6,17
17,27,-10
31,17,14
3,20,-17
27,20,7
16,30,-14
16,34,-18
22,27,-5
14,34,-20
33,28,5
10,30,-20
23,6,17
22,16,6
6,49,-43
43,7,36
16,20,-4
16,20,-4
23,13,10
12,10,2
26,22,4
31,24,7
16,6,10
27,13,14
17,41,-24
37,28,9
20,19,1
10,34,-24
23,27,-4
6,15,-9
26,17,9
20,27,-7
16,14,2
20,31,-11
16,33,-17
29,12,17
34,38,-4
27,30,-3
13,24,-11
20,42,-22
21,14,7
17,17,0
30,20,10
22,34,-12
51,31,20
37,21,16
26,16,10
41,27,14
10,34,-24
45,34,11
14,20,-6
16,17,-1
9,19,-10
10,16,-6
26,20,6
27,13,14
31,21,10
25,15,10
20,48,-28
16,24,-8
29,29,0
42,10,32
12,16,-4
24,30,-6
33,10,23
36,33,3
26,16,10
23,27,-4
13,23,-10
37,34,3
9,19,-10
27,27,0
24,30,-6
20,23,-3
13,13,0
23,34,-11
16,29,-13
13,38,-25
24,17,7
31,37,-6
19,23,-4
17,24,-7
26,20,6
10,43,-33
7,30,-23
24,27,-3
51,14,37
3,40,-37
15,17,-2
14,31,-17
29,20,9
28,39,-11
23,20,3
13,39,-26
22,31,-9
33,24,9
27,17,10
17,33,-16
23,27,-4
33,28,5
30,23,7
26,14,12
26,17,9
14,31,-17
18,16,2
14,41,-27
34,6,28
30,23,7
23,7,16
23,24,-1
38,28,10
29,13,16
7,13,-6
10,31,-21
37,12,25
30,37,-7
27,37,-10
27,38,-11
29,17,12
38,28,10
27,30,-3
17,23,-6
20,24,-4
20,19,1
14,23,-9
23,21,2
21,39,-18
27,28,-1
40,36,4
30,31,-1
29,24,5
12,10,2
19,16,3
18,22,-4
17,43,-26
37,35,2
23,19,4
9,26,-17
12,24,-12
42,17,25
25,24,1
12,21,-9
17,34,-17
32,29,3
26,9,17
13,13,0
51,24,27
34,24,10
16,30,-14
13,36,-23
33,16,17
28,16,12
17,23,-6
12,10,2
13,49,-36
29,37,-8
33,24,9
30,20,10
16,14,2
15,12,3
10,7,3
23,27,-4
6,0,6
20,27,-7
25,20,5
16,17,-1
24,17,7
23,21,2
20,9,11
10,52,-42
33,24,9
26,14,12
13,34,-21
20,27,-7
27,27,0
20,27,-7
33,24,9
26,7,19
19,27,-8
14,17,-3
34,24,10
16,27,-11
34,24,10
21,0,21
30,23,7
10,32,-22
16,21,-5
16,31,-15
27,20,7
15,27,-12
23,20,3
20,41,-21
34,37,-3
23,10,13
31,40,-9
15,21,-6
23,19,4
29,38,-9
17,30,-13
27,44,-17
23,31,-8
0,17,-17
10,20,-10
36,7,29
41,20,21
24,27,-3
27,24,3
22,12,10
27,6,21
10,34,-24
47,10,37
17,16,1
17,51,-34
26,19,7
13,20,-7
17,30,-13
3,19,-16
23,26,-3
22,31,-9
31,17,14
15,28,-13
17,13,4
37,10,27
26,16,10
19,24,-5
16,34,-18
28,12,16
33,26,7
15,27,-12
36,31,5
16,17,-1
34,27,7
36,37,-1
28,24,4
12,13,-1
17,29,-12
43,13,30
13,13,0
34,13,21
25,10,15
24,42,-18
26,27,-1
13,30,-17
19,20,-1
10,20,-10
24,20,4
32,23,9
23,10,13
39,14,25
12,10,2
12,20,-8
33,21,12
36,17,19
30,37,-7
16,17,-1
13,13,0
13,25,-12
9,12,-3
28,13,15
10,23,-13
22,23,-1
30,6,24
35,14,21
9,26,-17
10,23,-13
20,17,3
25,17,8
0,10,-10
19,9,10
32,25,7
23,33,-10
30,14,16
41,14,27
10,16,-6
23,34,-11
0,18,-18
41,14,27
20,27,-7
3,19,-16
13,37,-24
31,24,7
37,16,21
22,10,12
36,24,12
15,31,-16
29,20,9
23,11,12
19,17,2
20,20,0
17,28,-11
30,45,-15
19,23,-4
36,18,18
17,38,-21
30,31,-1
20,32,-12
43,10,33
22,24,-2
29,35,-6
3,9,-6
22,16,6
14,23,-9
24,7,17
30,14,16
20,13,7
15,21,-6
34,30,4
9,16,-7
21,38,-17
20,30,-10
31,14,17
20,24,-4
34,27,7
29,10,19
9,27,-18
22,26,-4
16,24,-8
3,15,-12
29,31,-2
21,12,9
31,27,4
12,31,-19
39,21,18
19,27,-8
10,16,-6
33,27,6
19,20,-1
16,3,13
9,19,-10
10,0,10
23,33,-10
9,26,-17
30,30,0
39,40,-1
19,23,-4
17,29,-12
7,16,-9
27,16,11
15,19,-4
17,31,-14
9,17,-8
9,15,-6
28,24,4
23,17,6
13,41,-28
24,43,-19
31,21,10
19,45,-26
20,20,0
17,26,-9
16,30,-14
20,24,-4
29,27,2
29,30,-1
16,41,-25
14,13,1
30,41,-11
19,21,-2
16,21,-5
26,24,2
16,37,-21
13,40,-27
27,34,-7
20,14,6
33,6,27
17,23,-6
33,17,16
30,23,7
23,29,-6
16,34,-18
10,3,7
10,35,-25
10,24,-14
25,23,2
17,27,-10
16,22,-6
26,14,12
38,23,15
40,10,30
26,7,19
17,37,-20
28,16,12
27,13,14
42,14,28
17,22,-5
19,28,-9
36,16,20
41,25,16
3,9,-6
23,25,-2
20,12,8
17,20,-3
10,34,-24
23,24,-1
6,20,-14
33,20,13
30,24,6
38,24,14
30,31,-1
16,3,13
10,13,-3
9,28,-19
37,17,20
17,35,-18
23,23,0
16,39,-23
13,20,-7
24,41,-17
33,24,9
13,26,-13
14,31,-17
25,16,9
44,38,6
39,31,8
26,20,6
3,26,-23
23,24,-1
10,19,-9
12,18,-6
16,9,7
22,17,5
24,30,-6
30,40,-10
19,13,6
10,29,-19
30,13,17
27,17,10
30,24,6
32,7,25
46,16,30
32,30,2
24,16,8
25,13,12
46,34,12
33,31,2
6,12,-6
20,25,-5
33,31,2
9,6,3
14,20,-6
19,14,5
25,17,8
23,29,-6
27,24,3
19,20,-1
19,13,6
27,17,10
27,27,0
13,41,-28
22,40,-18
31,17,14
13,33,-20
26,20,6
24,17,7
16,28,-12
22,21,1
34,26,8
6,13,-7
23,27,-4
16,40,-24
13,28,-15
23,44,-21
20,16,4
16,14,2
21,24,-3
15,17,-2
10,27,-17
20,42,-22
16,27,-11
14,18,-4
24,27,-3
10,17,-7
10,23,-13
20,13,7
14,20,-6
13,17,-4
38,24,14
23,6,17
40,13,27
19,24,-5
27,41,-14
6,13,-7
19,20,-1
18,26,-8
39,10,29
23,17,6
23,20,3
17,16,1
27,23,4
34,28,6
19,32,-13
9,16,-7
27,40,-13
13,27,-14
55,3,52
10,20,-10
20,11,9
30,14,16
19,31,-12
26,27,-1
10,23,-13
3,38,-35
34,7,27
23,13,10
16,19,-3
23,30,-7
19,22,-3
6,20,-14
30,22,8
22,15,7
24,40,-16
24,30,-6
10,33,-23
16,36,-20
19,34,-15
16,0,16
13,16,-3
24,24,0
27,20,7
22,23,-1
10,29,-19
26,22,4
26,24,2
23,24,-1
16,32,-16
30,7,23
14,24,-10
9,20,-11
20,10,10
13,41,-28
9,7,2
19,14,5
15,33,-18
30,13,17
26,24,2
9,24,-15
16,23,-7
26,17,9
22,24,-2
26,20,6
25,10,15
10,27,-17
24,0,24
22,16,6
32,20,12
42,17,25
10,19,-9
17,13,4
30,20,10
30,28,2
37,17,20
17,13,4
22,24,-2
24,20,4
17,17,0
19,25,-6
30,27,3
23,23,0
33,7,26
26,27,-1
30,27,3
13,28,-15
29,14,15
24,28,-4
23,33,-10
29,28,1
16,20,-4
10,27,-17
20,16,4
13,31,-18
37,20,17
17,16,1
29,20,9
25,17,8
9,13,-4
16,33,-17
20,20,0
9,24,-15
9,16,-7
33,48,-15
30,31,-1
6,28,-22
16,10,6
33,26,7
10,20,-10
30,17,13
25,10,15
27,10,17
31,20,11
32,24,8
17,13,4
37,23,14
17,28,-11
22,24,-2
10,30,-20
27,16,11
48,21,27
24,31,-7
38,19,19
6,15,-9
37,19,18
13,10,3
20,28,-8
10,20,-10
13,23,-10
23,31,-8
13,33,-20
26,26,0
13,24,-11
17,20,-3
16,37,-21
24,24,0
29,27,2
31,24,7
10,44,-34
20,20,0
6,27,-21
20,30,-10
16,17,-1
44,21,23
25,24,1
28,17,11
19,23,-4
10,30,-20
20,38,-18
22,24,-2
35,23,12
7,27,-20
19,27,-8
39,27,12
22,9,13
29,19,10
22,10,12
9,24,-15
26,17,9
16,24,-8
19,31,-12
16,10,6
24,33,-9
16,12,4
16,26,-10
6,29,-23
32,23,9
10,30,-20
37,3,34
17,20,-3
19,28,-9
10,28,-18
30,6,24
19,30,-11
34,24,10
23,41,-18
21,3,18
22,7,15
6,24,-18
15,13,2
33,28,5
34,28,6
23,14,9
30,20,10
24,25,-1
33,20,13
20,27,-7
28,30,-2
20,19,1
27,22,5
27,34,-7
23,17,6
19,20,-1
31,30,1
29,27,2
34,10,24
39,10,29
27,38,-11
22,7,15
10,19,-9
37,37,0
29,27,2
17,20,-3
26,15,11
34,24,10
3,29,-26
23,31,-8
19,22,-3
27,13,14
40,34,6
16,19,-3
13,12,1
43,7,36
40,9,31
16,17,-1
47,10,37
16,21,-5
6,10,-4
43,20,23
43,17,26
12,31,-19
28,16,12
10,25,-15
21,20,1
16,23,-7
28,27,1
24,10,14
49,17,32
44,24,20
9,30,-21
34,16,18
26,7,19
10,30,-20
26,10,16
17,22,-5
17,12,5
14,19,-5
12,27,-15
18,31,-13
33,24,9
21,27,-6
30,26,4
19,7,12
23,24,-1
14,31,-17
34,21,13
16,27,-11
33,20,13
27,20,7
52,17,35
17,17,0
33,20,13
29,21,8
23,29,-6
13,33,-20
17,38,-21
13,20,-7
35,38,-3
21,22,-1
22,23,-1
17,23,-6
32,7,25
27,37,-10
16,31,-15
7,26,-19
19,6,13
25,24,1
23,26,-3
23,28,-5
33,17,16
31,14,17
22,20,2
28,21,7
20,16,4
34,9,25
48,7,41
20,31,-11
31,20,11
27,10,17
3,27,-24
17,13,4
13,10,3
13,41,-28
30,34,-4
13,28,-15
10,17,-7
33,16,17
17,24,-7
26,31,-5
38,24,14
6,0,6
16,35,-19
30,13,17
27,0,27
27,10,17
23,30,-7
23,10,13
36,16,20
10,28,-18
27,33,-6
37,16,21
34,10,24
9,34,-25
30,28,2
28,17,11
27,31,-4
17,20,-3
13,29,-16
23,26,-3
34,28,6
10,17,-7
16,16,0
14,24,-10
20,16,4
16,20,-4
14,42,-28
27,13,14
25,31,-6
16,23,-7
36,14,22
10,13,-3
36,44,-8
31,13,18
17,31,-14
16,22,-6
20,17,3
14,20,-6
12,27,-15
34,17,17
29,7,22
19,26,-7
25,14,11
41,17,24
24,26,-2
37,28,9
17,30,-13
17,27,-10
17,13,4
28,10,18
10,21,-11
23,24,-1
23,37,-14
29,31,-2
28,33,-5
23,30,-7
40,28,12
14,33,-19
27,20,7
15,20,-5
12,27,-15
17,49,-32
27,14,13
23,34,-11
24,17,7
33,28,5
25,17,8
21,27,-6
13,37,-24
22,13,9
30,23,7
45,20,25
3,16,-13
17,27,-10
20,20,0
10,17,-7
35,0,35
31,7,24
12,17,-5
27,19,8
35,7,28
13,37,-24
19,38,-19
10,13,-3
29,23,6
17,28,-11
37,31,6
20,14,6
32,24,8
22,21,1
19,24,-5
16,34,-18
21,41,-20
27,17,10
13,31,-18
24,14,10
16,27,-11
36,14,22
23,30,-7
32,24,8
20,31,-11
22,9,13
23,17,6
32,13,19
17,9,8
20,17,3
20,27,-7
39,27,12
19,13,6
20,10,10
20,9,11
16,24,-8
25,36,-11
23,20,3
9,20,-11
32,23,9
44,14,30
20,37,-17
16,16,0
37,20,17
19,24,-5
25,31,-6
31,38,-7
54,17,37
14,37,-23
30,35,-5
13,13,0
20,19,1
24,41,-17
13,33,-20
21,34,-13
32,34,-2
25,13,12
16,23,-7
20,20,0
18,12,6
22,28,-6
26,24,2
24,17,7
37,28,9
37,17,20
19,23,-4
36,9,27
37,20,17
36,37,-1
20,20,0
19,24,-5
19,6,13
23,30,-7
22,12,10
22,24,-2
31,24,7
22,13,9
21,10,11
30,24,6
26,42,-16
19,20,-1
20,23,-3
22,14,8
24,26,-2
22,27,-5
37,30,7
14,33,-19
13,20,-7
30,16,14
27,34,-7
0,20,-20
22,21,1
22,20,2
50,27,23
23,24,-1
37,19,18
34,24,10
29,28,1
16,44,-28
14,16,-2
27,34,-7
6,17,-11
20,31,-11
19,28,-9
0,33,-33
9,6,3
23,13,10
6,31,-25
43,16,27
23,34,-11
38,21,17
21,26,-5
16,31,-15
25,10,15
20,17,3
12,19,-7
6,41,-35
33,7,26
20,27,-7
27,37,-10
27,12,15
22,16,6
43,9,34
43,17,26
26,31,-5
20,36,-16
20,19,1
16,13,3
26,3,23
22,3,19
16,20,-4
24,30,-6
39,27,12
17,30,-13
10,16,-6
38,10,28
23,34,-11
9,35,-26
16,20,-4
31,17,14
26,20,6
22,24,-2
27,36,-9
14,26,-12
16,6,10
16,34,-18
17,42,-25
36,26,10
40,24,16
29,27,2
20,12,8
17,17,0
6,33,-27
26,9,17
19,34,-15
27,33,-6
20,22,-2
10,27,-17
23,17,6
30,38,-8
20,24,-4
20,34,-14
30,23,7
31,11,20
27,31,-4
20,13,7
15,27,-12
20,32,-12
18,34,-16
27,29,-2
16,23,-7
30,13,17
33,34,-1
22,23,-1
17,21,-4
10,47,-37
37,7,30
24,20,4
20,7,13
31,34,-3
24,33,-9
47,17,30
30,19,11
24,21,3
23,24,-1
16,27,-11
28,15,13
14,23,-9
10,38,-28
23,21,2
16,26,-10
7,34,-27
15,23,-8
26,27,-1
33,13,20
17,21,-4
20,13,7
15,19,-4
30,27,3
16,13,3
19,19,0
16,17,-1
22,10,12
27,21,6
17,16,1
29,35,-6
40,14,26
17,20,-3
19,34,-15
13,26,-13
20,10,10
20,15,5
33,28,5
31,21,10
28,24,4
13,10,3
26,31,-5
19,30,-11
16,13,3
20,19,1
16,35,-19
16,3,13
24,17,7
9,26,-17
3,22,-19
21,27,-6
22,23,-1
16,23,-7
26,32,-6
27,23,4
19,21,-2
6,32,-26
13,10,3
28,14,14
10,24,-14
21,19,2
16,16,0
23,25,-2
27,9,18
23,19,4
30,27,3
14,24,-10
9,30,-21
30,23,7
25,30,-5
3,31,-28
15,27,-12
21,26,-5
23,23,0
37,23,14
32,7,25
33,10,23
32,27,5
20,20,0
16,10,6
7,23,-16
12,17,-5
28,23,5
20,37,-17
21,16,5
20,19,1
10,13,-3
19,19,0
32,28,4
12,20,-8
20,27,-7
31,24,7
39,24,15
12,30,-18
28,17,11
35,21,14
10,38,-28
19,24,-5
20,34,-14
22,13,9
36,21,15
9,20,-11
33,30,3
20,23,-3
24,16,8
17,21,-4
24,27,-3
33,6,27
25,27,-2
38,9,29
36,21,15
22,24,-2
26,17,9
21,23,-2
41,14,27
34,27,7
20,24,-4
13,26,-13
12,20,-8
20,25,-5
19,27,-8
19,7,12
28,13,15
13,29,-16
38,23,15
9,27,-18
22,13,9
50,31,19
23,42,-19
15,10,5
30,28,2
20,30,-10
31,23,8
16,16,0
33,7,26
9,19,-10
13,24,-11
10,40,-30
26,13,13
22,29,-7
13,38,-25
29,13,16
9,21,-12
15,14,1
16,7,9
21,24,-3
19,31,-12
19,30,-11
6,31,-25
19,27,-8
40,19,21
27,43,-16
43,10,33
24,12,12
60,18,42
31,14,17
24,3,21
6,17,-11
10,23,-13
16,20,-4
30,17,13
16,18,-2
29,24,5
52,0,52
23,21,2
31,14,17
20,27,-7
27,24,3
20,37,-17
28,23,5
22,17,5
33,20,13
19,10,9
9,37,-28
29,23,6
51,14,37
21,10,11
19,17,2
23,3,20
16,26,-10
9,44,-35
12,16,-4
27,41,-14
20,34,-14
13,10,3
31,14,17
28,38,-10
24,29,-5
23,12,11
10,30,-20
19,20,-1
16,14,2
23,13,10
33,28,5
29,24,5
26,27,-1
10,13,-3
30,19,11
9,20,-11
19,17,2
9,26,-17
26,36,-10
23,17,6
20,37,-17
33,13,20
30,16,14
49,30,19
34,13,21
23,21,2
20,16,4
18,27,-9
9,9,0
12,10,2
47,24,23
47,14,33
12,20,-8
16,12,4
22,20,2
13,31,-18
22,10,12
23,17,6
17,20,-3
30,21,9
34,30,4
27,10,17
34,38,-4
17,28,-11
11,20,-9
12,21,-9
10,16,-6
28,41,-13
17,14,3
10,34,-24
24,31,-7
15,31,-16
17,28,-11
28,17,11
15,20,-5
6,30,-24
46,24,22
16,16,0
14,44,-30
41,20,21
24,24,0
27,27,0
17,26,-9
16,41,-25
58,24,34
21,26,-5
24,23,1
37,23,14
27,22,5
29,16,13
19,28,-9
26,15,11
46,7,39
19,12,7
27,12,15
13,24,-11
13,24,-11
16,24,-8
23,20,3
19,30,-11
27,27,0
12,16,-4
28,44,-16
9,21,-12
23,34,-11
19,37,-18
7,21,-14
41,14,27
10,19,-9
19,29,-10
27,38,-11
10,27,-17
15,16,-1
33,7,26
22,20,2
32,7,25
13,20,-7
30,16,14
19,14,5
18,28,-10
33,44,-11
19,9,10
35,20,15
9,27,-18
22,23,-1
20,24,-4
36,24,12
16,10,6
19,24,-5
38,14,24
26,10,16
28,16,12
14,13,1
26,24,2
22,20,2
27,27,0
19,23,-4
25,24,1
31,28,3
29,17,12
20,12,8
22,10,12
16,26,-10
43,14,29
18,21,-3
19,36,-17
32,6,26
29,24,5
19,33,-14
43,21,22
12,12,0
23,24,-1
21,27,-6
30,21,9
19,24,-5
20,22,-2
12,17,-5
40,24,16
26,20,6
9,29,-20
20,24,-4
10,22,-12
10,38,-28
34,23,11
12,24,-12
32,10,22
23,17,6
14,62,-48
20,27,-7
33,23,10
27,24,3
10,26,-16
33,26,7
22,19,3
27,13,14
38,24,14
12,14,-2
23,52,-29
13,33,-20
25,23,2
10,36,-26
23,12,11
37,13,24
28,18,10
21,34,-13
6,28,-22
20,30,-10
16,34,-18
12,20,-8
29,24,5
11,29,-18
23,29,-6
9,15,-6
20,23,-3
23,21,2
27,30,-3
36,6,30
23,37,-14
10,20,-10
20,14,6
7,15,-8
9,16,-7
27,7,20
15,26,-11
35,35,0
0,22,-22
20,27,-7
30,38,-8
29,23,6
26,23,3
32,18,14
36,34,2
22,29,-7
34,24,10
21,21,0
30,30,0
6,20,-14
41,23,18
31,13,18
14,23,-9
16,17,-1
13,13,0
23,20,3
16,27,-11
10,27,-17
23,12,11
16,24,-8
20,27,-7
23,34,-11
37,38,-1
23,10,13
34,47,-13
17,19,-2
37,17,20
29,17,12
18,23,-5
34,26,8
31,14,17
22,16,6
22,30,-8
12,13,-1
19,24,-5
30,20,10
29,6,23
20,34,-14
13,18,-5
17,23,-6
16,14,2
25,41,-16
6,26,-20
34,24,10
20,32,-12
43,20,23
23,24,-1
20,10,10
23,30,-7
20,14,6
20,39,-19
22,37,-15
29,24,5
26,23,3
29,20,9
20,39,-19
15,38,-23
34,24,10
3,26,-23
23,31,-8
27,16,11
30,17,13
14,33,-19
20,19,1
5,17,-12
20,38,-18
25,20,5
7,36,-29
39,7,32
33,14,19
28,6,22
26,34,-8
23,21,2
13,17,-4
20,20,0
22,17,5
37,24,13
9,19,-10
20,30,-10
51,13,38
22,10,12
20,36,-16
30,10,20
20,43,-23
16,16,0
40,20,20
10,28,-18
43,13,30
17,24,-7
16,30,-14
6,20,-14
26,3,23
17,30,-13
17,22,-5
16,13,3
37,20,17
42,14,28
7,19,-12
30,10,20
16,24,-8
51,16,35
34,20,14
16,24,-8
19,27,-8
21,32,-11
13,10,3
42,16,26
27,34,-7
23,21,2
20,26,-6
16,17,-1
19,20,-1
9,17,-8
30,26,4
20,14,6
26,22,4
27,24,3
22,23,-1
16,10,6
17,26,-9
9,20,-11
20,26,-6
32,3,29
37,14,23
34,12,22
23,28,-5
20,30,-10
24,26,-2
20,16,4
36,31,5
25,20,5
39,14,25
23,26,-3
34,27,7
10,43,-33
33,31,2
17,17,0
14,33,-19
9,41,-32
15,33,-18
21,20,1
36,17,19
27,13,14
36,14,22
21,32,-11
29,27,2
15,10,5
23,13,10
13,20,-7
23,38,-15
13,41,-28
14,44,-30
17,44,-27
27,10,17
16,16,0
20,33,-13
7,41,-34
22,3,19
36,34,2
22,37,-15
15,36,-21
27,10,17
13,28,-15
20,33,-13
36,22,14
18,10,8
3,29,-26
12,17,-5
24,29,-5
10,26,-16
21,24,-3
16,49,-33
19,26,-7
23,27,-4
13,22,-9
42,16,26
25,20,5
19,27,-8
22,34,-12
23,28,-5
27,20,7
7,20,-13
30,34,-4
10,22,-12
38,31,7
26,13,13
35,41,-6
13,42,-29
28,16,12
43,24,19
33,13,20
27,23,4
22,31,-9
10,23,-13
26,31,-5
10,28,-18
7,14,-7
30,31,-1
14,27,-13
23,41,-18
10,40,-30
40,21,19
26,27,-1
19,30,-11
16,16,0
13,9,4
14,42,-28
20,24,-4
24,27,-3
12,37,-25
37,13,24
23,31,-8
38,21,17
20,30,-10
33,31,2
9,27,-18
33,30,3
9,24,-15
12,27,-15
20,36,-16
40,18,22
17,20,-3
26,27,-1
13,26,-13
24,34,-10
24,20,4
29,13,16
7,14,-7
27,26,1
18,10,8
27,37,-10
23,31,-8
36,42,-6
16,14,2
24,34,-10
16,14,2
32,17,15
23,27,-4
19,13,6
14,22,-8
27,27,0
9,20,-11
17,29,-12
20,10,10
37,27,10
16,30,-14
21,17,4
6,13,-7
13,34,-21
24,27,-3
43,37,6
3,23,-20
24,23,1
24,40,-16
33,27,6
13,24,-11
21,33,-12
13,24,-11
16,10,6
37,20,17
9,24,-15
13,54,-41
12,17,-5
17,31,-14
36,21,15
20,30,-10
10,27,-17
34,7,27
29,14,15
33,23,10
20,25,-5
12,30,-18
20,13,7
10,24,-14
14,16,-2
16,23,-7
30,24,6
9,28,-19
9,25,-16
40,10,30
14,27,-13
28,23,5
26,27,-1
29,28,1
3,13,-10
16,14,2
29,23,6
36,35,1
29,12,17
16,34,-18
21,24,-3
20,9,11
20,13,7
13,16,-3
19,28,-9
28,41,-13
20,22,-2
23,14,9
6,17,-11
20,26,-6
32,21,11
20,30,-10
26,17,9
9,30,-21
19,10,9
20,20,0
18,27,-9
26,29,-3
16,20,-4
24,23,1
13,16,-3
23,26,-3
19,29,-10
13,27,-14
20,13,7
20,0,20
17,35,-18
19,17,2
26,17,9
18,27,-9
10,30,-20
9,24,-15
23,26,-3
28,28,0
18,21,-3
23,27,-4
9,30,-21
27,26,1
27,27,0
26,20,6
27,14,13
10,19,-9
33,24,9
23,39,-16
27,41,-14
44,17,27
20,10,10
27,24,3
16,44,-28
30,35,-5
36,24,12
34,26,8
16,20,-4
27,27,0
36,21,15
17,20,-3
23,33,-10
13,37,-24
26,34,-8
22,16,6
21,37,-16
16,41,-25
3,30,-27
20,20,0
17,33,-16
17,23,-6
26,35,-9
53,17,36
28,10,18
10,17,-7
23,39,-16
27,31,-4
30,15,15
27,31,-4
40,26,14
14,44,-30
22,13,9
33,10,23
31,10,21
20,21,-1
22,23,-1
26,23,3
12,26,-14
22,27,-5
0,26,-26
9,20,-11
39,20,19
6,37,-31
39,21,18
26,12,14
20,34,-14
17,25,-8
19,17,2
10,31,-21
20,30,-10
16,24,-8
15,10,5
38,20,18
17,24,-7
25,24,1
34,29,5
17,17,0
26,9,17
16,31,-15
25,13,12
33,21,12
16,23,-7
23,19,4
22,17,5
23,31,-8
20,30,-10
19,23,-4
27,3,24
20,10,10
20,42,-22
20,24,-4
33,31,2
47,17,30
27,28,-1
27,34,-7
13,10,3
17,19,-2
16,30,-14
17,19,-2
9,35,-26
26,28,-2
30,33,-3
7,19,-12
35,10,25
19,10,9
10,19,-9
20,34,-14
20,24,-4
48,20,28
33,7,26
41,38,3
7,30,-23
19,32,-13
10,34,-24
16,3,13
26,7,19
29,15,14
16,34,-18
20,3,17
15,26,-11
38,20,18
20,19,1
36,14,22
33,26,7
32,20,12
19,20,-1
37,13,24
13,46,-33
23,24,-1
27,16,11
45,14,31
27,10,17
5,23,-18
16,34,-18
15,19,-4
3,33,-30
12,10,2
23,14,9
30,28,2
16,23,-7
10,16,-6
33,36,-3
19,37,-18
9,23,-14
27,17,10
13,17,-4
22,16,6
20,27,-7
22,30,-8
19,13,6
34,21,13
27,23,4
35,10,25
29,24,5
6,27,-21
15,41,-26
6,35,-29
27,10,17
24,28,-4
20,38,-18
24,31,-7
10,26,-16
38,3,35
29,4,25
13,17,-4
50,13,37
23,10,13
0,26,-26
10,21,-11
23,19,4
30,10,20
31,30,1
27,24,3
15,27,-12
17,19,-2
40,24,16
15,20,-5
26,27,-1
19,29,-10
13,31,-18
21,28,-7
30,24,6
38,23,15
36,28,8
19,41,-22
23,6,17
26,33,-7
10,14,-4
20,30,-10
20,34,-14
10,30,-20
22,9,13
7,16,-9
17,17,0
30,37,-7
23,0,23
10,21,-11
16,31,-15
26,17,9
17,24,-7
13,21,-8
22,20,2
38,28,10
24,10,14
20,20,0
20,22,-2
20,17,3
27,28,-1
26,27,-1
18,28,-10
28,24,4
16,30,-14
26,27,-1
15,24,-9
19,33,-14
45,13,32
0,23,-23
22,9,13
16,13,3
19,24,-5
17,42,-25
6,20,-14
13,24,-11
9,20,-11
6,10,-4
33,33,0
9,23,-14
12,3,9
17,23,-6
29,24,5
24,26,-2
26,28,-2
23,14,9
29,28,1
10,24,-14
20,30,-10
23,20,3
16,35,-19
15,20,-5
9,20,-11
15,24,-9
20,23,-3
23,10,13
33,20,13
10,36,-26
6,37,-31
34,24,10
29,23,6
17,34,-17
9,7,2
29,15,14
27,36,-9
33,31,2
20,20,0
19,20,-1
27,30,-3
20,16,4
19,24,-5
10,24,-14
24,12,12
13,30,-17
26,31,-5
37,13,24
16,10,6
20,27,-7
17,25,-8
13,10,3
7,34,-27
3,32,-29
20,24,-4
6,23,-17
27,14,13
9,7,2
23,23,0
18,13,5
34,7,27
26,31,-5
7,54,-47
20,21,-1
10,32,-22
26,37,-11
16,12,4
25,7,18
16,35,-19
30,30,0
7,40,-33
31,23,8
26,27,-1
10,34,-24
27,52,-25
19,29,-10
17,27,-10
32,14,18
13,20,-7
19,24,-5
21,38,-17
16,23,-7
24,31,-7
25,11,14
44,7,37
37,23,14
26,28,-2
20,20,0
24,22,2
23,30,-7
19,20,-1
20,37,-17
34,26,8
7,27,-20
20,13,7
36,10,26
23,14,9
30,27,3
16,5,11
21,13,8
19,20,-1
24,37,-13
19,10,9
26,28,-2
16,24,-8
19,22,-3
10,40,-30
26,19,7
30,9,21
30,13,17
23,12,11
27,24,3
6,37,-31
28,20,8
27,10,17
13,20,-7
31,10,21
19,31,-12
16,13,3
32,24,8
3,23,-20
31,7,24
17,26,-9
26,14,12
15,31,-16
19,10,9
16,45,-29
23,34,-11
13,34,-21
26,20,6
27,17,10
31,10,21
20,17,3
3,13,-10
6,20,-14
19,20,-1
33,21,12
32,3,29
13,30,-17
33,34,-1
29,24,5
16,20,-4
29,7,22
14,27,-13
19,16,3
26,17,9
39,20,19
21,10,11
38,16,22
22,16,6
21,13,8
20,24,-4
27,24,3
16,21,-5
37,28,9
22,20,2
35,17,18
13,33,-20
12,24,-12
32,21,11
26,33,-7
17,23,-6
27,26,1
13,16,-3
27,20,7
32,17,15
34,24,10
27,27,0
30,30,0
19,14,5
19,20,-1
13,27,-14
26,19,7
21,31,-10
25,16,9
23,21,2
17,16,1
28,24,4
20,31,-11
30,17,13
16,14,2
16,24,-8
12,19,-7
13,10,3
3,20,-17
29,14,15
23,20,3
30,6,24
24,27,-3
17,20,-3
22,35,-13
30,20,10
15,17,-2
28,17,11
16,51,-35
29,16,13
24,19,5
19,20,-1
23,35,-12
12,10,2
21,13,8
24,21,3
19,31,-12
15,27,-12
6,14,-8
23,47,-24
20,35,-15
29,19,10
16,10,6
28,20,8
17,17,0
21,44,-23
16,23,-7
19,25,-6
0,23,-23
25,6,19
42,9,33
30,13,17
22,26,-4
20,27,-7
24,27,-3
16,10,6
35,13,22
40,26,14
38,10,28
23,34,-11
19,13,6
19,30,-11
27,13,14
17,13,4
14,17,-3
18,6,12
17,31,-14
20,16,4
26,12,14
20,17,3
38,37,1
20,10,10
26,3,23
13,31,-18
13,24,-11
12,21,-9
16,20,-4
24,20,4
24,41,-17
12,31,-19
20,33,-13
36,14,22
23,24,-1
19,13,6
36,21,15
17,20,-3
34,13,21
13,20,-7
9,25,-16
26,33,-7
27,34,-7
26,0,26
16,13,3
38,34,4
29,23,6
20,31,-11
19,23,-4
20,20,0
29,17,12
26,28,-2
30,14,16
26,6,20
27,17,10
31,34,-3
16,30,-14
11,15,-4
30,28,2
6,30,-24
6,36,-30
10,41,-31
37,10,27
20,20,0
18,30,-12
16,12,4
26,13,13
10,25,-15
31,10,21
14,23,-9
40,24,16
20,24,-4
13,23,-10
16,27,-11
43,28,15
13,31,-18
21,21,0
44,26,18
16,20,-4
17,17,0
16,16,0
14,38,-24
13,23,-10
13,9,4
16,37,-21
26,20,6
20,30,-10
16,6,10
3,34,-31
40,37,3
22,20,2
16,37,-21
17,40,-23
9,28,-19
19,17,2
27,24,3
10,27,-17
26,26,0
9,21,-12
23,7,16
13,38,-25
10,17,-7
26,19,7
24,23,1
14,13,1
16,34,-18
20,20,0
10,27,-17
6,40,-34
26,31,-5
31,24,7
20,3,17
7,26,-19
16,15,1
29,3,26
10,20,-10
10,33,-23
16,16,0
20,28,-8
20,21,-1
20,17,3
26,17,9
17,27,-10
19,33,-14
22,16,6
20,13,7
16,23,-7
29,13,16
19,27,-8
25,30,-5
10,27,-17
28,14,14
39,10,29
22,22,0
23,10,13
16,17,-1
20,27,-7
25,7,18
6,30,-24
14,27,-13
23,7,16
17,17,0
17,19,-2
46,35,11
17,40,-23
28,21,7
20,27,-7
24,17,7
7,20,-13
13,26,-13
22,17,5
20,40,-20
26,24,2
21,16,5
37,31,6
25,24,1
20,24,-4
26,31,-5
22,31,-9
16,19,-3
16,23,-7
23,41,-18
23,24,-1
29,20,9
16,24,-8
30,23,7
34,17,17
24,33,-9
19,6,13
29,10,19
16,18,-2
26,13,13
22,27,-5
22,30,-8
13,23,-10
16,20,-4
14,17,-3
17,24,-7
17,24,-7
24,14,10
26,26,0
18,19,-1
13,36,-23
16,20,-4
19,20,-1
3,17,-14
20,17,3
27,14,13
18,17,1
19,14,5
16,24,-8
19,27,-8
13,20,-7
3,32,-29
10,26,-16
16,13,3
20,34,-14
16,10,6
31,23,8
11,16,-5
9,24,-15
16,21,-5
17,44,-27
30,17,13
10,24,-14
19,24,-5
42,14,28
7,24,-17
10,20,-10
35,24,11
19,38,-19
29,13,16
16,20,-4
10,31,-21
17,20,-3
36,20,16
12,6,6
25,32,-7
15,44,-29
24,29,-5
20,37,-17
13,23,-10
20,31,-11
9,23,-14
18,6,12
26,16,10
13,27,-14
35,20,15
37,13,24
31,17,14
19,17,2
30,23,7
32,17,15
27,31,-4
30,29,1
17,16,1
24,9,15
30,13,17
31,19,12
6,6,0
26,14,12
10,34,-24
37,17,20
31,23,8
36,24,12
10,21,-11
22,28,-6
20,21,-1
32,14,18
13,30,-17
10,34,-24
16,16,0
25,20,5
10,33,-23
26,27,-1
6,30,-24
16,16,0
23,10,13
10,16,-6
0,29,-29
6,23,-17
38,20,18
23,17,6
33,23,10
17,37,-20
26,0,26
24,17,7
7,30,-23
34,16,18
20,20,0
22,13,9
17,31,-14
21,20,1
27,10,17
15,27,-12
27,28,-1
14,26,-12
20,19,1
33,20,13
22,10,12
23,14,9
20,30,-10
7,23,-16
13,13,0
39,17,22
33,13,20
6,31,-25
27,31,-4
24,13,11
27,7,20
16,26,-10
31,3,28
45,46,-1
17,34,-17
37,31,6
16,17,-1
20,26,-6
27,20,7
17,17,0
35,21,14
16,13,3
20,30,-10
16,13,3
29,6,23
23,31,-8
12,23,-11
30,19,11
13,47,-34
24,24,0
28,24,4
12,22,-10
17,30,-13
33,7,26
19,17,2
14,29,-15
13,19,-6
36,38,-2
30,33,-3
45,7,38
21,32,-11
27,35,-8
26,20,6
30,17,13
21,21,0
31,10,21
39,10,29
12,17,-5
0,33,-33
23,20,3
9,23,-14
27,16,11
34,34,0
29,7,22
19,13,6
23,20,3
10,24,-14
36,10,26
26,22,4
19,17,2
31,24,7
3,32,-29
17,19,-2
6,24,-18
20,7,13
20,33,-13
19,33,-14
9,17,-8
15,24,-9
10,15,-5
28,24,4
9,30,-21
9,12,-3
41,13,28
9,35,-26
6,14,-8
14,23,-9
20,20,0
12,23,-11
31,20,11
16,30,-14
21,26,-5
36,17,19
27,32,-5
21,33,-12
13,15,-2
29,13,16
29,10,19
10,38,-28
27,34,-7
23,36,-13
20,24,-4
19,39,-20
22,36,-14
23,24,-1
12,17,-5
23,23,0
16,27,-11
24,17,7
17,37,-20
6,24,-18
16,16,0
27,7,20
26,11,15
17,27,-10
20,37,-17
13,34,-21
6,28,-22
33,0,33
6,36,-30
33,28,5
23,20,3
26,21,5
30,9,21
27,23,4
26,13,13
29,21,8
23,20,3
36,28,8
23,36,-13
16,19,-3
22,7,15
26,10,16
20,24,-4
20,33,-13
26,23,3
13,35,-22
3,26,-23
20,14,6
30,38,-8
26,10,16
27,41,-14
12,17,-5
3,20,-17
33,10,23
41,24,17
17,33,-16
18,7,11
13,30,-17
30,35,-5
16,17,-1
19,20,-1
16,10,6
41,22,19
20,17,3
33,7,26
17,17,0
34,48,-14
24,24,0
10,23,-13
16,27,-11
15,13,2
31,20,11
19,30,-11
14,40,-26
16,24,-8
6,41,-35
30,21,9
22,30,-8
19,31,-12
23,27,-4
16,20,-4
28,8,20
32,31,1
18,25,-7
10,23,-13
19,27,-8
29,3,26
33,30,3
26,24,2
3,9,-6
30,28,2
18,10,8
32,28,4
34,20,14
40,14,26
26,3,23
30,17,13
36,20,16
30,27,3
16,9,7
17,34,-17
29,15,14
14,22,-8
16,17,-1
13,13,0
16,23,-7
7,20,-13
3,32,-29
23,24,-1
23,9,14
3,20,-17
33,17,16
27,13,14
31,34,-3
9,27,-18
17,26,-9
16,13,3
55,17,38
21,30,-9
15,14,1
14,40,-26
25,9,16
13,20,-7
29,10,19
6,30,-24
16,33,-17
9,41,-32
14,19,-5
10,40,-30
39,20,19
20,23,-3
10,35,-25
18,26,-8
14,23,-9
16,17,-1
20,40,-20
24,45,-21
22,16,6
26,13,13
6,16,-10
19,16,3
27,24,3
22,16,6
17,7,10
27,13,14
16,27,-11
28,13,15
20,20,0
19,31,-12
25,23,2
19,20,-1
5,24,-19
0,44,-44
36,14,22
6,13,-7
20,10,10
40,27,13
23,31,-8
17,34,-17
30,20,10
25,17,8
19,45,-26
23,34,-11
22,24,-2
41,26,15
41,19,22
35,21,14
14,32,-18
15,26,-11
6,33,-27
39,21,18
29,14,15
17,29,-12
20,13,7
30,13,17
14,37,-23
13,28,-15
25,12,13
10,22,-12
16,27,-11
14,26,-12
25,27,-2
12,24,-12
13,31,-18
17,13,4
17,6,11
18,23,-5
38,17,21
26,14,12
29,41,-12
34,13,21
22,14,8
15,21,-6
28,34,-6
3,24,-21
16,21,-5
20,0,20
26,13,13
23,37,-14
24,23,1
16,16,0
0,33,-33
19,14,5
36,21,15
24,27,-3
27,19,8
24,35,-11
20,20,0
7,30,-23
27,9,18
29,28,1
33,18,15
12,19,-7
9,3,6
26,30,-4
20,17,3
15,21,-6
16,34,-18
33,13,20
13,6,7
20,24,-4
21,23,-2
35,14,21
29,26,3
19,33,-14
10,13,-3
6,43,-37
9,23,-14
26,24,2
25,27,-2
31,27,4
18,14,4
31,30,1
29,36,-7
33,22,11
25,3,22
23,26,-3
24,17,7
12,20,-8
30,37,-7
13,27,-14
26,10,16
43,14,29
21,10,11
22,3,19
27,21,6
6,14,-8
33,31,2
32,9,23
26,21,5
29,21,8
23,16,7
30,24,6
9,31,-22
27,9,18
16,20,-4
23,21,2
17,32,-15
6,31,-25
10,19,-9
23,35,-12
10,26,-16
30,27,3
10,22,-12
19,27,-8
19,12,7
34,19,15
29,14,15
23,30,-7
23,17,6
33,23,10
18,21,-3
19,26,-7
24,24,0
32,6,26
26,9,17
16,24,-8
22,34,-12
14,28,-14
32,17,15
28,10,18
26,21,5
30,21,9
47,17,30
13,36,-23
28,30,-2
23,27,-4
24,38,-14
49,6,43
17,19,-2
34,38,-4
19,27,-8
33,16,17
20,21,-1
28,21,7
30,30,0
20,27,-7
24,33,-9
3,14,-11
29,13,16
13,20,-7
23,10,13
14,26,-12
29,20,9
21,23,-2
32,17,15
17,6,11
33,27,6
19,28,-9
18,33,-15
35,20,15
35,28,7
23,38,-15
30,37,-7
3,27,-24
19,20,-1
16,30,-14
13,26,-13
22,24,-2
18,24,-6
23,21,2
18,21,-3
28,10,18
23,13,10
26,27,-1
48,17,31
27,14,13
26,16,10
33,28,5
20,14,6
23,27,-4
36,20,16
27,10,17
40,20,20
23,20,3
22,3,19
20,17,3
20,27,-7
19,21,-2
16,26,-10
22,24,-2
13,40,-27
16,0,16
40,31,9
12,37,-25
3,23,-20
25,17,8
13,34,-21
27,34,-7
33,27,6
30,17,13
23,17,6
12,13,-1
20,17,3
9,20,-11
16,27,-11
25,7,18
36,14,22
29,38,-9
13,27,-14
26,10,16
28,27,1
23,22,1
30,14,16
9,21,-12
26,20,6
49,14,35
15,6,9
24,27,-3
23,23,0
23,0,23
19,17,2
27,17,10
19,27,-8
20,31,-11
46,14,32
27,27,0
32,13,19
23,23,0
24,7,17
13,20,-7
23,0,23
14,41,-27
32,17,15
9,24,-15
39,3,36
33,16,17
25,34,-9
3,27,-24
6,32,-26
10,33,-23
17,28,-11
7,20,-13
12,17,-5
10,20,-10
31,24,7
16,24,-8
21,21,0
22,24,-2
20,19,1
22,17,5
12,24,-12
27,16,11
27,14,13
35,31,4
12,23,-11
20,20,0
23,17,6
10,23,-13
38,24,14
26,10,16
25,19,6
6,28,-22
17,13,4
15,37,-22
30,16,14
20,27,-7
15,15,0
32,13,19
3,19,-16
14,23,-9
7,36,-29
7,25,-18
40,24,16
47,28,19
16,20,-4
28,24,4
35,13,22
12,17,-5
30,20,10
36,23,13
13,26,-13
20,29,-9
17,14,3
15,17,-2
22,20,2
26,26,0
10,10,0
17,24,-7
22,35,-13
7,52,-45
21,28,-7
15,24,-9
25,27,-2
23,36,-13
23,17,6
22,32,-10
19,44,-25
18,3,15
12,37,-25
26,10,16
17,24,-7
30,13,17
13,30,-17
39,21,18
26,17,9
29,24,5
23,19,4
26,3,23
34,31,3
16,28,-12
16,28,-12
9,33,-24
12,31,-19
24,37,-13
17,27,-10
33,21,12
10,23,-13
21,25,-4
20,34,-14
28,20,8
37,7,30
19,24,-5
13,7,6
37,27,10
16,23,-7
25,13,12
23,10,13
23,16,7
29,24,5
30,13,17
13,27,-14
6,40,-34
22,10,12
10,13,-3
38,13,25
12,19,-7
20,17,3
36,10,26
23,13,10
20,19,1
17,23,-6
32,17,15
20,37,-17
22,17,5
9,12,-3
30,3,27
39,14,25
13,26,-13
26,31,-5
26,30,-4
20,21,-1
30,14,16
14,31,-17
30,26,4
25,31,-6
16,28,-12
44,14,30
13,24,-11
31,20,11
13,20,-7
16,18,-2
36,7,29
3,33,-30
10,42,-32
26,13,13
28,28,0
22,45,-23
12,31,-19
19,20,-1
19,20,-1
26,31,-5
29,14,15
20,13,7
9,35,-26
20,28,-8
28,39,-11
17,24,-7
33,27,6
3,34,-31
30,16,14
36,17,19
29,24,5
24,31,-7
27,26,1
41,14,27
22,27,-5
33,35,-2
26,21,5
19,14,5
37,30,7
40,31,9
21,26,-5
13,33,-20
20,16,4
37,20,17
13,16,-3
24,13,11
33,26,7
22,13,9
36,20,16
27,13,14
19,41,-22
16,7,9
13,19,-6
7,34,-27
13,27,-14
19,9,10
50,16,34
16,30,-14
26,33,-7
19,27,-8
20,17,3
10,37,-27
33,7,26
27,22,5
9,17,-8
16,10,6
32,16,16
40,47,-7
13,14,-1
22,34,-12
31,35,-4
23,44,-21
16,27,-11
15,10,5
16,24,-8
12,10,2
12,22,-10
29,20,9
12,33,-21
29,7,22
41,0,41
23,17,6
17,13,4
27,21,6
16,38,-22
20,23,-3
22,10,12
37,38,-1
23,13,10
20,15,5
17,13,4
23,24,-1
17,29,-12
7,27,-20
26,17,9
10,12,-2
24,16,8
15,19,-4
19,13,6
19,40,-21
44,10,34
24,26,-2
17,33,-16
16,36,-20
33,21,12
23,31,-8
26,45,-19
16,30,-14
10,30,-20
22,12,10
12,31,-19
36,34,2
31,10,21
24,44,-20
33,20,13
21,23,-2
23,34,-11
17,19,-2
25,20,5
12,22,-10
16,28,-12
20,21,-1
24,14,10
27,17,10
27,10,17
27,24,3
9,24,-15
10,40,-30
33,10,23
29,17,12
6,24,-18
30,31,-1
25,7,18
38,28,10
10,12,-2
13,23,-10
13,16,-3
23,19,4
12,24,-12
16,12,4
30,17,13
17,26,-9
30,34,-4
29,6,23
19,24,-5
17,23,-6
23,31,-8
13,40,-27
34,23,11
12,37,-25
21,41,-20
6,13,-7
33,0,33
16,21,-5
9,23,-14
14,36,-22
13,23,-10
26,14,12
20,9,11
30,34,-4
23,23,0
19,10,9
31,21,10
10,19,-9
34,13,21
7,16,-9
21,30,-9
23,17,6
23,32,-9
29,17,12
10,20,-10
20,41,-21
26,17,9
21,27,-6
6,23,-17
16,17,-1
28,16,12
21,14,7
12,9,3
19,34,-15
27,20,7
30,31,-1
16,31,-15
21,23,-2
34,14,20
14,40,-26
13,17,-4
36,24,12
30,45,-15
30,10,20
10,41,-31
29,37,-8
23,20,3
28,0,28
33,21,12
20,20,0
17,34,-17
26,19,7
40,19,21
19,40,-21
36,21,15
16,19,-3
27,20,7
16,10,6
29,28,1
24,44,-20
10,26,-16
14,27,-13
9,23,-14
21,20,1
32,24,8
17,23,-6
13,32,-19
35,21,14
16,21,-5
20,27,-7
16,6,10
9,35,-26
27,26,1
10,45,-35
36,21,15
10,40,-30
15,20,-5
27,21,6
20,22,-2
36,28,8
37,28,9
26,19,7
16,20,-4
41,27,14
17,10,7
16,21,-5
13,26,-13
38,16,22
5,50,-45
14,22,-8
31,9,22
3,16,-13
24,21,3
26,22,4
18,33,-15
19,7,12
26,28,-2
22,7,15
16,27,-11
17,16,1
10,12,-2
23,20,3
47,7,40
16,20,-4
43,24,19
34,33,1
14,13,1
18,27,-9
30,17,13
26,23,3
18,31,-13
19,20,-1
21,21,0
23,22,1
3,3,0
22,14,8
12,23,-11
30,35,-5
31,10,21
37,6,31
30,41,-11
29,27,2
26,10,16
30,20,10
30,37,-7
20,20,0
34,15,19
30,16,14
23,19,4
9,17,-8
26,26,0
24,28,-4
40,30,10
30,24,6
16,21,-5
16,20,-4
20,16,4
10,27,-17
19,31,-12
33,20,13
25,7,18
10,40,-30
24,24,0
13,24,-11
41,17,24
20,26,-6
36,7,29
36,17,19
41,17,24
12,23,-11
27,41,-14
22,23,-1
19,24,-5
19,19,0
35,24,11
29,24,5
13,20,-7
39,17,22
10,33,-23
37,27,10
3,33,-30
27,13,14
23,10,13
26,37,-11
25,35,-10
29,34,-5
22,6,16
13,30,-17
27,13,14
13,9,4
3,16,-13
7,23,-16
16,10,6
23,10,13
23,40,-17
13,27,-14
21,16,5
12,9,3
20,38,-18
15,23,-8
10,30,-20
13,17,-4
24,25,-1
17,23,-6
28,28,0
38,10,28
33,31,2
32,18,14
20,21,-1
0,29,-29
36,20,16
22,19,3
26,31,-5
29,27,2
16,27,-11
16,3,13
29,13,16
37,14,23
22,44,-22
12,13,-1
3,20,-17
10,34,-24
37,17,20
14,13,1
27,42,-15
22,34,-12
31,45,-14
16,31,-15
17,25,-8
24,34,-10
6,35,-29
16,27,-11
23,17,6
19,16,3
22,21,1
17,26,-9
23,15,8
13,28,-15
21,23,-2
10,10,0
20,17,3
29,10,19
33,24,9
13,30,-17
18,13,5
30,20,10
6,44,-38
15,31,-16
22,29,-7
16,13,3
3,20,-17
14,44,-30
17,28,-11
37,28,9
23,31,-8
16,23,-7
16,25,-9
27,7,20
9,30,-21
17,19,-2
7,31,-24
30,16,14
9,21,-12
38,7,31
17,19,-2
7,29,-22
13,27,-14
31,26,5
23,14,9
19,23,-4
10,39,-29
13,19,-6
16,23,-7
27,34,-7
3,19,-16
22,23,-1
16,34,-18
42,17,25
10,38,-28
40,10,30
35,17,18
39,31,8
19,23,-4
23,14,9
20,31,-11
9,16,-7
32,17,15
21,32,-11
23,24,-1
17,17,0
41,38,3
31,17,14
34,7,27
19,27,-8
23,27,-4
18,16,2
18,7,11
17,13,4
24,36,-12
10,31,-21
20,34,-14
7,30,-23
33,20,13
36,30,6
13,20,-7
26,14,12
14,23,-9
25,19,6
39,20,19
20,21,-1
39,14,25
14,28,-14
30,27,3
23,23,0
33,24,9
19,31,-12
31,25,6
10,36,-26
29,17,12
16,39,-23
28,17,11
10,17,-7
23,24,-1
19,13,6
27,38,-11
44,14,30
11,42,-31
12,14,-2
22,30,-8
10,27,-17
12,17,-5
30,10,20
22,15,7
17,30,-13
16,19,-3
22,20,2
23,38,-15
20,28,-8
13,30,-17
19,20,-1
29,17,12
29,24,5
25,16,9
10,17,-7
18,22,-4
13,19,-6
10,29,-19
22,37,-15
34,30,4
15,20,-5
16,24,-8
32,16,16
21,13,8
27,23,4
27,20,7
29,27,2
10,32,-22
22,9,13
20,13,7
17,51,-34
34,31,3
37,13,24
23,24,-1
40,17,23
10,46,-36
12,28,-16
37,16,21
19,30,-11
12,40,-28
33,10,23
19,28,-9
31,20,11
16,7,9
25,20,5
27,20,7
9,17,-8
19,30,-11
34,10,24
9,19,-10
10,12,-2
20,21,-1
38,21,17
13,42,-29
33,33,0
30,23,7
30,30,0
16,23,-7
24,16,8
20,21,-1
25,16,9
16,36,-20
23,24,-1
16,24,-8
25,24,1
27,34,-7
18,6,12
23,13,10
13,19,-6
16,20,-4
19,6,13
10,29,-19
23,10,13
20,28,-8
24,23,1
20,28,-8
7,21,-14
35,21,14
26,21,5
12,26,-14
26,21,5
16,34,-18
6,46,-40
32,9,23
31,17,14
35,26,9
20,16,4
9,37,-28
25,12,13
21,10,11
26,34,-8
22,19,3
33,20,13
7,47,-40
26,27,-1
16,25,-9
43,16,27
10,13,-3
17,9,8
43,31,12
14,31,-17
27,30,-3
20,31,-11
10,21,-11
26,33,-7
23,23,0
20,42,-22
40,28,12
50,7,43
32,17,15
23,17,6
38,15,23
19,13,6
22,23,-1
13,19,-6
36,24,12
15,28,-13
15,20,-5
16,26,-10
29,17,12
30,37,-7
6,37,-31
20,10,10
18,37,-19
13,35,-22
24,20,4
6,16,-10
23,21,2
26,20,6
10,22,-12
16,20,-4
21,7,14
46,7,39
20,38,-18
27,38,-11
23,13,10
27,17,10
27,14,13
21,29,-8
22,9,13
26,16,10
14,30,-16
23,28,-5
9,35,-26
38,20,18
14,30,-16
9,24,-15
18,30,-12
15,31,-16
30,34,-4
33,31,2
16,24,-8
20,20,0
23,33,-10
14,19,-5
9,37,-28
10,26,-16
26,24,2
30,9,21
29,20,9
14,42,-28
24,34,-10
24,22,2
16,33,-17
20,27,-7
31,23,8
23,48,-25
30,27,3
34,23,11
24,20,4
20,45,-25
20,39,-19
20,27,-7
22,23,-1
31,26,5
26,27,-1
19,27,-8
29,17,12
16,25,-9
17,24,-7
22,22,0
34,6,28
22,14,8
26,24,2
25,13,12
23,34,-11
29,6,23
31,16,15
31,25,6
28,30,-2
41,3,38
28,10,18
33,30,3
6,26,-20
20,14,6
19,23,-4
9,30,-21
23,21,2
23,24,-1
23,21,2
40,24,16
32,21,11
20,10,10
10,40,-30
9,25,-16
36,19,17
34,17,17
13,16,-3
23,17,6
23,6,17
34,23,11
23,20,3
16,13,3
30,21,9
32,20,12
20,31,-11
40,14,26
17,20,-3
13,20,-7
24,17,7
16,10,6
3,20,-17
23,24,-1
19,16,3
33,14,19
7,38,-31
25,16,9
29,13,16
22,20,2
29,31,-2
37,24,13
17,30,-13
22,12,10
14,40,-26
20,19,1
27,31,-4
16,13,3
17,23,-6
34,20,14
43,24,19
15,17,-2
17,26,-9
23,33,-10
29,23,6
14,23,-9
10,39,-29
34,17,17
41,17,24
22,37,-15
9,7,2
28,17,11
19,24,-5
21,26,-5
7,27,-20
20,47,-27
13,27,-14
13,9,4
16,29,-13
12,27,-15
29,13,16
16,32,-16
22,24,-2
17,37,-20
12,35,-23
30,32,-2
10,16,-6
14,17,-3
6,27,-21
40,21,19
30,51,-21
32,13,19
29,10,19
9,10,-1
23,24,-1
14,41,-27
40,13,27
13,17,-4
15,10,5
26,31,-5
16,24,-8
22,23,-1
24,21,3
22,12,10
24,10,14
39,31,8
20,22,-2
23,16,7
29,10,19
15,26,-11
13,28,-15
23,23,0
26,17,9
43,27,16
26,20,6
26,38,-12
33,14,19
26,21,5
16,6,10
20,16,4
16,10,6
35,7,28
6,33,-27
19,17,2
23,10,13
40,10,30
29,13,16
10,35,-25
17,27,-10
22,14,8
17,16,1
20,41,-21
26,43,-17
31,7,24
17,20,-3
31,27,4
24,41,-17
30,31,-1
19,24,-5
33,10,23
27,3,24
6,23,-17
17,28,-11
33,17,16
10,30,-20
24,23,1
20,29,-9
20,27,-7
40,31,9
20,24,-4
9,24,-15
9,15,-6
24,20,4
16,23,-7
26,17,9
36,10,26
13,25,-12
16,22,-6
28,16,12
19,19,0
17,16,1
23,27,-4
23,13,10
20,21,-1
30,17,13
16,37,-21
17,29,-12
12,29,-17
26,17,9
26,20,6
12,27,-15
16,42,-26
3,27,-24
29,27,2
30,41,-11
10,34,-24
19,27,-8
29,14,15
30,29,1
19,31,-12
23,33,-10
33,30,3
25,23,2
26,27,-1
26,24,2
26,33,-7
23,26,-3
9,24,-15
26,13,13
13,30,-17
36,33,3
36,27,9
14,28,-14
29,20,9
10,29,-19
31,41,-10
30,26,4
30,10,20
20,10,10
13,19,-6
16,17,-1
40,19,21
41,17,24
8,14,-6
14,19,-5
20,27,-7
23,28,-5
17,34,-17
37,10,27
23,25,-2
29,3,26
32,17,15
22,21,1
24,27,-3
25,21,4
25,28,-3
9,13,-4
28,16,12
34,14,20
9,24,-15
26,16,10
22,33,-11
40,17,23
10,38,-28
10,19,-9
20,13,7
14,27,-13
36,36,0
9,17,-8
20,20,0
33,10,23
34,26,8
30,21,9
18,17,1
17,7,10
33,30,3
23,37,-14
31,0,31
33,17,16
39,24,15
16,26,-10
30,21,9
32,38,-6
23,9,14
34,13,21
13,13,0
40,14,26
26,33,-7
17,26,-9
20,47,-27
16,27,-11
21,28,-7
40,9,31
10,26,-16
23,34,-11
14,14,0
20,13,7
18,27,-9
13,6,7
26,37,-11
20,21,-1
29,16,13
23,13,10
15,28,-13
15,17,-2
37,20,17
13,27,-14
23,31,-8
31,34,-3
26,19,7
24,16,8
20,26,-6
13,26,-13
9,34,-25
30,30,0
32,9,23
31,13,18
22,41,-19
25,14,11
19,38,-19
37,17,20
26,24,2
41,24,17
23,21,2
17,27,-10
20,26,-6
16,28,-12
10,34,-24
26,27,-1
13,31,-18
22,28,-6
10,10,0
16,17,-1
39,24,15
19,13,6
27,31,-4
20,26,-6
22,30,-8
7,23,-16
20,10,10
7,26,-19
21,0,21
5,24,-19
24,27,-3
12,39,-27
40,17,23
16,21,-5
10,44,-34
9,30,-21
17,26,-9
13,27,-14
0,40,-40
25,20,5
42,0,42
38,9,29
30,30,0
28,31,-3
13,16,-3
19,20,-1
23,24,-1
19,19,0
43,17,26
24,34,-10
30,28,2
13,30,-17
0,20,-20
19,44,-25
23,28,-5
19,20,-1
10,22,-12
12,17,-5
17,30,-13
12,26,-14
7,29,-22
28,12,16
26,31,-5
13,23,-10
12,16,-4
39,13,26
20,34,-14
6,27,-21
26,31,-5
32,16,16
27,27,0
13,13,0
13,44,-31
20,24,-4
33,6,27
14,19,-5
16,27,-11
23,27,-4
17,38,-21
16,20,-4
25,17,8
13,39,-26
20,37,-17
27,27,0
27,27,0
28,30,-2
23,34,-11
13,23,-10
27,27,0
21,21,0
26,16,10
24,34,-10
26,19,7
26,35,-9
29,24,5
10,27,-17
27,27,0
20,33,-13
28,17,11
22,23,-1
25,20,5
27,9,18
22,13,9
10,19,-9
30,37,-7
37,6,31
36,6,30
16,28,-12
20,17,3
23,21,2
27,45,-18
16,16,0
13,28,-15
35,17,18
19,17,2
18,6,12
13,29,-16
22,21,1
20,27,-7
30,30,0
17,29,-12
16,24,-8
10,35,-25
20,22,-2
16,37,-21
9,17,-8
26,24,2
3,36,-33
26,22,4
30,23,7
12,26,-14
13,13,0
19,16,3
30,7,23
19,10,9
15,17,-2
19,21,-2
39,10,29
16,45,-29
27,24,3
20,29,-9
32,31,1
21,20,1
34,23,11
15,24,-9
13,26,-13
10,28,-18
7,42,-35
17,13,4
15,14,1
9,33,-24
17,17,0
12,21,-9
19,31,-12
24,15,9
38,27,11
33,10,23
12,24,-12
10,24,-14
16,34,-18
26,28,-2
17,20,-3
29,20,9
20,24,-4
37,21,16
13,30,-17
3,19,-16
17,47,-30
32,14,18
16,34,-18
27,10,17
9,26,-17
41,26,15
24,12,12
33,40,-7
18,21,-3
13,20,-7
24,41,-17
13,24,-11
13,40,-27
33,6,27
40,21,19
9,35,-26
19,52,-33
9,27,-18
6,21,-15
13,28,-15
24,27,-3
23,24,-1
10,35,-25
10,19,-9
19,9,10
22,16,6
26,27,-1
20,13,7
14,23,-9
30,14,16
11,30,-19
10,27,-17
31,31,0
20,30,-10
37,17,20
18,36,-18
34,24,10
27,16,11
37,33,4
10,29,-19
23,24,-1
17,42,-25
7,33,-26
26,6,20
29,36,-7
10,27,-17
24,19,5
33,14,19
3,34,-31
17,27,-10
20,10,10
34,31,3
34,17,17
25,0,25
22,27,-5
23,24,-1
8,17,-9
29,31,-2
29,45,-16
22,10,12
13,18,-5
17,28,-11
33,27,6
33,21,12
23,30,-7
14,20,-6
19,17,2
43,27,16
18,3,15
27,17,10
10,40,-30
11,34,-23
10,36,-26
9,31,-22
30,37,-7
17,28,-11
10,16,-6
30,17,13
40,27,13
13,9,4
31,24,7
27,17,10
24,16,8
17,37,-20
31,34,-3
9,45,-36
39,30,9
39,10,29
14,48,-34
27,41,-14
30,21,9
13,19,-6
43,24,19
13,16,-3
13,18,-5
39,24,15
20,27,-7
36,10,26
9,19,-10
44,32,12
30,24,6
19,26,-7
13,20,-7
24,34,-10
16,7,9
16,24,-8
10,37,-27
23,20,3
17,41,-24
19,6,13
17,27,-10
18,0,18
30,16,14
33,26,7
6,10,-4
21,17,4
10,38,-28
40,21,19
30,24,6
29,17,12
33,14,19
12,10,2
28,24,4
9,21,-12
47,16,31
3,32,-29
36,20,16
29,7,22
23,16,7
27,17,10
20,24,-4
17,9,8
38,24,14
14,17,-3
20,10,10
6,42,-36
14,13,1
12,20,-8
20,26,-6
16,26,-10
39,10,29
40,14,26
23,31,-8
23,31,-8
23,16,7
20,18,2
37,28,9
23,13,10
24,19,5
12,27,-15
36,28,8
33,16,17
20,26,-6
27,10,17
14,9,5
21,34,-13
16,30,-14
19,14,5
3,33,-30
31,10,21
29,20,9
30,24,6
16,17,-1
17,19,-2
26,16,10
27,14,13
9,24,-15
38,0,38
20,22,-2
31,10,21
20,23,-3
23,12,11
33,9,24
10,22,-12
16,19,-3
13,31,-18
16,17,-1
24,12,12
27,17,10
26,25,1
6,34,-28
13,24,-11
28,13,15
16,19,-3
12,10,2
27,44,-17
26,37,-11
25,27,-2
10,40,-30
37,17,20
41,20,21
23,16,7
17,21,-4
23,13,10
16,51,-35
27,13,14
23,24,-1
12,19,-7
26,20,6
41,31,10
26,20,6
20,16,4
20,38,-18
31,21,10
16,19,-3
15,29,-14
9,19,-10
13,16,-3
23,16,7
23,33,-10
23,17,6
38,28,10
20,45,-25
39,24,15
9,24,-15
26,16,10
17,19,-2
25,17,8
22,29,-7
0,31,-31
30,13,17
19,31,-12
19,28,-9
17,14,3
19,10,9
13,26,-13
20,16,4
15,16,-1
30,15,15
16,27,-11
3,20,-17
26,31,-5
16,27,-11
29,20,9
30,24,6
34,21,13
31,17,14
24,16,8
29,24,5
33,24,9
33,17,16
27,27,0
10,14,-4
16,16,0
30,20,10
6,20,-14
28,22,6
40,27,13
33,23,10
23,34,-11
26,24,2
13,26,-13
25,16,9
33,6,27
25,24,1
43,14,29
25,13,12
23,37,-14
9,31,-22
34,15,19
14,15,-1
28,17,11
16,20,-4
30,25,5
29,27,2
26,17,9
20,28,-8
17,39,-22
33,14,19
31,30,1
17,40,-23
20,22,-2
23,19,4
20,16,4
12,17,-5
14,13,1
20,27,-7
16,38,-22
30,25,5
31,24,7
13,27,-14
20,27,-7
42,33,9
26,14,12
24,21,3
3,23,-20
26,17,9
34,21,13
37,21,16
13,30,-17
20,27,-7
29,10,19
22,14,8
27,13,14
41,17,24
22,49,-27
38,17,21
26,24,2
20,20,0
16,20,-4
23,13,10
24,23,1
19,24,-5
32,10,22
19,38,-19
25,13,12
10,23,-13
15,30,-15
13,10,3
35,17,18
20,13,7
17,30,-13
3,29,-26
23,20,3
16,13,3
19,33,-14
23,19,4
23,20,3
10,16,-6
25,27,-2
20,38,-18
3,17,-14
20,40,-20
30,31,-1
13,34,-21
17,34,-17
30,29,1
21,17,4
15,35,-20
10,26,-16
19,12,7
24,17,7
26,14,12
22,17,5
19,40,-21
25,20,5
15,20,-5
30,20,10
9,27,-18
24,41,-17
14,20,-6
33,12,21
19,23,-4
26,34,-8
36,27,9
27,21,6
23,23,0
36,19,17
33,6,27
17,32,-15
13,12,1
40,21,19
30,28,2
12,21,-9
33,17,16
24,27,-3
16,14,2
13,18,-5
28,14,14
17,23,-6
19,32,-13
20,48,-28
20,48,-28
10,37,-27
18,14,4
40,14,26
23,27,-4
23,27,-4
29,28,1
16,28,-12
26,28,-2
27,17,10
29,24,5
22,14,8
21,13,8
22,22,0
26,31,-5
33,23,10
9,14,-5
49,37,12
22,29,-7
24,24,0
21,28,-7
27,21,6
16,17,-1
14,17,-3
13,17,-4
29,20,9
17,30,-13
19,24,-5
13,16,-3
9,34,-25
43,3,40
6,38,-32
37,23,14
39,21,18
17,29,-12
17,27,-10
23,17,6
13,38,-25
25,28,-3
27,13,14
9,3,6
13,14,-1
26,10,16
26,38,-12
10,45,-35
21,23,-2
24,24,0
32,20,12
22,27,-5
10,19,-9
9,14,-5
7,28,-21
17,3,14
15,20,-5
34,28,6
24,37,-13
16,23,-7
19,17,2
17,14,3
22,19,3
10,34,-24
16,27,-11
40,23,17
33,19,14
34,27,7
3,16,-13
29,10,19
20,20,0
34,17,17
10,27,-17
19,37,-18
19,20,-1
26,17,9
13,29,-16
37,14,23
20,23,-3
6,10,-4
32,23,9
18,35,-17
28,24,4
20,20,0
26,17,9
12,22,-10
32,16,16
13,34,-21
19,12,7
9,10,-1
39,27,12
0,44,-44
17,31,-14
37,24,13
16,12,4
26,9,17
3,42,-39
40,17,23
17,29,-12
40,37,3
6,18,-12
13,31,-18
35,27,8
42,24,18
27,17,10
33,17,16
26,20,6
13,34,-21
31,37,-6
12,23,-11
3,37,-34
20,31,-11
37,17,20
24,27,-3
17,33,-16
19,24,-5
9,27,-18
16,27,-11
0,20,-20
0,34,-34
44,28,16
25,24,1
33,14,19
20,33,-13
26,27,-1
20,21,-1
31,16,15
12,30,-18
0,26,-26
20,16,4
16,23,-7
13,16,-3
16,34,-18
10,20,-10
3,16,-13
13,31,-18
33,13,20
24,27,-3
37,13,24
24,34,-10
9,38,-29
8,12,-4
20,23,-3
29,10,19
20,10,10
19,36,-17
38,7,31
28,21,7
24,27,-3
20,17,3
17,31,-14
38,22,16
13,23,-10
37,21,16
19,20,-1
16,31,-15
10,29,-19
23,10,13
43,22,21
16,10,6
17,24,-7
16,10,6
12,26,-14
27,23,4
20,16,4
21,26,-5
36,28,8
20,33,-13
33,24,9
35,14,21
24,21,3
31,20,11
23,44,-21
9,19,-10
10,44,-34
36,24,12
6,26,-20
37,3,34
24,29,-5
26,17,9
18,20,-2
20,6,14
28,26,2
13,31,-18
28,31,-3
17,20,-3
26,17,9
21,38,-17
28,7,21
32,10,22
10,29,-19
12,24,-12
23,14,9
13,7,6
9,23,-14
19,24,-5
13,50,-37
24,19,5
18,37,-19
18,26,-8
6,22,-16
7,13,-6
19,30,-11
19,34,-15
27,15,12
16,15,1
33,16,17
15,20,-5
22,27,-5
15,14,1
16,34,-18
23,27,-4
32,13,19
9,17,-8
13,25,-12
34,31,3
42,17,25
3,12,-9
10,33,-23
7,31,-24
20,39,-19
33,14,19
32,10,22
9,20,-11
27,17,10
19,40,-21
7,23,-16
31,0,31
32,27,5
33,34,-1
22,10,12
15,20,-5
40,21,19
27,28,-1
12,27,-15
13,34,-21
9,41,-32
19,20,-1
20,37,-17
31,34,-3
27,10,17
23,30,-7
28,17,11
10,7,3
23,17,6
11,24,-13
16,19,-3
25,10,15
11,31,-20
16,16,0
23,21,2
22,7,15
13,23,-10
50,21,29
26,26,0
6,18,-12
29,7,22
27,21,6
28,7,21
14,47,-33
22,23,-1
20,2,18
39,24,15
9,30,-21
25,36,-11
22,20,2
23,23,0
20,17,3
23,19,4
24,17,7
10,18,-8
26,13,13
14,45,-31
25,16,9
13,26,-13
35,23,12
17,27,-10
9,27,-18
31,20,11
23,19,4
20,24,-4
24,27,-3
44,23,21
39,9,30
12,16,-4
16,23,-7
16,28,-12
20,16,4
35,17,18
3,37,-34
12,22,-10
19,22,-3
13,12,1
21,17,4
23,20,3
24,30,-6
23,16,7
29,3,26
14,23,-9
29,0,29
40,14,26
23,19,4
32,10,22
33,14,19
30,20,10
24,15,9
27,34,-7
26,34,-8
13,24,-11
10,34,-24
14,10,4
39,10,29
34,10,24
18,20,-2
23,20,3
24,19,5
23,16,7
27,17,10
9,41,-32
32,7,25
23,34,-11
3,23,-20
13,35,-22
10,17,-7
12,27,-15
22,15,7
13,13,0
6,30,-24
24,23,1
19,7,12
29,21,8
19,40,-21
25,10,15
15,30,-15
16,20,-4
33,30,3
23,20,3
10,13,-3
16,24,-8
9,28,-19
27,17,10
27,7,20
13,26,-13
17,19,-2
20,36,-16
37,10,27
23,30,-7
34,6,28
19,3,16
30,13,17
24,30,-6
30,24,6
23,16,7
20,23,-3
32,21,11
15,13,2
47,20,27
9,26,-17
16,27,-11
23,26,-3
26,41,-15
15,15,0
16,10,6
26,12,14
24,26,-2
13,23,-10
29,20,9
10,17,-7
19,31,-12
15,17,-2
15,28,-13
37,20,17
6,13,-7
30,17,13
38,24,14
35,35,0
37,20,17
16,30,-14
26,45,-19
34,27,7
13,22,-9
26,30,-4
19,26,-7
28,23,5
29,21,8
40,17,23
14,26,-12
19,30,-11
22,38,-16
13,34,-21
28,10,18
16,29,-13
10,44,-34
37,6,31
29,24,5
37,31,6
17,12,5
14,23,-9
13,21,-8
50,17,33
24,35,-11
26,20,6
31,24,7
20,14,6
19,17,2
36,10,26
44,21,23
28,27,1
23,37,-14
22,14,8
17,29,-12
6,26,-20
23,20,3
17,26,-9
37,14,23
20,24,-4
25,23,2
42,7,35
21,21,0
26,20,6
9,35,-26
57,20,37
27,17,10
27,20,7
27,17,10
22,16,6
41,14,27
6,27,-21
9,44,-35
16,24,-8
26,10,16
13,17,-4
22,10,12
30,10,20
20,24,-4
16,32,-16
39,27,12
33,9,24
34,23,11
26,17,9
26,33,-7
24,41,-17
12,17,-5
20,27,-7
20,17,3
6,31,-25
19,27,-8
20,38,-18
37,3,34
13,24,-11
22,34,-12
27,18,9
26,29,-3
17,27,-10
45,24,21
6,9,-3
31,20,11
25,24,1
24,26,-2
36,27,9
22,26,-4
23,17,6
22,19,3
14,16,-2
26,20,6
13,30,-17
23,17,6
6,10,-4
19,27,-8
27,16,11
30,7,23
28,7,21
24,13,11
19,10,9
23,30,-7
25,13,12
26,33,-7
23,19,4
13,13,0
38,14,24
32,31,1
30,9,21
33,31,2
25,7,18
37,30,7
16,10,6
23,20,3
17,16,1
23,21,2
16,13,3
21,17,4
20,38,-18
25,7,18
17,23,-6
22,30,-8
20,20,0
27,26,1
13,26,-13
26,27,-1
23,6,17
46,3,43
26,31,-5
13,23,-10
23,23,0
26,16,10
11,23,-12
42,20,22
17,29,-12
19,10,9
20,10,10
12,20,-8
13,25,-12
16,24,-8
35,31,4
7,33,-26
23,24,-1
17,44,-27
29,9,20
28,21,7
17,16,1
25,21,4
9,20,-11
19,3,16
18,27,-9
10,19,-9
15,34,-19
22,20,2
16,30,-14
25,3,22
24,17,7
38,9,29
24,17,7
8,20,-12
26,19,7
30,28,2
10,24,-14
20,35,-15
31,17,14
25,20,5
26,21,5
13,24,-11
16,13,3
13,24,-11
23,20,3
18,17,1
29,3,26
20,28,-8
3,13,-10
27,20,7
42,7,35
14,38,-24
34,52,-18
33,10,23
14,31,-17
20,30,-10
23,20,3
23,10,13
26,23,3
20,28,-8
26,14,12
22,0,22
19,14,5
20,24,-4
14,37,-23
23,13,10
23,17,6
26,27,-1
19,24,-5
13,31,-18
26,9,17
26,16,10
19,27,-8
19,10,9
16,13,3
16,19,-3
19,10,9
29,17,12
6,30,-24
5,28,-23
9,24,-15
37,31,6
10,6,4
27,20,7
6,26,-20
26,17,9
24,14,10
0,27,-27
16,14,2
26,34,-8
15,14,1
12,10,2
26,36,-10
31,13,18
30,37,-7
23,7,16
15,7,8
16,45,-29
16,35,-19
22,10,12
13,26,-13
16,17,-1
7,44,-37
13,28,-15
25,17,8
12,26,-14
40,17,23
16,10,6
22,13,9
17,38,-21
20,25,-5
3,30,-27
20,20,0
3,33,-30
28,20,8
23,20,3
30,16,14
19,40,-21
25,13,12
6,30,-24
20,16,4
37,23,14
20,30,-10
13,26,-13
29,19,10
28,28,0
40,24,16
26,20,6
16,17,-1
9,31,-22
29,14,15
24,46,-22
30,24,6
19,19,0
21,29,-8
17,45,-28
33,21,12
13,19,-6
21,29,-8
32,26,6
33,16,17
16,12,4
22,21,1
22,27,-5
26,26,0
17,40,-23
39,10,29
20,31,-11
33,3,30
10,36,-26
23,24,-1
37,26,11
22,20,2
20,20,0
19,34,-15
9,31,-22
26,30,-4
26,17,9
20,13,7
22,20,2
9,24,-15
13,38,-25
20,48,-28
35,20,15
6,36,-30
36,31,5
17,26,-9
27,23,4
12,12,0
6,35,-29
32,10,22
13,37,-24
34,17,17
20,27,-7
32,27,5
21,31,-10
28,36,-8
34,17,17
13,23,-10
33,17,16
33,24,9
16,22,-6
14,34,-20
9,17,-8
30,24,6
16,30,-14
6,10,-4
9,38,-29
24,23,1
37,13,24
23,23,0
17,26,-9
23,23,0
29,13,16
16,24,-8
10,23,-13
18,34,-16
43,27,16
25,3,22
20,33,-13
27,40,-13
26,17,9
18,27,-9
29,20,9
20,26,-6
9,30,-21
16,17,-1
20,26,-6
46,10,36
20,26,-6
14,33,-19
30,23,7
19,27,-8
34,27,7
40,20,20
25,13,12
44,17,27
13,38,-25
26,16,10
35,13,22
29,21,8
10,31,-21
34,34,0
23,33,-10
23,11,12
37,24,13
13,23,-10
20,15,5
9,20,-11
6,19,-13
18,21,-3
9,33,-24
26,0,26
19,23,-4
16,28,-12
6,35,-29
19,13,6
20,30,-10
7,33,-26
27,20,7
35,35,0
17,19,-2
25,21,4
26,13,13
20,23,-3
24,30,-6
36,7,29
22,13,9
27,31,-4
39,14,25
44,34,10
15,13,2
10,17,-7
25,31,-6
27,35,-8
33,13,20
27,17,10
14,10,4
16,37,-21
32,20,12
10,27,-17
24,27,-3
26,30,-4
23,20,3
7,9,-2
34,21,13
31,8,23
12,24,-12
29,28,1
13,23,-10
30,19,11
10,30,-20
20,21,-1
19,23,-4
39,21,18
13,23,-10
34,7,27
26,10,16
24,34,-10
40,22,18
15,13,2
21,27,-6
30,27,3
12,22,-10
31,24,7
16,24,-8
27,30,-3
31,22,9
36,6,30
6,16,-10
27,9,18
6,24,-18
25,35,-10
28,27,1
33,38,-5
36,14,22
36,35,1
17,6,11
26,14,12
18,31,-13
30,20,10
14,26,-12
14,27,-13
10,27,-17
16,20,-4
17,24,-7
20,34,-14
34,10,24
6,16,-10
23,22,1
19,22,-3
26,27,-1
30,10,20
33,21,12
27,13,14
0,21,-21
37,24,13
32,16,16
12,20,-8
0,28,-28
10,37,-27
24,33,-9
26,26,0
23,31,-8
9,24,-15
24,31,-7
19,17,2
26,20,6
24,33,-9
23,9,14
30,28,2
42,10,32
13,23,-10
50,17,33
10,13,-3
37,34,3
24,34,-10
17,20,-3
13,20,-7
16,23,-7
23,27,-4
13,21,-8
13,10,3
31,3,28
13,13,0
20,27,-7
36,41,-5
52,10,42
20,24,-4
33,17,16
16,26,-10
34,31,3
26,17,9
16,13,3
26,17,9
30,12,18
17,23,-6
13,31,-18
16,19,-3
6,9,-3
13,6,7
16,35,-19
33,33,0
6,25,-19
12,26,-14
20,35,-15
13,30,-17
29,28,1
34,14,20
19,20,-1
19,20,-1
22,23,-1
19,27,-8
20,27,-7
18,7,11
34,21,13
24,16,8
37,17,20
24,30,-6
13,23,-10
22,20,2
43,21,22
25,17,8
23,10,13
23,21,2
33,14,19
35,6,29
20,31,-11
33,14,19
12,6,6
18,27,-9
24,10,14
13,31,-18
32,17,15
6,46,-40
13,37,-24
7,23,-16
33,10,23
16,19,-3
29,30,-1
13,31,-18
20,26,-6
21,23,-2
33,27,6
16,28,-12
18,21,-3
25,17,8
35,16,19
16,19,-3
19,14,5
28,7,21
6,26,-20
26,3,23
21,20,1
16,30,-14
19,10,9
17,27,-10
44,13,31
13,30,-17
19,17,2
25,25,0
12,31,-19
10,27,-17
17,33,-16
39,17,22
10,16,-6
24,33,-9
29,7,22
22,24,-2
27,20,7
26,8,18
16,15,1
16,27,-11
6,30,-24
31,20,11
32,14,18
30,27,3
32,38,-6
23,23,0
13,16,-3
12,24,-12
23,35,-12
23,33,-10
13,29,-16
20,10,10
32,28,4
19,16,3
25,15,10
17,34,-17
19,27,-8
20,17,3
20,55,-35
6,15,-9
39,27,12
20,17,3
21,10,11
19,17,2
35,27,8
30,38,-8
29,23,6
19,20,-1
16,26,-10
23,6,17
9,17,-8
7,20,-13
20,39,-19
30,37,-7
33,3,30
19,41,-22
26,20,6
10,26,-16
20,14,6
16,45,-29
20,29,-9
25,31,-6
22,17,5
47,17,30
6,35,-29
31,3,28
3,16,-13
13,14,-1
16,29,-13
19,31,-12
22,7,15
19,24,-5
27,45,-18
26,10,16
26,3,23
22,6,16
19,33,-14
37,13,24
27,14,13
46,10,36
29,20,9
27,15,12
34,34,0
17,27,-10
6,33,-27
19,13,6
36,26,10
30,14,16
15,23,-8
19,27,-8
34,34,0
42,7,35
22,31,-9
20,27,-7
39,21,18
19,17,2
26,21,5
13,23,-10
22,20,2
17,22,-5
13,25,-12
10,27,-17
26,10,16
27,29,-2
19,16,3
31,17,14
25,13,12
24,10,14
33,24,9
14,27,-13
37,7,30
35,7,28
45,28,17
20,31,-11
21,22,-1
37,14,23
21,27,-6
33,37,-4
19,17,2
26,31,-5
10,30,-20
15,14,1
15,20,-5
20,16,4
23,13,10
12,17,-5
42,14,28
