Score1,Score2,Reward
0,35,-35
20,13,7
13,26,-13
20,14,6
10,10,0
23,26,-3
22,17,5
21,28,-7
21,24,-3
26,14,12
23,0,23
13,24,-11
14,31,-17
13,24,-11
24,22,2
16,28,-12
6,35,-29
27,24,3
19,33,-14
15,34,-19
28,34,-6
19,19,0
26,10,16
3,16,-13
8,40,-32
34,7,27
13,25,-12
31,38,-7
17,19,-2
33,9,24
20,17,3
31,26,5
16,23,-7
14,26,-12
40,31,9
10,28,-18
32,20,12
20,20,0
34,31,3
26,28,-2
20,19,1
29,28,1
16,33,-17
7,36,-29
20,20,0
7,10,-3
0,19,-19
9,24,-15
21,12,9
26,30,-4
19,27,-8
31,41,-10
10,39,-29
16,24,-8
20,29,-9
20,24,-4
32,24,8
33,21,12
27,19,8
6,19,-13
8,26,-18
16,12,4
29,17,12
41,31,10
3,34,-31
21,27,-6
3,21,-18
17,41,-24
13,23,-10
9,27,-18
28,31,-3
29,17,12
10,16,-6
20,31,-11
10,41,-31
23,35,-12
6,26,-20
12,31,-19
17,20,-3
31,13,18
0,40,-40
7,30,-23
29,7,22
20,40,-20
6,20,-14
17,27,-10
29,22,7
21,34,-13
20,30,-10
16,3,13
16,29,-13
14,6,8
5,14,-9
10,17,-7
3,23,-20
17,30,-13
19,28,-9
16,30,-14
24,19,5
20,38,-18
6,30,-24
22,38,-16
17,27,-10
28,35,-7
20,21,-1
24,21,3
3,41,-38
17,20,-3
36,24,12
7,29,-22
10,35,-25
16,17,-1
13,22,-9
17,14,3
24,14,10
13,23,-10
27,22,5
12,20,-8
14,20,-6
13,10,3
14,13,1
30,22,8
24,24,0
3,21,-18
30,3,27
3,17,-14
19,27,-8
30,20,10
9,17,-8
37,14,23
13,19,-6
19,27,-8
17,44,-27
13,15,-2
34,0,34
4,26,-22
24,24,0
6,16,-10
12,18,-6
14,20,-6
17,35,-18
3,41,-38
16,14,2
13,17,-4
10,20,-10
41,30,11
28,30,-2
14,16,-2
17,10,7
3,30,-27
23,31,-8
23,22,1
0,43,-43
24,13,11
7,20,-13
37,21,16
17,24,-7
6,14,-8
21,21,0
54,27,27
24,13,11
26,17,9
34,34,0
20,10,10
24,14,10
21,28,-7
6,34,-28
10,44,-34
10,27,-17
13,34,-21
40,38,2
16,30,-14
16,23,-7
35,30,5
37,29,8
20,30,-10
14,23,-9
0,17,-17
23,6,17
10,31,-21
10,41,-31
10,33,-23
7,33,-26
13,37,-24
20,33,-13
10,15,-5
15,30,-15
13,23,-10
14,25,-11
16,37,-21
31,27,4
24,17,7
10,24,-14
13,30,-17
6,16,-10
31,17,14
22,9,13
22,10,12
28,27,1
7,3,4
9,55,-46
23,27,-4
10,26,-16
27,21,6
33,27,6
14,41,-27
30,30,0
27,20,7
30,21,9
6,28,-22
33,21,12
10,23,-13
15,28,-13
10,24,-14
26,36,-10
43,20,23
3,30,-27
17,37,-20
16,3,13
13,29,-16
14,37,-23
20,37,-17
9,13,-4
23,3,20
15,24,-9
16,27,-11
34,24,10
21,21,0
24,17,7
26,37,-11
6,13,-7
6,21,-15
3,27,-24
16,33,-17
38,0,38
19,22,-3
10,22,-12
13,47,-34
13,3,10
15,27,-12
30,28,2
27,24,3
33,3,30
23,9,14
26,14,12
21,23,-2
33,14,19
17,26,-9
20,33,-13
6,9,-3
19,0,19
19,24,-5
9,24,-15
40,27,13
30,14,16
9,14,-5
24,42,-18
20,28,-8
17,27,-10
3,20,-17
0,29,-29
34,30,4
3,17,-14
13,17,-4
14,20,-6
29,27,2
21,36,-15
20,37,-17
6,34,-28
6,21,-15
13,30,-17
10,33,-23
30,28,2
19,13,6
16,35,-19
6,24,-18
17,24,-7
13,10,3
13,23,-10
26,10,16
13,33,-20
20,38,-18
23,31,-8
20,9,11
26,13,13
6,37,-31
13,24,-11
16,25,-9
26,17,9
9,19,-10
14,3,11
13,21,-8
17,27,-10
17,17,0
21,23,-2
9,24,-15
22,17,5
23,29,-6
14,30,-16
24,31,-7
26,6,20
31,17,14
27,20,7
9,16,-7
21,34,-13
17,28,-11
0,19,-19
24,27,-3
17,26,-9
0,31,-31
17,34,-17
12,28,-16
20,30,-10
0,32,-32
27,16,11
17,35,-18
21,27,-6
14,21,-7
13,21,-8
3,26,-23
15,24,-9
21,16,5
17,39,-22
20,14,6
12,21,-9
12,14,-2
24,20,4
7,36,-29
7,36,-29
37,13,24
18,10,8
17,30,-13
29,20,9
3,16,-13
13,24,-11
31,12,19
12,6,6
7,34,-27
13,20,-7
34,10,24
30,24,6
20,37,-17
28,10,18
0,21,-21
23,6,17
17,10,7
17,23,-6
20,30,-10
32,27,5
6,31,-25
28,24,4
16,35,-19
6,23,-17
19,27,-8
27,17,10
14,34,-20
27,30,-3
23,14,9
20,29,-9
16,24,-8
17,16,1
16,10,6
35,3,32
35,10,25
10,26,-16
26,10,16
30,27,3
9,26,-17
26,44,-18
7,33,-26
10,13,-3
25,20,5
29,7,22
23,44,-21
16,20,-4
13,36,-23
23,16,7
23,13,10
20,24,-4
36,20,16
6,24,-18
6,24,-18
15,23,-8
5,9,-4
10,22,-12
10,30,-20
7,29,-22
22,10,12
21,31,-10
15,21,-6
29,27,2
26,13,13
10,13,-3
6,28,-22
26,16,10
3,38,-35
3,27,-24
38,20,18
14,28,-14
17,14,3
10,30,-20
29,17,12
9,33,-24
21,23,-2
19,31,-12
24,27,-3
22,24,-2
12,24,-12
20,27,-7
12,17,-5
16,41,-25
23,10,13
35,21,14
3,50,-47
22,31,-9
7,20,-13
10,14,-4
17,13,4
9,27,-18
3,22,-19
13,19,-6
20,20,0
6,34,-28
23,35,-12
13,14,-1
9,24,-15
20,27,-7
23,31,-8
3,10,-7
18,9,9
33,24,9
9,7,2
20,28,-8
10,16,-6
20,19,1
3,22,-19
17,19,-2
10,14,-4
10,20,-10
12,24,-12
26,21,5
22,27,-5
10,38,-28
27,38,-11
19,13,6
10,6,4
23,30,-7
20,20,0
9,16,-7
27,3,24
13,25,-12
26,26,0
22,10,12
20,30,-10
20,24,-4
34,23,11
23,13,10
31,17,14
34,14,20
16,6,10
6,34,-28
22,24,-2
23,2,21
25,24,1
27,41,-14
13,16,-3
29,10,19
22,16,6
12,9,3
17,39,-22
16,17,-1
31,20,11
17,10,7
19,17,2
10,13,-3
19,24,-5
7,23,-16
19,27,-8
30,17,13
13,21,-8
14,31,-17
21,31,-10
10,23,-13
15,14,1
14,23,-9
13,10,3
0,42,-42
13,17,-4
23,28,-5
13,23,-10
15,16,-1
20,23,-3
30,23,7
16,25,-9
23,17,6
17,28,-11
27,17,10
35,12,23
13,17,-4
27,9,18
23,14,9
10,34,-24
13,36,-23
3,26,-23
31,35,-4
9,22,-13
38,30,8
28,13,15
10,9,1
33,13,20
3,47,-44
30,24,6
26,27,-1
7,40,-33
34,14,20
13,26,-13
27,27,0
17,17,0
7,34,-27
24,24,0
30,13,17
12,13,-1
24,40,-16
10,7,3
26,12,14
16,7,9
23,28,-5
7,28,-21
6,43,-37
13,20,-7
20,23,-3
24,25,-1
29,19,10
10,43,-33
17,10,7
10,21,-11
23,21,2
27,14,13
26,30,-4
20,17,3
17,14,3
34,19,15
23,30,-7
13,10,3
31,14,17
16,27,-11
13,37,-24
7,23,-16
28,19,9
35,23,12
10,11,-1
16,13,3
26,17,9
18,17,1
19,21,-2
20,7,13
27,29,-2
7,17,-10
17,19,-2
29,9,20
24,17,7
25,13,12
14,7,7
17,45,-28
9,13,-4
13,31,-18
22,24,-2
28,10,18
30,34,-4
17,6,11
9,10,-1
17,17,0
34,0,34
20,14,6
33,3,30
7,34,-27
13,24,-11
14,47,-33
17,17,0
10,15,-5
6,23,-17
21,14,7
27,27,0
13,20,-7
24,27,-3
9,16,-7
20,32,-12
30,23,7
19,14,5
24,21,3
9,7,2
16,16,0
31,37,-6
23,24,-1
26,23,3
23,40,-17
42,21,21
20,3,17
24,31,-7
22,19,3
25,30,-5
33,21,12
13,24,-11
16,26,-10
16,23,-7
26,24,2
30,16,14
22,17,5
15,23,-8
13,15,-2
23,20,3
22,7,15
14,30,-16
23,20,3
19,24,-5
24,9,15
43,24,19
16,38,-22
10,24,-14
19,14,5
13,24,-11
30,30,0
33,3,30
9,37,-28
18,20,-2
24,41,-17
31,37,-6
27,38,-11
14,27,-13
31,26,5
6,24,-18
17,33,-16
13,34,-21
27,34,-7
6,38,-32
23,13,10
21,17,4
14,23,-9
6,17,-11
13,28,-15
13,26,-13
23,20,3
10,41,-31
26,31,-5
19,17,2
16,23,-7
12,26,-14
16,30,-14
13,10,3
30,16,14
17,19,-2
10,13,-3
14,27,-13
16,10,6
16,24,-8
17,27,-10
24,13,11
9,26,-17
19,40,-21
18,45,-27
13,33,-20
24,20,4
16,33,-17
19,38,-19
14,29,-15
30,27,3
19,23,-4
28,10,18
21,32,-11
13,38,-25
21,13,8
13,30,-17
20,22,-2
31,24,7
21,16,5
13,25,-12
20,23,-3
17,24,-7
23,22,1
16,36,-20
27,24,3
31,30,1
17,20,-3
10,12,-2
17,37,-20
27,17,10
7,32,-25
36,27,9
10,36,-26
7,40,-33
24,22,2
23,28,-5
11,20,-9
12,35,-23
34,34,0
16,24,-8
12,13,-1
24,30,-6
27,7,20
0,30,-30
19,30,-11
13,28,-15
23,17,6
24,23,1
13,23,-10
17,29,-12
17,26,-9
31,17,14
14,29,-15
19,15,4
9,30,-21
13,19,-6
26,16,10
10,24,-14
15,41,-26
41,14,27
14,15,-1
25,21,4
3,12,-9
13,10,3
23,17,6
20,27,-7
14,28,-14
27,22,5
10,30,-20
7,19,-12
13,9,4
20,16,4
6,30,-24
13,26,-13
24,24,0
7,22,-15
17,33,-16
34,24,10
16,20,-4
23,13,10
0,21,-21
37,21,16
16,16,0
41,24,17
14,17,-3
21,14,7
3,27,-24
23,14,9
14,28,-14
17,34,-17
12,21,-9
6,14,-8
20,20,0
17,32,-15
16,31,-15
3,17,-14
26,28,-2
33,24,9
16,27,-11
35,13,22
43,14,29
17,28,-11
40,21,19
21,20,1
23,17,6
22,31,-9
17,16,1
29,16,13
13,33,-20
32,17,15
16,20,-4
14,34,-20
33,24,9
6,12,-6
30,23,7
20,30,-10
7,49,-42
9,23,-14
13,14,-1
22,27,-5
19,23,-4
27,30,-3
17,32,-15
16,13,3
19,23,-4
34,33,1
21,15,6
17,17,0
28,27,1
30,14,16
28,16,12
20,28,-8
15,37,-22
33,20,13
30,19,11
6,37,-31
20,20,0
30,24,6
32,21,11
17,45,-28
16,30,-14
20,37,-17
26,27,-1
16,16,0
16,34,-18
21,24,-3
27,7,20
6,29,-23
10,29,-19
16,41,-25
37,28,9
23,41,-18
26,24,2
16,29,-13
6,15,-9
20,13,7
28,10,18
22,31,-9
16,41,-25
26,31,-5
14,30,-16
6,30,-24
10,41,-31
7,44,-37
25,20,5
23,17,6
27,26,1
17,41,-24
20,17,3
20,37,-17
20,23,-3
15,24,-9
31,22,9
26,20,6
19,21,-2
15,20,-5
22,10,12
20,38,-18
10,33,-23
24,24,0
16,26,-10
23,27,-4
34,28,6
28,30,-2
38,21,17
17,20,-3
27,17,10
10,20,-10
20,27,-7
12,23,-11
29,14,15
29,24,5
12,20,-8
30,37,-7
24,0,24
16,16,0
19,24,-5
33,33,0
10,31,-21
15,23,-8
20,20,0
17,16,1
20,23,-3
27,20,7
12,28,-16
17,27,-10
23,27,-4
20,30,-10
13,24,-11
10,33,-23
13,34,-21
12,28,-16
20,26,-6
16,26,-10
29,28,1
10,10,0
19,31,-12
25,17,8
13,19,-6
17,30,-13
3,14,-11
18,26,-8
19,30,-11
45,28,17
23,27,-4
30,6,24
9,20,-11
10,10,0
0,24,-24
15,17,-2
23,6,17
13,16,-3
13,30,-17
6,21,-15
30,14,16
13,14,-1
14,20,-6
12,23,-11
24,10,14
18,34,-16
43,13,30
29,19,10
13,17,-4
23,16,7
23,27,-4
36,14,22
22,37,-15
10,23,-13
6,26,-20
18,27,-9
20,29,-9
33,31,2
20,35,-15
3,31,-28
9,34,-25
26,13,13
10,26,-16
16,24,-8
13,30,-17
27,37,-10
9,20,-11
21,30,-9
20,31,-11
25,16,9
10,12,-2
6,13,-7
7,29,-22
19,31,-12
6,36,-30
23,13,10
16,14,2
13,37,-24
20,14,6
26,24,2
9,28,-19
10,13,-3
16,21,-5
23,21,2
9,24,-15
10,29,-19
29,49,-20
20,17,3
8,16,-8
27,17,10
19,23,-4
20,27,-7
10,40,-30
10,24,-14
19,27,-8
10,32,-22
14,23,-9
12,21,-9
16,9,7
29,34,-5
20,24,-4
41,21,20
17,44,-27
27,28,-1
17,20,-3
34,17,17
20,17,3
29,20,9
20,27,-7
15,20,-5
29,37,-8
20,3,17
23,10,13
16,16,0
23,13,10
30,21,9
20,27,-7
32,9,23
20,31,-11
18,23,-5
21,19,2
26,13,13
16,16,0
27,38,-11
24,9,15
33,19,14
37,9,28
30,47,-17
7,23,-16
23,26,-3
32,33,-1
23,41,-18
32,13,19
35,14,21
16,48,-32
9,16,-7
33,13,20
16,12,4
7,29,-22
7,24,-17
17,15,2
17,27,-10
19,37,-18
24,31,-7
26,38,-12
33,31,2
41,17,24
20,30,-10
15,23,-8
22,17,5
3,19,-16
39,27,12
23,20,3
22,27,-5
23,13,10
16,19,-3
26,20,6
10,39,-29
13,17,-4
13,44,-31
19,40,-21
20,23,-3
10,23,-13
26,17,9
27,28,-1
16,17,-1
26,7,19
27,17,10
24,36,-12
20,10,10
20,15,5
0,27,-27
27,16,11
30,21,9
16,21,-5
7,42,-35
14,37,-23
17,24,-7
16,30,-14
26,31,-5
13,20,-7
16,27,-11
14,17,-3
10,18,-8
7,44,-37
21,27,-6
17,17,0
16,13,3
3,31,-28
34,21,13
30,28,2
6,6,0
30,31,-1
33,13,20
14,26,-12
29,0,29
9,22,-13
16,16,0
29,25,4
23,28,-5
27,31,-4
30,29,1
12,35,-23
15,16,-1
13,40,-27
21,29,-8
27,30,-3
23,21,2
24,37,-13
28,7,21
13,17,-4
30,38,-8
37,27,10
26,17,9
12,27,-15
13,33,-20
20,26,-6
7,23,-16
16,21,-5
20,28,-8
16,17,-1
23,20,3
13,19,-6
23,20,3
37,10,27
10,34,-24
12,14,-2
25,20,5
26,40,-14
14,30,-16
17,33,-16
19,23,-4
20,34,-14
6,13,-7
13,33,-20
8,13,-5
29,23,6
34,24,10
13,17,-4
13,41,-28
10,10,0
17,41,-24
23,17,6
16,23,-7
20,34,-14
34,20,14
24,23,1
14,29,-15
22,31,-9
6,16,-10
26,30,-4
16,34,-18
33,31,2
13,27,-14
16,24,-8
34,21,13
37,3,34
24,21,3
20,29,-9
23,24,-1
12,23,-11
12,6,6
6,34,-28
17,20,-3
27,20,7
17,27,-10
17,16,1
35,6,29
19,52,-33
14,30,-16
35,17,18
21,10,11
14,44,-30
21,30,-9
14,13,1
14,18,-4
23,13,10
6,20,-14
21,39,-18
13,31,-18
27,23,4
20,37,-17
3,18,-15
23,19,4
13,17,-4
17,21,-4
10,49,-39
23,17,6
10,16,-6
12,30,-18
17,25,-8
41,37,4
28,24,4
20,41,-21
9,21,-12
24,10,14
31,23,8
16,30,-14
7,36,-29
16,10,6
27,16,11
37,21,16
23,21,2
26,37,-11
35,27,8
12,20,-8
33,14,19
25,34,-9
22,24,-2
30,14,16
16,23,-7
9,40,-31
38,31,7
26,41,-15
14,37,-23
37,10,27
20,22,-2
7,29,-22
19,23,-4
19,3,16
24,13,11
24,45,-21
13,3,10
24,28,-4
9,34,-25
29,20,9
39,10,29
24,6,18
15,15,0
19,34,-15
16,28,-12
23,21,2
32,14,18
16,37,-21
19,23,-4
20,34,-14
14,34,-20
30,35,-5
41,17,24
21,10,11
10,24,-14
13,28,-15
10,6,4
14,10,4
26,20,6
26,16,10
20,9,11
34,20,14
10,16,-6
17,31,-14
3,42,-39
19,32,-13
42,14,28
43,7,36
10,38,-28
16,16,0
34,38,-4
16,30,-14
27,23,4
10,24,-14
14,36,-22
34,17,17
6,16,-10
9,28,-19
15,41,-26
33,14,19
29,17,12
22,25,-3
27,23,4
19,7,12
27,27,0
24,24,0
19,20,-1
10,20,-10
27,34,-7
25,20,5
19,36,-17
10,41,-31
6,35,-29
23,38,-15
17,16,1
22,27,-5
20,26,-6
34,19,15
26,14,12
17,30,-13
26,20,6
17,32,-15
10,24,-14
24,40,-16
16,27,-11
36,27,9
24,31,-7
14,20,-6
23,31,-8
26,27,-1
13,27,-14
27,13,14
19,16,3
33,20,13
20,17,3
38,21,17
34,17,17
24,41,-17
26,20,6
16,23,-7
25,3,22
30,30,0
27,7,20
26,26,0
28,10,18
14,20,-6
23,19,4
17,36,-19
23,27,-4
19,17,2
13,30,-17
17,10,7
27,24,3
20,27,-7
6,6,0
19,40,-21
33,29,4
3,17,-14
22,27,-5
3,20,-17
7,16,-9
32,24,8
40,33,7
7,33,-26
30,13,17
17,16,1
23,14,9
9,20,-11
17,27,-10
6,19,-13
27,14,13
19,19,0
23,24,-1
19,27,-8
16,27,-11
16,37,-21
22,10,12
26,20,6
9,17,-8
26,17,9
20,13,7
17,17,0
22,20,2
25,36,-11
20,21,-1
29,14,15
19,3,16
24,24,0
15,16,-1
10,24,-14
22,24,-2
31,33,-2
19,17,2
12,26,-14
19,27,-8
13,24,-11
23,17,6
13,16,-3
26,34,-8
29,20,9
13,33,-20
21,22,-1
28,13,15
10,27,-17
22,10,12
13,19,-6
13,26,-13
25,24,1
12,36,-24
9,44,-35
7,17,-10
20,31,-11
23,6,17
20,13,7
10,19,-9
30,27,3
12,12,0
3,20,-17
27,21,6
35,21,14
26,24,2
23,34,-11
29,19,10
39,14,25
3,40,-37
10,16,-6
36,10,26
25,17,8
0,34,-34
25,13,12
29,7,22
27,20,7
20,26,-6
20,26,-6
37,13,24
7,37,-30
19,32,-13
20,33,-13
13,26,-13
17,46,-29
22,33,-11
12,19,-7
13,17,-4
16,24,-8
7,24,-17
14,24,-10
30,10,20
22,0,22
10,20,-10
37,23,14
24,30,-6
23,16,7
17,22,-5
16,51,-35
22,21,1
13,30,-17
7,17,-10
6,20,-14
5,37,-32
16,25,-9
20,27,-7
30,21,9
7,23,-16
17,23,-6
3,20,-17
17,37,-20
12,35,-23
9,27,-18
30,10,20
23,20,3
13,23,-10
22,20,2
15,17,-2
24,38,-14
33,31,2
13,48,-35
17,49,-32
27,31,-4
24,23,1
20,17,3
17,24,-7
10,26,-16
23,24,-1
0,34,-34
26,13,13
9,17,-8
20,30,-10
33,27,6
31,37,-6
13,27,-14
29,30,-1
21,24,-3
20,12,8
3,36,-33
17,34,-17
24,10,14
12,42,-30
6,27,-21
23,41,-18
20,24,-4
30,23,7
27,48,-21
27,28,-1
32,21,11
27,24,3
16,16,0
37,9,28
3,38,-35
7,33,-26
26,30,-4
31,13,18
31,21,10
34,29,5
37,21,16
13,44,-31
35,13,22
20,30,-10
16,26,-10
30,28,2
13,22,-9
27,37,-10
30,37,-7
19,29,-10
13,34,-21
37,10,27
13,17,-4
18,17,1
13,28,-15
34,15,19
13,19,-6
9,7,2
25,7,18
17,10,7
26,33,-7
17,13,4
22,20,2
40,7,33
17,24,-7
13,23,-10
23,23,0
22,9,13
8,24,-16
28,23,5
20,26,-6
16,7,9
13,17,-4
6,13,-7
9,24,-15
26,13,13
13,28,-15
20,30,-10
33,7,26
19,26,-7
9,20,-11
19,24,-5
13,31,-18
24,21,3
42,7,35
20,16,4
12,13,-1
17,27,-10
22,3,19
30,10,20
38,17,21
12,21,-9
17,13,4
29,10,19
30,30,0
15,7,8
7,30,-23
6,9,-3
0,18,-18
20,26,-6
48,14,34
20,27,-7
23,27,-4
19,20,-1
23,27,-4
24,20,4
13,16,-3
19,25,-6
12,13,-1
24,34,-10
13,38,-25
20,30,-10
16,26,-10
17,31,-14
9,27,-18
23,23,0
25,20,5
25,20,5
20,35,-15
26,17,9
12,16,-4
23,3,20
16,10,6
19,30,-11
37,29,8
12,17,-5
25,26,-1
12,3,9
16,55,-39
16,20,-4
19,23,-4
17,31,-14
8,23,-15
24,21,3
10,28,-18
16,24,-8
20,23,-3
16,44,-28
20,26,-6
21,24,-3
7,28,-21
20,7,13
30,26,4
26,36,-10
20,20,0
33,17,16
12,27,-15
9,24,-15
22,13,9
27,14,13
16,10,6
16,13,3
17,30,-13
17,28,-11
7,24,-17
7,37,-30
14,21,-7
12,13,-1
16,14,2
19,10,9
19,27,-8
24,38,-14
26,13,13
20,31,-11
19,17,2
30,20,10
20,14,6
17,24,-7
22,7,15
8,33,-25
17,24,-7
16,23,-7
19,24,-5
41,17,24
18,23,-5
23,9,14
23,6,17
30,34,-4
6,23,-17
26,35,-9
16,17,-1
12,33,-21
9,28,-19
6,10,-4
17,21,-4
21,20,1
16,13,3
24,23,1
30,22,8
23,10,13
27,14,13
21,23,-2
13,26,-13
15,13,2
30,21,9
17,33,-16
27,34,-7
23,13,10
21,7,14
33,20,13
16,9,7
12,30,-18
39,10,29
30,38,-8
17,22,-5
10,36,-26
20,10,10
13,31,-18
20,37,-17
32,17,15
23,30,-7
13,23,-10
26,6,20
24,31,-7
15,9,6
20,31,-11
26,14,12
14,16,-2
29,24,5
7,17,-10
19,17,2
30,20,10
41,24,17
33,7,26
20,26,-6
34,10,24
23,20,3
12,24,-12
16,20,-4
13,21,-8
39,10,29
25,34,-9
15,13,2
36,31,5
3,33,-30
33,28,5
20,27,-7
37,30,7
14,3,11
31,7,24
37,17,20
24,26,-2
33,28,5
28,9,19
6,20,-14
40,28,12
7,43,-36
19,26,-7
18,21,-3
10,19,-9
14,36,-22
44,10,34
15,10,5
27,12,15
36,16,20
10,35,-25
34,27,7
7,3,4
34,3,31
34,26,8
23,24,-1
13,16,-3
13,16,-3
16,37,-21
24,47,-23
3,27,-24
6,31,-25
16,24,-8
9,19,-10
13,28,-15
16,34,-18
26,16,10
13,21,-8
19,37,-18
30,3,27
19,24,-5
13,16,-3
18,20,-2
19,10,9
11,31,-20
6,24,-18
30,23,7
10,20,-10
22,23,-1
29,9,20
10,33,-23
10,36,-26
30,6,24
20,13,7
24,23,1
33,27,6
10,10,0
42,21,21
13,20,-7
19,20,-1
23,24,-1
13,26,-13
12,20,-8
26,20,6
20,22,-2
12,33,-21
20,19,1
29,9,20
20,30,-10
7,29,-22
30,6,24
23,21,2
17,13,4
20,21,-1
22,6,16
13,24,-11
19,24,-5
26,27,-1
18,14,4
19,16,3
12,27,-15
34,27,7
16,14,2
23,6,17
10,24,-14
23,31,-8
10,24,-14
27,23,4
30,33,-3
13,23,-10
20,13,7
26,10,16
20,10,10
20,20,0
19,16,3
16,16,0
16,33,-17
6,24,-18
16,33,-17
12,16,-4
29,28,1
13,17,-4
27,17,10
29,20,9
23,21,2
36,21,15
17,13,4
34,21,13
13,20,-7
20,24,-4
27,20,7
27,42,-15
19,21,-2
17,23,-6
6,34,-28
17,40,-23
13,30,-17
33,19,14
22,20,2
10,31,-21
22,17,5
37,21,16
23,27,-4
24,16,8
20,23,-3
3,31,-28
15,31,-16
25,24,1
29,20,9
10,28,-18
16,27,-11
20,17,3
6,41,-35
26,21,5
10,33,-23
10,34,-24
16,31,-15
10,40,-30
36,31,5
31,31,0
33,31,2
30,3,27
27,22,5
24,27,-3
26,23,3
30,23,7
33,9,24
17,35,-18
10,41,-31
23,23,0
31,17,14
12,20,-8
12,23,-11
16,37,-21
7,40,-33
14,31,-17
9,23,-14
19,31,-12
17,23,-6
27,24,3
23,38,-15
22,7,15
10,13,-3
26,26,0
11,20,-9
23,31,-8
17,41,-24
16,24,-8
19,17,2
16,33,-17
17,24,-7
29,24,5
10,33,-23
40,21,19
24,35,-11
24,20,4
9,44,-35
16,34,-18
9,27,-18
36,13,23
25,13,12
26,17,9
27,3,24
10,24,-14
10,20,-10
13,21,-8
16,23,-7
17,19,-2
20,13,7
10,34,-24
29,17,12
33,10,23
23,14,9
27,27,0
16,17,-1
30,7,23
21,43,-22
10,42,-32
36,35,1
24,27,-3
13,24,-11
19,34,-15
23,12,11
11,16,-5
25,23,2
23,20,3
20,16,4
15,21,-6
6,33,-27
18,27,-9
16,17,-1
34,14,20
27,23,4
10,16,-6
9,17,-8
16,17,-1
26,21,5
32,14,18
6,23,-17
18,3,15
21,44,-23
25,24,1
19,7,12
16,23,-7
25,14,11
6,26,-20
30,23,7
16,3,13
16,14,2
40,14,26
7,41,-34
13,18,-5
17,32,-15
20,17,3
12,17,-5
34,7,27
6,32,-26
12,10,2
14,35,-21
3,30,-27
16,20,-4
26,26,0
10,16,-6
23,16,7
13,17,-4
14,17,-3
29,14,15
22,17,5
23,10,13
20,27,-7
13,14,-1
24,3,21
9,31,-22
10,26,-16
14,27,-13
20,45,-25
16,33,-17
17,31,-14
13,20,-7
30,31,-1
33,24,9
10,36,-26
24,33,-9
33,20,13
3,18,-15
16,24,-8
17,21,-4
9,17,-8
10,34,-24
24,20,4
27,30,-3
17,26,-9
30,58,-28
27,13,14
19,7,12
10,10,0
20,17,3
10,16,-6
13,16,-3
37,17,20
24,9,15
20,20,0
15,16,-1
13,27,-14
27,10,17
44,24,20
13,16,-3
21,17,4
26,34,-8
7,16,-9
19,31,-12
26,24,2
13,52,-39
14,30,-16
0,20,-20
27,32,-5
21,16,5
15,41,-26
12,45,-33
19,14,5
13,23,-10
16,27,-11
27,10,17
13,31,-18
22,17,5
3,40,-37
14,17,-3
39,14,25
3,27,-24
22,24,-2
13,29,-16
15,12,3
10,12,-2
7,47,-40
23,24,-1
24,6,18
6,23,-17
30,28,2
19,3,16
22,17,5
3,26,-23
36,16,20
23,27,-4
24,27,-3
25,14,11
19,16,3
6,18,-12
16,33,-17
10,30,-20
12,24,-12
13,32,-19
24,24,0
19,10,9
10,19,-9
24,24,0
18,24,-6
23,20,3
27,14,13
10,40,-30
25,13,12
19,27,-8
24,10,14
19,26,-7
22,30,-8
29,10,19
0,41,-41
16,24,-8
6,24,-18
19,33,-14
26,24,2
15,7,8
12,19,-7
30,21,9
23,20,3
20,24,-4
27,29,-2
14,44,-30
13,31,-18
7,16,-9
29,20,9
23,20,3
27,31,-4
3,23,-20
26,33,-7
22,24,-2
12,3,9
34,7,27
23,13,10
13,27,-14
18,16,2
15,10,5
27,24,3
20,23,-3
21,41,-20
19,10,9
6,23,-17
23,17,6
7,34,-27
13,51,-38
36,23,13
18,17,1
16,13,3
27,41,-14
24,13,11
6,34,-28
23,26,-3
16,35,-19
15,27,-12
14,42,-28
30,24,6
12,45,-33
24,24,0
17,34,-17
6,43,-37
10,21,-11
23,19,4
27,16,11
16,3,13
26,19,7
14,16,-2
6,30,-24
9,0,9
38,10,28
14,29,-15
21,30,-9
19,20,-1
10,41,-31
26,27,-1
9,23,-14
28,31,-3
21,17,4
12,10,2
9,27,-18
27,3,24
14,33,-19
44,16,28
15,24,-9
23,14,9
28,0,28
23,34,-11
14,47,-33
13,17,-4
12,26,-14
9,12,-3
13,27,-14
23,34,-11
22,10,12
13,29,-16
16,21,-5
42,24,18
32,7,25
27,6,21
26,13,13
16,27,-11
12,45,-33
13,7,6
17,38,-21
10,33,-23
6,13,-7
0,35,-35
16,30,-14
30,16,14
30,3,27
23,16,7
13,29,-16
20,17,3
6,34,-28
17,16,1
14,23,-9
0,29,-29
29,0,29
3,26,-23
13,21,-8
13,31,-18
16,12,4
32,20,12
41,0,41
3,26,-23
21,6,15
10,34,-24
28,14,14
12,10,2
16,17,-1
3,17,-14
13,32,-19
16,41,-25
9,23,-14
9,20,-11
40,16,24
16,26,-10
12,29,-17
10,23,-13
10,15,-5
20,26,-6
25,13,12
15,23,-8
33,28,5
10,16,-6
9,41,-32
21,6,15
13,47,-34
27,17,10
14,23,-9
10,21,-11
23,20,3
27,16,11
22,23,-1
32,17,15
13,16,-3
25,24,1
30,7,23
34,31,3
17,36,-19
9,31,-22
19,25,-6
26,38,-12
21,19,2
17,37,-20
10,26,-16
22,24,-2
33,34,-1
20,30,-10
10,30,-20
9,13,-4
19,23,-4
21,25,-4
10,44,-34
26,28,-2
18,24,-6
26,10,16
22,25,-3
38,17,21
7,38,-31
10,43,-33
23,24,-1
17,23,-6
17,37,-20
18,3,15
20,12,8
20,23,-3
26,23,3
10,37,-27
7,9,-2
7,19,-12
37,20,17
20,45,-25
22,24,-2
20,20,0
16,16,0
9,23,-14
26,6,20
29,10,19
12,10,2
23,33,-10
31,7,24
32,21,11
39,17,22
23,25,-2
29,6,23
22,20,2
36,14,22
22,21,1
6,26,-20
29,24,5
13,30,-17
15,14,1
17,34,-17
23,17,6
27,28,-1
26,6,20
17,36,-19
26,33,-7
20,17,3
13,27,-14
13,22,-9
10,42,-32
28,28,0
20,30,-10
23,27,-4
7,30,-23
25,16,9
17,16,1
30,7,23
32,24,8
28,10,18
26,20,6
36,17,19
30,17,13
13,27,-14
26,3,23
3,7,-4
13,14,-1
37,21,16
24,0,24
14,6,8
19,17,2
17,24,-7
27,27,0
28,29,-1
30,14,16
23,27,-4
10,33,-23
10,40,-30
41,24,17
10,21,-11
9,16,-7
13,37,-24
16,22,-6
16,10,6
24,19,5
24,17,7
16,19,-3
16,27,-11
10,13,-3
10,24,-14
23,29,-6
23,27,-4
7,16,-9
29,42,-13
3,23,-20
17,36,-19
12,30,-18
10,23,-13
23,14,9
12,37,-25
9,26,-17
16,25,-9
27,35,-8
20,34,-14
12,13,-1
10,35,-25
16,30,-14
28,24,4
20,23,-3
31,33,-2
23,21,2
9,10,-1
17,34,-17
24,13,11
23,6,17
3,32,-29
30,17,13
33,13,20
14,40,-26
19,27,-8
13,9,4
20,31,-11
27,16,11
25,17,8
16,16,0
19,27,-8
20,17,3
17,47,-30
22,13,9
20,16,4
20,7,13
37,7,30
3,40,-37
6,30,-24
29,13,16
20,27,-7
20,27,-7
29,21,8
6,33,-27
3,30,-27
7,26,-19
29,24,5
6,16,-10
10,20,-10
13,30,-17
25,21,4
23,33,-10
17,27,-10
31,26,5
32,14,18
9,30,-21
20,7,13
16,10,6
15,13,2
23,28,-5
16,16,0
27,10,17
17,19,-2
35,20,15
20,34,-14
13,11,2
24,17,7
15,14,1
13,27,-14
9,34,-25
26,14,12
24,24,0
13,27,-14
13,37,-24
16,24,-8
44,16,28
13,30,-17
23,26,-3
19,30,-11
31,27,4
7,39,-32
18,10,8
29,24,5
13,23,-10
33,10,23
33,31,2
17,17,0
17,31,-14
15,20,-5
17,9,8
6,17,-11
26,24,2
10,35,-25
26,20,6
13,31,-18
27,24,3
13,30,-17
22,27,-5
23,16,7
17,12,5
33,10,23
12,16,-4
14,20,-6
27,14,13
17,34,-17
22,10,12
14,27,-13
28,29,-1
6,13,-7
24,13,11
13,21,-8
12,10,2
45,21,24
17,17,0
26,30,-4
10,16,-6
9,25,-16
17,31,-14
20,20,0
13,24,-11
23,17,6
20,24,-4
10,34,-24
14,30,-16
13,23,-10
16,17,-1
35,15,20
16,23,-7
13,20,-7
20,19,1
3,24,-21
9,13,-4
14,28,-14
20,28,-8
27,17,10
9,34,-25
21,17,4
7,40,-33
6,28,-22
3,25,-22
23,18,5
38,21,17
19,34,-15
24,28,-4
22,27,-5
15,17,-2
23,27,-4
20,17,3
14,24,-10
20,24,-4
27,6,21
12,10,2
17,23,-6
35,30,5
35,34,1
6,30,-24
16,31,-15
19,23,-4
16,27,-11
10,30,-20
16,17,-1
13,41,-28
16,24,-8
23,38,-15
26,28,-2
28,14,14
25,35,-10
36,19,17
23,10,13
27,28,-1
29,23,6
3,24,-21
39,38,1
19,45,-26
21,17,4
33,28,5
33,31,2
13,12,1
14,35,-21
24,23,1
14,27,-13
9,13,-4
6,14,-8
33,6,27
23,24,-1
19,13,6
29,14,15
6,21,-15
23,16,7
23,17,6
7,28,-21
14,31,-17
22,14,8
30,20,10
16,20,-4
16,10,6
17,38,-21
17,24,-7
27,33,-6
31,38,-7
24,31,-7
17,10,7
26,20,6
27,20,7
12,21,-9
30,24,6
37,28,9
38,6,32
26,34,-8
10,20,-10
32,35,-3
21,14,7
29,31,-2
16,37,-21
41,26,15
16,21,-5
37,17,20
34,23,11
41,16,25
3,19,-16
17,24,-7
3,20,-17
17,38,-21
24,31,-7
28,13,15
22,14,8
13,34,-21
10,9,1
9,24,-15
12,28,-16
34,17,17
10,29,-19
18,17,1
23,20,3
13,30,-17
31,23,8
29,21,8
19,3,16
16,38,-22
14,30,-16
31,7,24
29,3,26
15,13,2
20,23,-3
6,20,-14
12,23,-11
23,9,14
16,13,3
21,10,11
26,27,-1
15,21,-6
13,31,-18
16,16,0
17,17,0
34,17,17
20,20,0
22,27,-5
20,30,-10
27,34,-7
25,20,5
13,27,-14
39,14,25
12,13,-1
37,30,7
26,23,3
25,21,4
21,20,1
13,23,-10
27,24,3
17,19,-2
13,26,-13
14,13,1
38,17,21
13,37,-24
16,0,16
16,28,-12
14,19,-5
24,25,-1
20,48,-28
9,20,-11
28,30,-2
20,13,7
26,10,16
21,10,11
17,20,-3
13,16,-3
27,21,6
18,10,8
20,27,-7
13,12,1
20,30,-10
31,10,21
26,23,3
17,15,2
21,26,-5
29,26,3
19,23,-4
29,23,6
20,21,-1
37,17,20
33,41,-8
12,20,-8
9,25,-16
17,39,-22
15,31,-16
34,22,12
23,34,-11
17,13,4
32,7,25
21,19,2
19,22,-3
22,28,-6
15,10,5
16,31,-15
24,27,-3
22,16,6
27,14,13
13,27,-14
10,27,-17
24,32,-8
34,34,0
13,23,-10
26,10,16
50,13,37
13,29,-16
24,16,8
23,17,6
26,31,-5
33,13,20
16,30,-14
26,21,5
17,29,-12
9,37,-28
19,27,-8
9,17,-8
38,20,18
17,20,-3
22,16,6
23,27,-4
36,42,-6
37,23,14
24,24,0
23,24,-1
34,17,17
24,30,-6
22,7,15
12,31,-19
19,30,-11
9,10,-1
3,17,-14
27,14,13
3,23,-20
9,24,-15
32,20,12
6,20,-14
19,9,10
17,17,0
13,23,-10
17,24,-7
10,34,-24
40,17,23
31,13,18
17,27,-10
29,20,9
19,38,-19
27,24,3
15,10,5
7,19,-12
17,17,0
13,31,-18
19,20,-1
13,27,-14
26,12,14
41,35,6
25,16,9
17,27,-10
6,21,-15
14,23,-9
26,23,3
17,22,-5
17,31,-14
18,24,-6
26,10,16
17,29,-12
0,36,-36
17,20,-3
27,16,11
13,25,-12
21,21,0
22,13,9
12,20,-8
26,26,0
18,20,-2
28,27,1
19,8,11
6,23,-17
29,13,16
29,24,5
30,20,10
17,30,-13
22,27,-5
34,14,20
15,6,9
30,16,14
39,6,33
30,19,11
23,15,8
29,31,-2
20,24,-4
27,20,7
16,20,-4
13,16,-3
26,17,9
13,29,-16
27,30,-3
28,21,7
9,34,-25
28,28,0
41,17,24
35,17,18
33,10,23
25,7,18
32,3,29
3,13,-10
13,30,-17
48,27,21
23,6,17
36,17,19
29,26,3
7,24,-17
34,36,-2
22,27,-5
26,19,7
29,23,6
22,17,5
27,23,4
19,21,-2
22,31,-9
34,17,17
30,37,-7
17,19,-2
13,10,3
10,25,-15
9,29,-20
31,30,1
30,27,3
3,10,-7
24,26,-2
3,27,-24
20,21,-1
6,28,-22
26,27,-1
10,34,-24
23,19,4
22,10,12
15,10,5
19,27,-8
9,16,-7
14,43,-29
29,0,29
13,14,-1
17,43,-26
30,36,-6
20,38,-18
20,13,7
10,34,-24
23,31,-8
36,41,-5
23,29,-6
10,33,-23
3,23,-20
23,17,6
24,19,5
20,38,-18
17,19,-2
24,24,0
10,23,-13
6,50,-44
22,13,9
16,41,-25
34,29,5
0,7,-7
19,27,-8
19,14,5
13,21,-8
10,31,-21
9,18,-9
10,13,-3
9,13,-4
20,20,0
10,36,-26
23,21,2
10,27,-17
26,23,3
22,16,6
33,13,20
14,23,-9
26,0,26
24,37,-13
23,23,0
7,27,-20
19,24,-5
16,17,-1
20,32,-12
27,24,3
17,33,-16
31,29,2
27,20,7
10,19,-9
43,10,33
22,30,-8
3,46,-43
13,13,0
23,9,14
20,27,-7
17,47,-30
18,9,9
16,44,-28
28,7,21
30,27,3
22,23,-1
3,16,-13
7,36,-29
7,34,-27
24,20,4
22,13,9
16,42,-26
37,22,15
16,20,-4
6,47,-41
10,33,-23
25,20,5
19,24,-5
16,24,-8
16,31,-15
13,20,-7
27,20,7
40,14,26
6,31,-25
10,26,-16
19,14,5
28,13,15
32,7,25
13,50,-37
9,15,-6
20,19,1
27,20,7
9,6,3
20,19,1
7,31,-24
13,31,-18
19,33,-14
20,20,0
20,44,-24
9,30,-21
19,0,19
22,17,5
39,17,22
7,37,-30
14,23,-9
36,20,16
18,6,12
22,20,2
16,33,-17
30,20,10
22,30,-8
13,19,-6
10,16,-6
22,3,19
13,23,-10
20,26,-6
10,24,-14
30,20,10
16,12,4
13,24,-11
30,13,17
10,41,-31
23,34,-11
7,20,-13
9,22,-13
22,24,-2
13,36,-23
17,30,-13
16,37,-21
17,38,-21
20,31,-11
7,38,-31
33,16,17
27,23,4
7,34,-27
29,26,3
36,20,16
19,35,-16
28,23,5
10,42,-32
10,7,3
24,7,17
20,31,-11
7,27,-20
20,30,-10
3,23,-20
16,21,-5
22,13,9
29,24,5
10,37,-27
9,19,-10
20,24,-4
20,23,-3
12,27,-15
17,20,-3
19,16,3
20,36,-16
19,17,2
31,24,7
3,30,-27
20,20,0
17,45,-28
24,17,7
23,24,-1
23,24,-1
14,29,-15
32,27,5
24,39,-15
22,30,-8
17,20,-3
21,14,7
29,13,16
19,24,-5
17,21,-4
16,7,9
13,37,-24
30,3,27
22,14,8
17,41,-24
7,35,-28
23,3,20
45,7,38
33,36,-3
25,7,18
25,14,11
26,23,3
29,10,19
16,23,-7
9,31,-22
19,21,-2
13,38,-25
20,31,-11
6,28,-22
20,20,0
33,23,10
9,23,-14
24,43,-19
24,24,0
28,27,1
19,35,-16
12,28,-16
19,21,-2
24,31,-7
13,27,-14
27,30,-3
29,7,22
23,20,3
10,24,-14
9,24,-15
9,27,-18
19,17,2
13,19,-6
16,17,-1
28,28,0
23,23,0
20,42,-22
19,26,-7
16,21,-5
3,23,-20
17,25,-8
32,17,15
29,17,12
37,10,27
14,38,-24
26,14,12
21,34,-13
14,17,-3
27,31,-4
13,14,-1
23,14,9
24,10,14
2,20,-18
35,23,12
19,10,9
15,17,-2
16,17,-1
29,14,15
16,30,-14
26,27,-1
3,50,-47
31,23,8
13,19,-6
6,22,-16
3,29,-26
3,27,-24
30,7,23
24,13,11
42,10,32
13,38,-25
6,30,-24
9,17,-8
19,30,-11
21,37,-16
14,17,-3
20,3,17
29,17,12
33,20,13
20,20,0
18,13,5
13,37,-24
32,14,18
10,29,-19
19,28,-9
26,27,-1
16,13,3
6,21,-15
9,17,-8
34,19,15
24,30,-6
19,19,0
3,40,-37
17,24,-7
31,20,11
21,44,-23
19,13,6
31,31,0
37,27,10
23,24,-1
27,23,4
23,27,-4
20,37,-17
19,34,-15
47,35,12
28,15,13
26,13,13
33,16,17
16,17,-1
31,27,4
30,27,3
13,23,-10
12,38,-26
0,24,-24
26,13,13
17,37,-20
33,3,30
32,17,15
32,21,11
30,52,-22
20,33,-13
30,10,20
10,13,-3
23,31,-8
7,40,-33
20,17,3
20,17,3
21,19,2
20,31,-11
19,24,-5
19,28,-9
13,20,-7
17,31,-14
7,23,-16
17,17,0
10,37,-27
7,27,-20
23,23,0
25,27,-2
16,24,-8
9,26,-17
23,21,2
12,17,-5
34,35,-1
33,23,10
20,27,-7
14,28,-14
35,23,12
19,28,-9
17,37,-20
27,33,-6
18,13,5
34,16,18
20,20,0
17,33,-16
13,27,-14
20,27,-7
28,0,28
17,34,-17
13,20,-7
26,20,6
33,17,16
9,26,-17
19,33,-14
6,10,-4
7,37,-30
19,21,-2
17,3,14
35,21,14
44,20,24
22,21,1
38,14,24
22,20,2
16,31,-15
27,39,-12
16,37,-21
26,16,10
14,14,0
34,6,28
36,10,26
31,10,21
17,24,-7
29,21,8
13,22,-9
19,10,9
16,26,-10
24,31,-7
40,14,26
9,37,-28
30,7,23
15,20,-5
35,9,26
24,24,0
23,20,3
20,24,-4
23,24,-1
20,26,-6
17,16,1
23,30,-7
17,16,1
31,16,15
37,23,14
20,27,-7
23,24,-1
19,17,2
13,16,-3
13,20,-7
18,13,5
26,9,17
27,16,11
33,14,19
25,31,-6
13,41,-28
24,26,-2
15,19,-4
33,13,20
7,26,-19
22,13,9
30,13,17
13,33,-20
22,33,-11
26,29,-3
26,10,16
20,27,-7
13,36,-23
16,13,3
16,16,0
23,30,-7
26,17,9
10,13,-3
16,17,-1
33,7,26
20,31,-11
34,49,-15
10,22,-12
33,14,19
26,20,6
10,37,-27
23,19,4
21,20,1
19,24,-5
20,37,-17
12,24,-12
22,20,2
27,21,6
7,22,-15
6,16,-10
13,27,-14
28,13,15
21,59,-38
29,7,22
12,20,-8
7,39,-32
18,27,-9
7,53,-46
23,17,6
12,24,-12
13,23,-10
30,3,27
36,7,29
32,17,15
37,10,27
32,10,22
3,26,-23
17,15,2
25,7,18
12,24,-12
20,28,-8
9,19,-10
24,27,-3
10,12,-2
16,20,-4
24,21,3
23,24,-1
18,27,-9
28,16,12
25,13,12
21,20,1
7,16,-9
19,24,-5
29,24,5
27,13,14
21,12,9
42,10,32
7,24,-17
6,6,0
19,31,-12
19,13,6
19,13,6
3,37,-34
23,34,-11
0,23,-23
6,26,-20
17,10,7
9,20,-11
28,14,14
24,34,-10
27,19,8
27,13,14
28,9,19
13,14,-1
23,13,10
19,38,-19
11,24,-13
16,10,6
16,6,10
15,13,2
26,23,3
33,21,12
17,20,-3
26,13,13
13,10,3
20,37,-17
13,27,-14
21,21,0
16,17,-1
37,17,20
14,28,-14
17,19,-2
23,6,17
29,7,22
23,18,5
17,19,-2
29,10,19
15,27,-12
13,16,-3
18,25,-7
30,16,14
26,24,2
10,47,-37
15,17,-2
10,14,-4
16,13,3
31,13,18
36,9,27
9,21,-12
24,6,18
13,34,-21
10,38,-28
24,16,8
19,27,-8
20,34,-14
22,19,3
10,26,-16
23,40,-17
32,24,8
13,20,-7
27,34,-7
27,23,4
35,27,8
26,17,9
23,7,16
30,22,8
25,20,5
13,17,-4
17,0,17
40,34,6
46,24,22
12,27,-15
15,28,-13
20,34,-14
12,51,-39
30,21,9
20,30,-10
24,7,17
25,20,5
20,29,-9
21,30,-9
31,29,2
29,17,12
6,23,-17
23,30,-7
17,33,-16
0,28,-28
24,33,-9
26,23,3
28,31,-3
27,27,0
33,14,19
14,9,5
14,26,-12
20,26,-6
19,14,5
23,26,-3
38,6,32
19,21,-2
25,16,9
30,7,23
20,37,-17
26,20,6
7,26,-19
30,9,21
25,26,-1
13,20,-7
40,3,37
9,35,-26
23,23,0
13,19,-6
17,16,1
36,20,16
22,19,3
43,28,15
23,30,-7
12,31,-19
34,34,0
24,36,-12
39,38,1
39,20,19
13,33,-20
13,22,-9
3,6,-3
23,21,2
45,0,45
22,13,9
26,23,3
13,31,-18
14,16,-2
16,31,-15
48,10,38
9,27,-18
31,34,-3
24,21,3
13,41,-28
10,30,-20
21,28,-7
24,31,-7
29,24,5
6,10,-4
20,29,-9
13,15,-2
12,20,-8
28,10,18
10,18,-8
16,7,9
23,27,-4
24,7,17
23,13,10
31,21,10
6,16,-10
42,0,42
28,19,9
21,33,-12
6,30,-24
24,20,4
27,10,17
15,38,-23
26,20,6
13,26,-13
20,20,0
16,36,-20
37,6,31
16,13,3
13,19,-6
19,31,-12
7,39,-32
16,20,-4
20,39,-19
26,34,-8
13,38,-25
27,35,-8
7,17,-10
26,35,-9
23,3,20
19,49,-30
9,20,-11
18,37,-19
15,21,-6
23,20,3
6,10,-4
22,17,5
21,24,-3
20,26,-6
12,20,-8
25,10,15
7,19,-12
30,17,13
30,24,6
25,7,18
13,27,-14
26,20,6
15,31,-16
23,17,6
16,16,0
30,41,-11
10,23,-13
17,14,3
29,24,5
19,20,-1
6,7,-1
27,16,11
30,17,13
13,27,-14
28,13,15
37,24,13
7,22,-15
20,17,3
12,29,-17
10,16,-6
29,30,-1
10,17,-7
16,20,-4
20,24,-4
29,27,2
30,24,6
0,37,-37
19,30,-11
6,12,-6
20,21,-1
41,28,13
20,7,13
9,17,-8
7,30,-23
29,21,8
9,20,-11
13,17,-4
19,17,2
16,14,2
10,16,-6
22,17,5
20,10,10
23,10,13
19,24,-5
13,31,-18
17,24,-7
17,24,-7
18,6,12
26,16,10
23,23,0
20,13,7
7,37,-30
26,21,5
34,24,10
49,21,28
23,21,2
16,31,-15
27,20,7
30,12,18
27,13,14
16,27,-11
39,35,4
15,37,-22
15,28,-13
22,30,-8
23,27,-4
7,21,-14
12,35,-23
19,7,12
28,0,28
25,14,11
9,19,-10
12,39,-27
16,24,-8
16,16,0
34,21,13
29,24,5
16,31,-15
33,20,13
10,23,-13
28,3,25
26,23,3
26,19,7
38,7,31
42,27,15
24,14,10
24,24,0
31,30,1
23,40,-17
36,24,12
30,28,2
25,24,1
13,19,-6
17,24,-7
13,16,-3
16,34,-18
13,13,0
17,40,-23
29,19,10
25,17,8
40,34,6
31,17,14
10,31,-21
43,7,36
23,16,7
16,31,-15
17,34,-17
29,24,5
17,41,-24
21,9,12
6,15,-9
32,21,11
22,0,22
17,10,7
19,34,-15
16,30,-14
7,10,-3
29,20,9
9,21,-12
30,13,17
10,31,-21
26,10,16
6,27,-21
9,27,-18
39,16,23
10,27,-17
23,20,3
26,41,-15
14,12,2
23,17,6
34,20,14
37,24,13
23,27,-4
10,45,-35
16,23,-7
6,16,-10
16,28,-12
3,13,-10
13,17,-4
21,21,0
30,20,10
35,16,19
6,9,-3
9,26,-17
16,0,16
16,16,0
13,24,-11
12,16,-4
20,10,10
38,28,10
13,14,-1
13,34,-21
24,27,-3
9,24,-15
13,28,-15
29,13,16
16,27,-11
32,31,1
19,20,-1
26,3,23
25,6,19
10,37,-27
29,6,23
20,35,-15
13,3,10
13,24,-11
29,14,15
33,17,16
41,17,24
9,17,-8
19,16,3
19,20,-1
23,17,6
19,27,-8
13,20,-7
17,31,-14
14,15,-1
26,27,-1
29,17,12
20,7,13
26,17,9
13,17,-4
27,14,13
6,10,-4
6,21,-15
19,30,-11
22,21,1
24,30,-6
24,38,-14
23,27,-4
23,26,-3
10,24,-14
22,29,-7
26,10,16
13,31,-18
33,13,20
10,11,-1
10,38,-28
19,5,14
17,13,4
29,7,22
22,10,12
19,44,-25
17,54,-37
16,14,2
19,24,-5
23,16,7
23,34,-11
37,17,20
7,28,-21
13,28,-15
12,7,5
16,16,0
33,20,13
26,17,9
14,26,-12
13,3,10
3,37,-34
23,21,2
9,28,-19
37,21,16
26,16,10
21,27,-6
26,7,19
13,20,-7
18,10,8
0,27,-27
14,17,-3
19,17,2
37,34,3
22,30,-8
17,24,-7
36,24,12
19,10,9
31,34,-3
29,24,5
22,13,9
28,16,12
9,13,-4
22,31,-9
34,21,13
20,10,10
20,31,-11
31,27,4
20,17,3
36,28,8
26,16,10
25,13,12
16,12,4
19,12,7
23,30,-7
19,20,-1
19,21,-2
33,42,-9
33,35,-2
36,21,15
26,17,9
19,24,-5
13,33,-20
32,30,2
33,16,17
13,17,-4
10,39,-29
31,7,24
16,20,-4
28,13,15
27,20,7
33,33,0
28,23,5
13,20,-7
34,16,18
17,20,-3
27,14,13
30,3,27
13,13,0
12,27,-15
33,24,9
17,14,3
36,14,22
23,17,6
40,30,10
23,23,0
27,44,-17
20,14,6
16,27,-11
16,13,3
20,20,0
14,44,-30
26,24,2
32,17,15
21,29,-8
29,27,2
22,17,5
23,20,3
25,7,18
23,14,9
13,16,-3
16,28,-12
24,20,4
3,17,-14
25,17,8
13,37,-24
28,24,4
20,10,10
13,16,-3
20,6,14
19,17,2
7,37,-30
32,0,32
22,3,19
16,26,-10
22,16,6
21,17,4
26,24,2
20,38,-18
25,33,-8
30,14,16
21,20,1
18,37,-19
15,27,-12
23,24,-1
26,21,5
29,41,-12
34,7,27
29,7,22
17,32,-15
3,24,-21
23,24,-1
21,27,-6
19,33,-14
39,17,22
13,19,-6
2,24,-22
0,30,-30
16,17,-1
16,12,4
35,20,15
22,17,5
23,17,6
23,38,-15
19,27,-8
29,16,13
20,30,-10
16,26,-10
30,46,-16
13,34,-21
15,20,-5
23,18,5
37,21,16
19,26,-7
17,21,-4
10,14,-4
35,19,16
19,20,-1
13,27,-14
39,17,22
9,14,-5
27,20,7
15,16,-1
14,24,-10
20,38,-18
40,12,28
19,27,-8
13,24,-11
37,17,20
23,29,-6
25,27,-2
33,21,12
23,20,3
22,12,10
23,32,-9
30,20,10
16,17,-1
40,17,23
15,20,-5
16,19,-3
26,14,12
12,30,-18
27,21,6
3,24,-21
27,24,3
17,35,-18
23,7,16
40,10,30
29,24,5
23,16,7
13,29,-16
20,31,-11
27,17,10
9,23,-14
36,24,12
7,40,-33
36,20,16
10,26,-16
26,23,3
17,10,7
51,24,27
27,14,13
19,20,-1
17,18,-1
16,20,-4
33,13,20
12,19,-7
22,10,12
34,23,11
6,35,-29
40,16,24
7,49,-42
20,16,4
30,20,10
13,33,-20
33,24,9
13,17,-4
27,10,17
19,17,2
22,13,9
34,35,-1
23,23,0
26,17,9
24,58,-34
21,36,-15
27,23,4
13,30,-17
10,20,-10
28,38,-10
24,7,17
6,8,-2
40,19,21
7,22,-15
20,34,-14
30,37,-7
32,31,1
10,17,-7
17,32,-15
19,16,3
9,16,-7
40,6,34
23,13,10
50,28,22
28,13,15
19,33,-14
26,17,9
15,54,-39
26,21,5
22,13,9
22,16,6
17,16,1
26,20,6
20,27,-7
29,21,8
28,16,12
34,17,17
38,3,35
23,13,10
10,18,-8
41,23,18
20,20,0
36,27,9
10,41,-31
31,14,17
23,26,-3
14,44,-30
25,15,10
31,17,14
23,16,7
20,23,-3
10,38,-28
20,34,-14
16,27,-11
13,24,-11
37,7,30
30,17,13
26,17,9
10,13,-3
20,13,7
19,17,2
27,20,7
36,42,-6
23,21,2
14,36,-22
23,38,-15
13,30,-17
25,17,8
9,17,-8
9,17,-8
13,36,-23
26,27,-1
21,29,-8
13,27,-14
23,17,6
15,13,2
30,35,-5
19,3,16
20,31,-11
15,23,-8
19,41,-22
6,34,-28
13,23,-10
12,34,-22
13,13,0
26,19,7
15,30,-15
33,20,13
6,19,-13
19,8,11
10,32,-22
13,26,-13
15,34,-19
33,21,12
6,20,-14
16,23,-7
34,24,10
35,15,20
13,13,0
6,20,-14
22,13,9
10,37,-27
24,31,-7
20,31,-11
20,44,-24
22,15,7
37,3,34
9,19,-10
19,14,5
22,10,12
19,20,-1
16,33,-17
9,17,-8
30,21,9
18,28,-10
6,9,-3
17,29,-12
7,26,-19
15,20,-5
16,23,-7
12,28,-16
20,30,-10
42,17,25
29,17,12
24,34,-10
18,16,2
26,24,2
10,30,-20
29,33,-4
19,13,6
28,23,5
21,30,-9
42,10,32
13,17,-4
3,27,-24
30,23,7
12,37,-25
24,9,15
14,24,-10
13,14,-1
21,18,3
40,7,33
27,31,-4
26,14,12
23,10,13
30,24,6
13,10,3
30,21,9
26,3,23
29,10,19
10,29,-19
26,3,23
28,6,22
17,33,-16
16,31,-15
10,20,-10
13,24,-11
19,17,2
31,13,18
13,26,-13
31,27,4
14,3,11
19,9,10
37,20,17
23,23,0
13,36,-23
32,20,12
13,30,-17
16,24,-8
23,35,-12
16,26,-10
20,13,7
19,3,16
20,20,0
36,17,19
21,23,-2
25,15,10
19,34,-15
28,16,12
18,16,2
3,36,-33
9,23,-14
20,22,-2
22,24,-2
12,17,-5
19,27,-8
16,27,-11
26,31,-5
21,21,0
29,21,8
22,31,-9
20,16,4
22,20,2
3,43,-40
25,19,6
13,25,-12
13,28,-15
16,16,0
16,20,-4
18,17,1
23,20,3
9,24,-15
16,6,10
30,6,24
29,28,1
18,26,-8
3,32,-29
18,14,4
19,10,9
36,7,29
35,3,32
16,41,-25
20,21,-1
24,33,-9
23,25,-2
20,23,-3
37,3,34
27,31,-4
32,13,19
19,17,2
27,17,10
15,23,-8
16,13,3
12,24,-12
7,23,-16
16,26,-10
13,26,-13
26,27,-1
23,13,10
29,17,12
30,31,-1
22,21,1
6,14,-8
12,13,-1
7,17,-10
29,13,16
27,9,18
20,26,-6
27,31,-4
13,33,-20
10,30,-20
29,21,8
13,41,-28
7,22,-15
22,35,-13
34,17,17
24,27,-3
34,23,11
3,37,-34
20,7,13
13,23,-10
22,20,2
21,37,-16
16,21,-5
3,27,-24
25,21,4
13,40,-27
10,23,-13
19,37,-18
46,21,25
7,16,-9
10,20,-10
21,20,1
28,20,8
25,0,25
42,3,39
26,41,-15
16,16,0
40,9,31
12,14,-2
13,41,-28
26,51,-25
23,37,-14
10,37,-27
23,10,13
34,10,24
29,13,16
16,33,-17
6,20,-14
17,33,-16
12,36,-24
3,27,-24
20,27,-7
38,23,15
29,17,12
26,37,-11
21,21,0
20,33,-13
27,3,24
13,19,-6
16,21,-5
22,14,8
24,34,-10
27,23,4
13,37,-24
28,13,15
16,20,-4
16,23,-7
22,20,2
15,30,-15
10,25,-15
16,10,6
7,24,-17
16,27,-11
26,22,4
30,10,20
29,31,-2
17,30,-13
20,26,-6
23,12,11
14,21,-7
24,24,0
35,3,32
16,23,-7
20,16,4
13,18,-5
10,34,-24
27,33,-6
48,21,27
10,7,3
15,17,-2
21,35,-14
27,6,21
24,28,-4
13,31,-18
35,13,22
13,6,7
27,41,-14
33,35,-2
23,18,5
14,17,-3
25,28,-3
30,27,3
30,13,17
25,14,11
23,28,-5
22,21,1
27,33,-6
20,23,-3
22,21,1
6,7,-1
18,9,9
7,27,-20
39,23,16
19,31,-12
15,24,-9
23,28,-5
23,31,-8
32,3,29
10,28,-18
38,20,18
39,31,8
24,10,14
25,27,-2
23,14,9
13,28,-15
13,24,-11
20,14,6
9,14,-5
40,14,26
17,26,-9
27,30,-3
12,24,-12
13,19,-6
26,16,10
9,17,-8
21,27,-6
37,6,31
20,30,-10
30,13,17
10,20,-10
12,16,-4
32,10,22
25,20,5
20,32,-12
31,24,7
19,33,-14
38,24,14
13,23,-10
31,27,4
22,24,-2
22,7,15
26,10,16
26,3,23
21,23,-2
26,31,-5
30,27,3
6,22,-16
18,22,-4
23,19,4
30,10,20
22,24,-2
6,3,3
23,23,0
20,25,-5
9,34,-25
23,24,-1
15,10,5
30,23,7
17,21,-4
28,25,3
31,12,19
10,20,-10
17,9,8
6,9,-3
19,10,9
13,9,4
23,6,17
10,10,0
25,33,-8
29,10,19
18,40,-22
23,21,2
30,27,3
16,26,-10
33,17,16
15,17,-2
19,10,9
9,24,-15
22,14,8
19,13,6
9,27,-18
22,17,5
13,13,0
19,14,5
23,24,-1
17,23,-6
27,17,10
13,37,-24
30,3,27
28,13,15
10,19,-9
6,42,-36
16,9,7
30,20,10
15,20,-5
38,14,24
13,30,-17
22,14,8
9,24,-15
16,10,6
9,13,-4
27,23,4
21,23,-2
20,30,-10
35,27,8
20,27,-7
12,19,-7
28,17,11
13,24,-11
7,24,-17
18,23,-5
13,10,3
20,6,14
22,20,2
12,14,-2
33,10,23
29,14,15
17,29,-12
33,13,20
23,23,0
22,17,5
12,3,9
13,30,-17
17,16,1
14,24,-10
22,20,2
13,33,-20
26,18,8
24,23,1
32,21,11
30,7,23
20,25,-5
20,22,-2
24,20,4
14,21,-7
26,20,6
29,20,9
24,23,1
23,21,2
13,0,13
42,21,21
21,24,-3
20,10,10
16,28,-12
22,14,8
23,24,-1
27,16,11
23,21,2
36,24,12
30,24,6
19,13,6
26,6,20
28,17,11
15,12,3
16,21,-5
16,24,-8
14,10,4
21,34,-13
25,24,1
32,21,11
25,19,6
21,10,11
20,9,11
20,26,-6
22,6,16
28,10,18
17,27,-10
19,23,-4
22,20,2
28,7,21
20,34,-14
6,20,-14
13,33,-20
10,20,-10
21,23,-2
19,17,2
9,37,-28
40,7,33
23,44,-21
17,13,4
9,14,-5
9,20,-11
31,29,2
14,43,-29
13,35,-22
34,17,17
40,10,30
17,10,7
18,6,12
15,10,5
37,2,35
34,9,25
23,21,2
16,35,-19
16,34,-18
9,29,-20
6,39,-33
13,34,-21
30,26,4
33,17,16
34,0,34
24,2,22
37,14,23
22,31,-9
23,34,-11
25,20,5
16,5,11
20,14,6
38,14,24
10,21,-11
32,20,12
16,20,-4
23,29,-6
29,17,12
19,23,-4
29,21,8
20,33,-13
23,31,-8
25,26,-1
13,8,5
41,23,18
31,20,11
27,13,14
23,20,3
15,17,-2
23,31,-8
27,19,8
58,17,41
31,41,-10
20,11,9
9,13,-4
33,10,23
22,27,-5
25,23,2
25,7,18
36,13,23
10,33,-23
15,9,6
24,6,18
16,20,-4
26,27,-1
16,23,-7
19,21,-2
26,31,-5
28,7,21
29,21,8
27,24,3
18,14,4
39,20,19
6,23,-17
24,26,-2
33,15,18
26,31,-5
13,21,-8
26,19,7
15,15,0
32,21,11
14,14,0
12,24,-12
23,14,9
33,0,33
19,20,-1
26,18,8
37,20,17
15,10,5
13,21,-8
16,14,2
30,10,20
20,9,11
18,14,4
19,17,2
6,30,-24
29,20,9
20,17,3
16,19,-3
31,31,0
25,33,-8
16,19,-3
9,27,-18
10,41,-31
27,30,-3
18,16,2
27,24,3
20,19,1
24,54,-30
23,14,9
38,29,9
16,21,-5
26,24,2
26,26,0
27,37,-10
12,27,-15
24,21,3
27,16,11
20,19,1
6,26,-20
13,20,-7
33,17,16
25,29,-4
16,26,-10
20,17,3
19,17,2
26,31,-5
24,23,1
13,27,-14
28,35,-7
12,21,-9
44,27,17
9,9,0
35,10,25
6,23,-17
13,30,-17
21,43,-22
0,39,-39
35,24,11
13,27,-14
14,37,-23
16,17,-1
20,31,-11
26,19,7
33,30,3
23,20,3
28,17,11
23,13,10
22,20,2
10,17,-7
15,31,-16
16,30,-14
18,29,-11
16,26,-10
24,21,3
23,20,3
9,31,-22
36,31,5
6,12,-6
38,27,11
26,17,9
26,17,9
16,10,6
24,13,11
43,14,29
19,21,-2
19,13,6
46,20,26
10,34,-24
13,33,-20
19,23,-4
12,33,-21
15,24,-9
14,37,-23
29,24,5
12,17,-5
19,14,5
0,20,-20
30,10,20
29,31,-2
23,24,-1
23,24,-1
33,10,23
16,24,-8
16,31,-15
22,31,-9
24,23,1
33,23,10
31,27,4
16,24,-8
26,10,16
30,10,20
26,28,-2
22,14,8
18,21,-3
26,27,-1
12,13,-1
17,20,-3
10,0,10
33,0,33
20,13,7
26,10,16
21,33,-12
9,13,-4
18,3,15
37,31,6
20,14,6
3,23,-20
22,30,-8
27,10,17
21,34,-13
12,19,-7
20,41,-21
20,27,-7
29,20,9
12,19,-7
17,45,-28
29,10,19
16,27,-11
17,26,-9
27,19,8
30,26,4
9,21,-12
16,31,-15
30,20,10
25,24,1
17,27,-10
16,14,2
17,31,-14
6,38,-32
19,20,-1
16,37,-21
29,21,8
22,3,19
17,17,0
6,17,-11
22,16,6
24,23,1
22,12,10
18,17,1
26,34,-8
34,19,15
22,27,-5
20,33,-13
33,20,13
24,22,2
7,19,-12
42,13,29
27,26,1
38,21,17
20,28,-8
20,23,-3
39,14,25
23,14,9
19,31,-12
27,17,10
13,22,-9
20,21,-1
13,12,1
48,35,13
28,17,11
13,14,-1
22,14,8
21,9,12
12,19,-7
29,13,16
10,25,-15
29,27,2
51,38,13
20,3,17
23,13,10
27,17,10
45,23,22
10,19,-9
20,13,7
10,17,-7
9,26,-17
15,13,2
19,10,9
20,19,1
27,23,4
26,30,-4
6,30,-24
19,34,-15
20,20,0
14,24,-10
24,23,1
17,37,-20
30,23,7
30,17,13
31,13,18
6,27,-21
29,35,-6
25,34,-9
15,21,-6
27,10,17
22,35,-13
21,14,7
16,14,2
27,23,4
16,34,-18
29,33,-4
18,33,-15
28,10,18
22,30,-8
20,28,-8
25,27,-2
26,32,-6
15,14,1
41,24,17
18,23,-5
16,17,-1
13,20,-7
49,24,25
7,23,-16
42,27,15
16,13,3
23,13,10
30,38,-8
9,34,-25
12,23,-11
26,23,3
37,30,7
16,13,3
26,20,6
16,10,6
41,7,34
17,23,-6
17,14,3
20,21,-1
20,31,-11
32,0,32
23,31,-8
16,19,-3
26,19,7
23,17,6
17,17,0
15,14,1
29,24,5
10,18,-8
15,23,-8
13,30,-17
33,10,23
23,17,6
20,31,-11
16,27,-11
36,31,5
12,10,2
18,6,12
17,44,-27
14,32,-18
10,20,-10
17,33,-16
16,31,-15
37,15,22
23,28,-5
38,9,29
13,19,-6
26,27,-1
31,6,25
15,24,-9
26,24,2
29,23,6
30,7,23
26,29,-3
33,9,24
32,17,15
9,20,-11
27,20,7
24,7,17
21,23,-2
24,44,-20
17,34,-17
3,20,-17
20,16,4
6,27,-21
25,10,15
24,9,15
14,28,-14
10,14,-4
18,10,8
12,19,-7
26,31,-5
26,20,6
18,13,5
29,37,-8
24,20,4
26,7,19
13,3,10
24,19,5
42,21,21
24,6,18
19,23,-4
25,23,2
20,31,-11
20,22,-2
23,21,2
22,38,-16
15,33,-18
17,31,-14
24,20,4
22,21,1
23,20,3
19,0,19
21,31,-10
19,21,-2
28,3,25
3,18,-15
26,30,-4
34,14,20
14,19,-5
29,14,15
6,22,-16
14,45,-31
24,27,-3
9,20,-11
35,14,21
23,24,-1
24,24,0
26,42,-16
37,24,13
16,27,-11
24,31,-7
25,20,5
20,20,0
26,14,12
10,27,-17
27,28,-1
21,17,4
3,12,-9
16,13,3
16,38,-22
43,21,22
19,10,9
29,24,5
7,26,-19
25,6,19
16,23,-7
36,13,23
37,17,20
26,28,-2
16,10,6
23,16,7
14,31,-17
17,12,5
10,44,-34
26,6,20
6,16,-10
13,21,-8
23,24,-1
42,21,21
24,6,18
18,10,8
27,10,17
20,27,-7
22,7,15
43,3,40
21,13,8
9,30,-21
26,26,0
16,27,-11
25,16,9
19,10,9
23,24,-1
26,17,9
22,9,13
12,24,-12
3,16,-13
21,24,-3
21,7,14
19,6,13
6,31,-25
16,17,-1
26,22,4
34,27,7
16,24,-8
13,12,1
14,9,5
20,21,-1
20,27,-7
18,3,15
27,14,13
27,10,17
3,27,-24
26,20,6
13,10,3
27,21,6
23,30,-7
22,28,-6
15,13,2
32,26,6
33,14,19
27,27,0
16,43,-27
32,28,4
24,24,0
23,28,-5
27,24,3
22,34,-12
43,20,23
23,10,13
16,37,-21
19,17,2
16,21,-5
13,29,-16
25,14,11
27,16,11
22,3,19
20,27,-7
0,30,-30
34,31,3
28,13,15
31,45,-14
19,30,-11
25,17,8
25,15,10
20,31,-11
21,26,-5
7,47,-40
15,23,-8
40,7,33
30,16,14
19,16,3
12,24,-12
26,37,-11
19,38,-19
27,14,13
20,27,-7
35,6,29
18,16,2
21,17,4
13,20,-7
23,27,-4
32,7,25
19,27,-8
17,17,0
37,33,4
24,14,10
26,13,13
20,24,-4
23,23,0
23,20,3
12,17,-5
23,3,20
18,0,18
20,34,-14
19,6,13
10,30,-20
12,24,-12
28,10,18
29,17,12
27,3,24
12,13,-1
22,17,5
36,9,27
16,10,6
16,24,-8
30,34,-4
16,23,-7
3,13,-10
6,16,-10
26,10,16
10,34,-24
17,14,3
20,24,-4
9,43,-34
13,21,-8
27,40,-13
17,21,-4
20,30,-10
37,21,16
20,13,7
12,30,-18
20,9,11
10,29,-19
3,24,-21
29,26,3
13,21,-8
16,37,-21
27,14,13
10,34,-24
29,10,19
13,30,-17
13,34,-21
20,18,2
23,20,3
19,26,-7
25,24,1
20,33,-13
20,37,-17
20,15,5
24,33,-9
13,35,-22
24,6,18
30,37,-7
9,14,-5
24,30,-6
32,23,9
13,42,-29
23,20,3
16,13,3
23,35,-12
34,35,-1
34,24,10
34,10,24
25,28,-3
22,12,10
30,30,0
13,28,-15
10,30,-20
0,40,-40
26,7,19
30,10,20
29,22,7
24,43,-19
13,24,-11
19,19,0
34,20,14
19,34,-15
40,17,23
24,23,1
19,20,-1
14,20,-6
43,28,15
26,17,9
22,13,9
3,27,-24
23,20,3
29,10,19
15,10,5
10,15,-5
14,24,-10
13,23,-10
10,16,-6
6,27,-21
19,13,6
13,23,-10
26,16,10
25,27,-2
30,27,3
13,24,-11
20,17,3
25,21,4
15,20,-5
27,30,-3
10,26,-16
14,19,-5
15,14,1
26,21,5
22,13,9
21,45,-24
9,24,-15
12,17,-5
6,26,-20
14,27,-13
24,20,4
12,13,-1
17,24,-7
24,12,12
27,24,3
13,21,-8
32,17,15
30,10,20
27,14,13
15,35,-20
18,21,-3
23,10,13
32,35,-3
24,10,14
23,31,-8
20,24,-4
17,17,0
42,7,35
14,20,-6
23,10,13
23,14,9
14,31,-17
32,28,4
20,34,-14
10,23,-13
23,24,-1
33,19,14
28,19,9
13,39,-26
16,31,-15
23,14,9
22,20,2
23,20,3
16,21,-5
20,21,-1
20,36,-16
13,30,-17
19,10,9
25,13,12
30,17,13
23,26,-3
25,26,-1
6,20,-14
10,30,-20
13,24,-11
7,20,-13
32,17,15
15,27,-12
25,16,9
20,16,4
13,27,-14
16,20,-4
23,21,2
6,27,-21
26,20,6
28,10,18
16,13,3
35,33,2
29,10,19
20,40,-20
3,13,-10
30,23,7
20,24,-4
24,20,4
27,27,0
17,21,-4
20,20,0
13,26,-13
30,20,10
13,17,-4
35,28,7
19,20,-1
17,20,-3
41,0,41
46,26,20
17,16,1
9,16,-7
28,35,-7
22,20,2
29,7,22
16,31,-15
24,30,-6
13,28,-15
6,21,-15
22,24,-2
33,14,19
10,26,-16
19,17,2
13,29,-16
26,6,20
22,21,1
24,30,-6
29,6,23
16,29,-13
19,30,-11
12,33,-21
16,24,-8
19,13,6
27,24,3
15,38,-23
41,27,14
23,48,-25
31,35,-4
17,37,-20
16,10,6
5,35,-30
29,10,19
15,24,-9
41,7,34
7,31,-24
26,21,5
28,7,21
31,14,17
15,12,3
12,13,-1
17,16,1
20,17,3
31,7,24
13,30,-17
18,20,-2
12,23,-11
12,14,-2
12,20,-8
24,27,-3
22,24,-2
17,14,3
19,10,9
15,17,-2
3,13,-10
23,23,0
16,22,-6
20,20,0
23,12,11
12,13,-1
23,37,-14
22,10,12
31,7,24
17,9,8
35,23,12
29,28,1
16,34,-18
32,27,5
27,29,-2
10,18,-8
22,7,15
32,20,12
3,27,-24
13,34,-21
13,21,-8
23,12,11
19,6,13
22,24,-2
19,27,-8
14,35,-21
13,10,3
39,10,29
13,20,-7
13,23,-10
26,20,6
19,31,-12
13,17,-4
26,34,-8
0,33,-33
30,0,30
27,27,0
22,20,2
36,10,26
14,31,-17
12,28,-16
30,17,13
20,26,-6
26,28,-2
44,23,21
19,37,-18
6,27,-21
24,17,7
0,36,-36
16,23,-7
12,20,-8
7,20,-13
30,10,20
19,26,-7
16,10,6
8,17,-9
13,27,-14
16,21,-5
15,48,-33
23,14,9
20,45,-25
33,6,27
30,19,11
15,28,-13
19,27,-8
26,10,16
23,17,6
15,14,1
26,14,12
7,31,-24
40,7,33
12,27,-15
12,23,-11
6,22,-16
18,20,-2
29,23,6
20,27,-7
43,10,33
37,24,13
22,20,2
12,10,2
16,33,-17
13,27,-14
6,50,-44
46,21,25
34,20,14
33,17,16
22,27,-5
27,13,14
3,22,-19
22,24,-2
20,13,7
16,21,-5
35,14,21
13,38,-25
17,31,-14
17,26,-9
16,3,13
43,3,40
27,27,0
13,15,-2
23,29,-6
12,32,-20
23,17,6
37,24,13
29,27,2
26,30,-4
16,14,2
33,17,16
23,17,6
25,21,4
24,13,11
27,20,7
20,10,10
20,38,-18
24,29,-5
15,37,-22
18,6,12
9,29,-20
10,24,-14
23,10,13
22,16,6
20,9,11
15,6,9
20,26,-6
16,24,-8
18,34,-16
7,27,-20
20,31,-11
25,32,-7
9,24,-15
16,20,-4
13,12,1
13,12,1
26,28,-2
9,9,0
18,9,9
23,31,-8
36,16,20
42,17,25
19,34,-15
31,0,31
14,14,0
20,16,4
20,30,-10
20,30,-10
20,17,3
25,27,-2
23,23,0
6,45,-39
31,7,24
10,24,-14
25,24,1
23,7,16
37,27,10
10,26,-16
16,7,9
19,10,9
22,24,-2
20,10,10
13,23,-10
33,28,5
29,29,0
23,27,-4
27,17,10
23,31,-8
10,16,-6
38,3,35
15,28,-13
26,31,-5
18,20,-2
14,19,-5
29,16,13
23,31,-8
3,23,-20
19,24,-5
17,34,-17
18,28,-10
28,21,7
31,10,21
18,17,1
6,13,-7
15,20,-5
10,28,-18
6,33,-27
27,27,0
19,10,9
20,16,4
33,21,12
23,35,-12
12,13,-1
35,10,25
40,17,23
16,26,-10
6,20,-14
26,6,20
30,22,8
3,44,-41
22,17,5
24,24,0
13,27,-14
29,24,5
17,13,4
17,17,0
26,21,5
22,41,-19
33,10,23
23,23,0
24,0,24
26,16,10
17,3,14
22,9,13
22,17,5
9,37,-28
13,10,3
17,12,5
37,27,10
16,37,-21
16,16,0
25,28,-3
19,10,9
21,23,-2
22,24,-2
20,34,-14
20,5,15
9,27,-18
19,24,-5
9,34,-25
22,17,5
41,13,28
10,22,-12
19,14,5
23,33,-10
13,20,-7
6,30,-24
12,16,-4
16,27,-11
11,24,-13
19,16,3
22,20,2
26,3,23
19,15,4
26,6,20
18,21,-3
6,22,-16
20,17,3
19,13,6
32,0,32
17,40,-23
19,12,7
20,14,6
18,17,1
30,21,9
23,13,10
9,31,-22
27,10,17
13,23,-10
19,34,-15
17,27,-10
0,17,-17
26,7,19
14,16,-2
13,24,-11
16,17,-1
9,14,-5
12,10,2
38,17,21
25,28,-3
26,34,-8
16,7,9
19,24,-5
20,17,3
24,3,21
10,14,-4
22,19,3
9,16,-7
13,12,1
20,16,4
12,23,-11
33,3,30
33,31,2
16,23,-7
3,26,-23
24,31,-7
14,13,1
30,28,2
10,33,-23
22,27,-5
31,6,25
40,27,13
13,21,-8
27,32,-5
6,37,-31
16,13,3
13,40,-27
13,23,-10
17,28,-11
16,13,3
21,17,4
13,8,5
33,6,27
19,21,-2
32,24,8
13,24,-11
33,16,17
10,23,-13
23,17,6
30,19,11
12,26,-14
8,31,-23
38,7,31
20,13,7
26,21,5
5,10,-5
12,3,9
26,17,9
30,20,10
23,19,4
32,10,22
13,27,-14
27,3,24
7,29,-22
23,16,7
19,31,-12
18,9,9
15,13,2
26,3,23
30,10,20
26,31,-5
16,16,0
36,27,9
33,16,17
23,17,6
28,21,7
26,27,-1
10,45,-35
17,15,2
30,31,-1
26,0,26
11,27,-16
9,17,-8
26,17,9
20,17,3
15,17,-2
16,24,-8
7,26,-19
10,31,-21
23,34,-11
29,20,9
17,13,4
12,26,-14
29,36,-7
27,10,17
17,42,-25
20,20,0
3,26,-23
20,31,-11
15,16,-1
16,20,-4
24,13,11
29,7,22
24,24,0
46,0,46
14,31,-17
22,10,12
12,17,-5
7,18,-11
13,16,-3
10,34,-24
25,20,5
15,12,3
30,17,13
19,21,-2
16,19,-3
33,21,12
14,17,-3
26,21,5
12,21,-9
16,34,-18
12,3,9
16,19,-3
20,23,-3
33,24,9
15,34,-19
25,15,10
10,27,-17
9,26,-17
29,17,12
9,24,-15
20,21,-1
13,37,-24
20,35,-15
21,16,5
35,17,18
16,23,-7
28,7,21
19,20,-1
15,6,9
27,14,13
17,27,-10
17,9,8
22,20,2
16,17,-1
13,33,-20
29,13,16
9,10,-1
22,30,-8
3,28,-25
32,21,11
29,14,15
19,17,2
25,20,5
44,20,24
17,19,-2
30,13,17
19,3,16
32,14,18
36,24,12
17,31,-14
28,20,8
14,28,-14
26,23,3
33,23,10
0,18,-18
9,7,2
7,36,-29
20,10,10
35,13,22
20,17,3
20,13,7
15,10,5
22,17,5
26,17,9
26,20,6
21,26,-5
7,24,-17
16,28,-12
27,31,-4
14,10,4
31,34,-3
20,30,-10
24,40,-16
9,23,-14
16,17,-1
30,3,27
22,44,-22
25,10,15
13,10,3
9,10,-1
19,12,7
29,23,6
13,26,-13
10,19,-9
21,25,-4
9,30,-21
28,17,11
20,16,4
20,22,-2
10,23,-13
45,41,4
16,7,9
23,17,6
29,16,13
15,26,-11
12,20,-8
9,37,-28
13,13,0
21,34,-13
36,10,26
26,27,-1
19,23,-4
24,23,1
3,36,-33
17,30,-13
13,17,-4
34,17,17
22,17,5
26,23,3
23,21,2
9,22,-13
28,10,18
12,13,-1
23,34,-11
22,21,1
18,15,3
12,21,-9
24,20,4
22,9,13
22,23,-1
21,30,-9
13,12,1
47,21,26
16,34,-18
34,19,15
30,13,17
20,21,-1
9,29,-20
16,25,-9
29,14,15
19,14,5
16,26,-10
13,16,-3
16,20,-4
31,21,10
13,20,-7
35,16,19
39,20,19
20,9,11
18,20,-2
13,20,-7
28,28,0
26,23,3
36,20,16
24,0,24
16,36,-20
28,27,1
19,35,-16
13,28,-15
26,16,10
41,14,27
6,17,-11
12,17,-5
16,14,2
38,42,-4
17,34,-17
19,13,6
26,21,5
21,38,-17
24,21,3
20,24,-4
13,23,-10
13,19,-6
33,7,26
18,14,4
23,30,-7
35,10,25
6,6,0
26,16,10
22,20,2
6,33,-27
42,12,30
23,10,13
13,17,-4
16,14,2
6,7,-1
32,17,15
23,16,7
12,31,-19
17,14,3
32,17,15
39,20,19
19,13,6
13,13,0
25,20,5
20,23,-3
23,40,-17
10,16,-6
29,20,9
26,16,10
16,10,6
24,33,-9
20,17,3
20,23,-3
23,17,6
24,21,3
22,27,-5
6,17,-11
14,31,-17
26,39,-13
26,23,3
23,6,17
24,20,4
20,27,-7
19,6,13
16,20,-4
33,10,23
44,24,20
16,23,-7
13,30,-17
30,30,0
29,24,5
19,12,7
19,16,3
9,31,-22
20,13,7
14,28,-14
24,38,-14
16,26,-10
43,17,26
25,41,-16
29,17,12
15,41,-26
20,34,-14
20,10,10
10,24,-14
10,10,0
41,16,25
31,17,14
27,5,22
7,29,-22
17,27,-10
23,28,-5
19,34,-15
28,13,15
13,13,0
13,31,-18
30,40,-10
25,23,2
23,3,20
17,12,5
29,20,9
18,19,-1
32,7,25
23,29,-6
10,30,-20
31,27,4
16,9,7
36,24,12
27,34,-7
17,26,-9
19,26,-7
36,33,3
25,25,0
13,16,-3
13,7,6
22,20,2
3,37,-34
15,3,12
24,14,10
24,20,4
22,24,-2
13,25,-12
30,24,6
31,36,-5
23,24,-1
21,35,-14
19,13,6
10,24,-14
27,41,-14
37,35,2
24,34,-10
31,27,4
15,16,-1
27,17,10
10,24,-14
10,20,-10
13,13,0
23,13,10
37,20,17
13,27,-14
13,17,-4
3,37,-34
14,26,-12
25,23,2
22,10,12
26,28,-2
16,26,-10
23,10,13
14,32,-18
16,37,-21
20,13,7
27,20,7
22,14,8
0,12,-12
28,26,2
17,27,-10
9,23,-14
10,47,-37
17,27,-10
19,10,9
27,9,18
23,9,14
13,17,-4
22,13,9
22,24,-2
14,16,-2
46,17,29
44,31,13
3,31,-28
20,23,-3
34,37,-3
27,17,10
23,36,-13
22,20,2
16,39,-23
48,17,31
23,17,6
16,24,-8
23,45,-22
34,20,14
27,21,6
14,30,-16
33,23,10
14,30,-16
20,24,-4
31,21,10
16,45,-29
35,7,28
17,34,-17
41,17,24
35,26,9
24,15,9
9,20,-11
3,42,-39
30,14,16
19,21,-2
27,14,13
23,29,-6
24,20,4
28,26,2
41,24,17
29,41,-12
13,20,-7
21,31,-10
24,24,0
31,12,19
8,31,-23
34,24,10
3,20,-17
41,37,4
16,19,-3
16,10,6
16,6,10
22,30,-8
34,23,11
17,26,-9
16,27,-11
6,23,-17
33,16,17
7,32,-25
28,9,19
3,24,-21
49,13,36
27,3,24
9,17,-8
20,30,-10
26,27,-1
25,13,12
13,30,-17
24,24,0
26,9,17
40,13,27
24,16,8
16,7,9
23,44,-21
37,10,27
36,27,9
22,21,1
20,17,3
29,13,16
13,20,-7
30,17,13
34,16,18
20,13,7
7,26,-19
10,19,-9
37,27,10
17,21,-4
25,14,11
6,27,-21
34,21,13
19,13,6
30,23,7
41,14,27
22,41,-19
16,30,-14
17,9,8
17,9,8
3,32,-29
20,30,-10
13,13,0
33,10,23
27,6,21
20,20,0
5,31,-26
25,24,1
40,28,12
18,17,1
23,28,-5
20,10,10
20,14,6
10,12,-2
20,34,-14
23,33,-10
15,24,-9
31,13,18
3,27,-24
9,23,-14
27,3,24
17,9,8
13,30,-17
45,47,-2
27,20,7
20,27,-7
17,23,-6
35,9,26
6,14,-8
10,24,-14
18,27,-9
42,10,32
23,12,11
30,22,8
22,13,9
10,29,-19
17,35,-18
26,7,19
40,14,26
21,7,14
10,19,-9
19,27,-8
9,19,-10
20,21,-1
26,23,3
20,16,4
13,30,-17
20,17,3
27,17,10
36,34,2
16,23,-7
23,27,-4
26,28,-2
35,23,12
22,14,8
31,20,11
10,21,-11
24,33,-9
13,13,0
29,30,-1
19,22,-3
14,19,-5
13,19,-6
20,21,-1
17,27,-10
16,24,-8
19,19,0
19,21,-2
30,27,3
27,15,12
17,44,-27
19,13,6
28,10,18
39,7,32
9,24,-15
15,24,-9
27,20,7
6,23,-17
39,9,30
20,16,4
33,7,26
23,14,9
7,15,-8
32,31,1
10,20,-10
16,17,-1
3,28,-25
26,28,-2
17,30,-13
34,26,8
26,6,20
29,42,-13
0,13,-13
7,19,-12
24,13,11
20,26,-6
10,17,-7
13,23,-10
13,31,-18
15,21,-6
20,20,0
14,33,-19
33,30,3
10,31,-21
16,31,-15
23,34,-11
20,0,20
7,22,-15
14,44,-30
20,27,-7
19,23,-4
20,23,-3
29,7,22
26,22,4
29,24,5
13,9,4
14,24,-10
23,3,20
13,28,-15
19,28,-9
26,13,13
10,33,-23
13,30,-17
23,23,0
17,26,-9
23,21,2
27,13,14
19,13,6
23,6,17
49,10,39
28,21,7
23,10,13
19,30,-11
15,23,-8
13,16,-3
34,9,25
20,27,-7
0,27,-27
21,24,-3
34,21,13
42,10,32
20,20,0
42,6,36
26,17,9
27,14,13
13,17,-4
20,23,-3
33,7,26
19,17,2
15,20,-5
10,26,-16
43,27,16
38,5,33
24,17,7
20,21,-1
27,20,7
10,20,-10
6,15,-9
34,17,17
10,34,-24
16,27,-11
19,23,-4
17,20,-3
13,17,-4
25,14,11
45,14,31
30,24,6
26,17,9
17,10,7
7,20,-13
32,3,29
16,23,-7
30,13,17
27,20,7
30,24,6
13,20,-7
19,20,-1
14,44,-30
21,20,1
29,7,22
10,17,-7
5,27,-22
13,10,3
10,20,-10
10,10,0
30,12,18
37,14,23
6,16,-10
38,17,21
17,40,-23
20,33,-13
9,45,-36
9,31,-22
16,17,-1
14,28,-14
26,22,4
29,22,7
33,0,33
9,6,3
24,37,-13
17,30,-13
30,13,17
29,6,23
6,35,-29
20,26,-6
7,27,-20
20,27,-7
24,5,19
21,17,4
19,17,2
10,30,-20
25,30,-5
3,20,-17
30,13,17
10,30,-20
9,27,-18
17,46,-29
15,24,-9
48,17,31
13,7,6
22,33,-11
24,31,-7
20,9,11
26,14,12
38,13,25
20,12,8
27,30,-3
36,16,20
10,9,1
10,27,-17
34,38,-4
17,40,-23
27,20,7
41,28,13
13,27,-14
29,17,12
13,23,-10
34,23,11
9,21,-12
10,36,-26
10,37,-27
36,7,29
12,7,5
10,30,-20
30,24,6
17,7,10
24,19,5
20,20,0
20,25,-5
16,30,-14
24,40,-16
19,7,12
33,7,26
33,3,30
17,31,-14
24,23,1
57,35,22
16,10,6
26,6,20
10,26,-16
15,26,-11
16,14,2
13,30,-17
16,21,-5
10,19,-9
19,9,10
12,12,0
9,30,-21
29,14,15
37,30,7
9,17,-8
29,14,15
39,19,20
23,28,-5
24,6,18
10,16,-6
32,24,8
19,30,-11
13,17,-4
17,34,-17
9,24,-15
21,31,-10
25,32,-7
16,29,-13
7,9,-2
19,33,-14
20,23,-3
37,13,24
7,33,-26
17,34,-17
13,27,-14
30,27,3
17,6,11
40,24,16
17,41,-24
23,17,6
46,31,15
28,20,8
26,20,6
5,22,-17
10,36,-26
13,24,-11
21,10,11
17,13,4
26,31,-5
30,44,-14
13,27,-14
23,21,2
27,19,8
20,31,-11
37,27,10
13,19,-6
25,7,18
16,24,-8
20,22,-2
18,3,15
13,34,-21
24,12,12
3,33,-30
14,14,0
21,17,4
12,23,-11
29,20,9
6,17,-11
23,31,-8
29,24,5
10,21,-11
27,13,14
38,17,21
22,16,6
10,24,-14
10,9,1
23,20,3
14,13,1
26,17,9
13,20,-7
25,13,12
12,19,-7
24,17,7
21,22,-1
9,27,-18
23,16,7
25,27,-2
25,10,15
33,14,19
22,29,-7
16,23,-7
17,36,-19
25,24,1
33,21,12
30,13,17
23,34,-11
16,6,10
13,19,-6
20,29,-9
14,30,-16
3,17,-14
19,13,6
41,24,17
19,36,-17
28,19,9
19,23,-4
21,38,-17
37,31,6
35,38,-3
43,0,43
19,34,-15
27,14,13
37,23,14
6,32,-26
14,34,-20
26,12,14
23,27,-4
3,19,-16
20,30,-10
48,14,34
13,23,-10
16,30,-14
40,23,17
14,36,-22
26,42,-16
31,35,-4
24,36,-12
32,14,18
40,0,40
30,37,-7
19,16,3
13,27,-14
19,3,16
10,26,-16
44,17,27
9,34,-25
27,21,6
28,16,12
6,33,-27
25,3,22
22,10,12
37,14,23
19,10,9
30,29,1
34,37,-3
34,24,10
32,6,26
23,39,-16
34,17,17
24,22,2
27,30,-3
14,27,-13
14,24,-10
20,28,-8
23,30,-7
7,30,-23
12,7,5
17,37,-20
23,19,4
20,20,0
29,20,9
9,34,-25
30,6,24
19,27,-8
19,16,3
26,17,9
32,31,1
26,23,3
23,31,-8
16,20,-4
33,14,19
33,21,12
22,20,2
3,28,-25
26,30,-4
21,30,-9
0,24,-24
17,14,3
13,31,-18
24,23,1
26,17,9
19,10,9
10,37,-27
29,9,20
25,13,12
7,23,-16
45,20,25
37,16,21
26,42,-16
40,27,13
36,24,12
9,42,-33
10,17,-7
36,13,23
19,14,5
13,20,-7
37,14,23
19,12,7
12,8,4
7,33,-26
38,15,23
13,44,-31
31,17,14
14,30,-16
16,13,3
38,9,29
9,22,-13
6,33,-27
27,41,-14
6,31,-25
27,21,6
15,14,1
15,19,-4
20,31,-11
6,6,0
30,7,23
14,14,0
15,25,-10
30,24,6
33,20,13
30,6,24
24,16,8
46,27,19
26,23,3
16,24,-8
24,41,-17
7,28,-21
16,17,-1
21,31,-10
20,7,13
28,21,7
16,6,10
20,10,10
6,27,-21
19,23,-4
31,27,4
7,44,-37
30,35,-5
30,7,23
27,19,8
31,27,4
20,23,-3
27,20,7
23,30,-7
13,27,-14
20,19,1
16,23,-7
32,13,19
16,23,-7
16,30,-14
17,36,-19
25,6,19
16,31,-15
6,48,-42
3,20,-17
45,27,18
40,30,10
9,17,-8
7,30,-23
10,28,-18
20,7,13
23,7,16
15,10,5
25,16,9
3,13,-10
23,35,-12
9,20,-11
17,28,-11
24,27,-3
23,10,13
6,27,-21
13,21,-8
26,13,13
22,23,-1
13,10,3
30,13,17
10,23,-13
13,22,-9
44,7,37
10,17,-7
22,10,12
29,7,22
36,17,19
33,10,23
23,7,16
17,15,2
33,14,19
20,13,7
13,27,-14
10,27,-17
9,28,-19
20,40,-20
24,20,4
23,13,10
19,15,4
13,24,-11
20,13,7
12,19,-7
29,14,15
19,10,9
23,13,10
22,7,15
6,13,-7
10,20,-10
25,17,8
24,16,8
24,24,0
22,17,5
17,22,-5
24,12,12
13,23,-10
25,37,-12
20,13,7
17,30,-13
17,15,2
31,17,14
31,33,-2
29,17,12
37,9,28
22,27,-5
3,6,-3
44,7,37
17,27,-10
19,30,-11
12,27,-15
27,3,24
37,41,-4
20,20,0
26,20,6
30,23,7
26,9,17
22,13,9
20,21,-1
13,37,-24
26,20,6
15,13,2
9,23,-14
22,34,-12
16,31,-15
23,9,14
35,14,21
10,24,-14
20,26,-6
15,29,-14
27,27,0
20,35,-15
26,10,16
17,16,1
22,23,-1
30,20,10
12,10,2
34,27,7
22,15,7
10,31,-21
33,34,-1
17,34,-17
23,10,13
34,16,18
17,38,-21
23,14,9
20,21,-1
23,24,-1
33,13,20
23,17,6
7,16,-9
39,30,9
19,6,13
13,23,-10
30,17,13
18,42,-24
13,20,-7
30,17,13
24,10,14
32,14,18
24,3,21
15,7,8
16,13,3
20,24,-4
31,44,-13
13,16,-3
16,20,-4
3,13,-10
14,31,-17
19,24,-5
26,24,2
29,28,1
9,33,-24
23,17,6
7,19,-12
19,19,0
16,12,4
3,18,-15
17,34,-17
15,13,2
19,10,9
38,21,17
6,23,-17
13,17,-4
23,21,2
20,33,-13
31,21,10
10,17,-7
35,34,1
20,35,-15
19,24,-5
26,34,-8
14,13,1
13,17,-4
21,28,-7
16,36,-20
31,30,1
30,21,9
20,21,-1
19,14,5
13,34,-21
23,21,2
34,20,14
13,23,-10
17,18,-1
20,27,-7
19,13,6
20,17,3
20,17,3
26,20,6
33,17,16
34,14,20
13,7,6
22,17,5
10,16,-6
25,3,22
37,0,37
15,12,3
17,16,1
28,10,18
14,14,0
20,20,0
28,24,4
37,3,34
20,23,-3
32,13,19
40,31,9
23,30,-7
9,27,-18
9,0,9
34,28,6
12,6,6
40,13,27
6,34,-28
26,28,-2
41,3,38
23,17,6
20,20,0
35,14,21
33,21,12
29,24,5
29,13,16
20,23,-3
20,23,-3
7,24,-17
27,35,-8
19,19,0
9,6,3
30,7,23
10,30,-20
27,30,-3
40,17,23
22,17,5
19,6,13
20,33,-13
25,17,8
37,24,13
13,38,-25
14,19,-5
20,16,4
36,27,9
33,23,10
9,17,-8
0,41,-41
3,16,-13
21,27,-6
6,20,-14
39,24,15
20,34,-14
43,10,33
13,16,-3
24,12,12
30,23,7
23,23,0
19,28,-9
13,32,-19
24,38,-14
33,17,16
20,33,-13
9,36,-27
21,27,-6
40,24,16
37,17,20
30,14,16
25,3,22
13,25,-12
13,23,-10
12,13,-1
9,19,-10
27,24,3
35,20,15
12,9,3
13,14,-1
23,14,9
29,20,9
16,13,3
16,48,-32
22,17,5
38,22,16
30,31,-1
23,10,13
33,40,-7
20,10,10
17,14,3
19,21,-2
37,13,24
14,25,-11
21,31,-10
16,7,9
33,30,3
34,27,7
17,34,-17
23,17,6
17,27,-10
23,28,-5
13,24,-11
22,35,-13
21,10,11
13,24,-11
19,33,-14
26,26,0
0,50,-50
37,24,13
23,0,23
31,17,14
17,26,-9
28,21,7
26,7,19
10,23,-13
30,13,17
23,31,-8
41,23,18
43,28,15
6,34,-28
16,26,-10
28,20,8
20,27,-7
22,27,-5
25,24,1
20,26,-6
3,29,-26
30,3,27
29,24,5
24,13,11
22,10,12
9,27,-18
18,37,-19
24,14,10
28,20,8
23,22,1
18,10,8
26,14,12
14,24,-10
13,20,-7
30,7,23
24,13,11
12,21,-9
44,13,31
20,24,-4
21,24,-3
19,14,5
27,13,14
34,30,4
27,22,5
32,24,8
23,17,6
13,17,-4
19,33,-14
34,24,10
19,19,0
20,7,13
27,23,4
20,27,-7
27,17,10
16,35,-19
19,10,9
15,19,-4
13,34,-21
37,28,9
12,9,3
20,23,-3
18,10,8
7,29,-22
25,18,7
3,32,-29
16,27,-11
21,24,-3
33,10,23
33,24,9
22,17,5
16,17,-1
21,0,21
23,13,10
32,3,29
15,17,-2
24,31,-7
16,10,6
15,13,2
10,31,-21
13,7,6
23,34,-11
23,22,1
31,17,14
23,13,10
13,19,-6
29,6,23
29,38,-9
26,23,3
16,17,-1
13,31,-18
20,14,6
20,20,0
19,9,10
24,24,0
30,24,6
15,23,-8
34,24,10
25,21,4
17,30,-13
10,14,-4
40,28,12
19,17,2
24,41,-17
7,17,-10
13,20,-7
7,7,0
26,14,12
23,9,14
19,35,-16
14,14,0
31,27,4
17,27,-10
23,12,11
25,7,18
23,12,11
3,17,-14
26,30,-4
7,29,-22
17,16,1
16,10,6
13,36,-23
26,10,16
19,29,-10
20,19,1
31,14,17
9,20,-11
23,27,-4
21,45,-24
29,27,2
29,19,10
30,37,-7
15,31,-16
30,15,15
22,24,-2
6,17,-11
21,19,2
25,17,8
12,24,-12
10,34,-24
14,23,-9
23,19,4
19,17,2
28,7,21
23,20,3
26,13,13
13,26,-13
13,27,-14
10,27,-17
16,24,-8
26,6,20
6,24,-18
19,13,6
26,20,6
36,31,5
14,0,14
19,41,-22
16,37,-21
6,15,-9
23,13,10
32,21,11
23,27,-4
25,34,-9
23,30,-7
39,31,8
33,20,13
25,30,-5
31,14,17
20,20,0
16,22,-6
36,17,19
15,17,-2
24,17,7
23,23,0
25,7,18
17,17,0
34,24,10
27,47,-20
33,13,20
24,19,5
6,26,-20
3,16,-13
13,17,-4
24,13,11
10,23,-13
16,33,-17
21,7,14
19,31,-12
19,37,-18
13,27,-14
16,20,-4
26,10,16
27,10,17
17,24,-7
21,13,8
9,34,-25
17,37,-20
33,35,-2
20,7,13
18,31,-13
30,14,16
16,21,-5
27,9,18
9,24,-15
31,34,-3
27,27,0
3,19,-16
14,36,-22
7,33,-26
17,20,-3
26,23,3
10,13,-3
15,7,8
15,26,-11
22,17,5
11,7,4
14,33,-19
20,26,-6
22,14,8
20,7,13
23,7,16
26,20,6
22,6,16
16,9,7
16,18,-2
20,33,-13
3,27,-24
7,20,-13
30,14,16
15,19,-4
13,20,-7
20,16,4
13,13,0
22,7,15
20,24,-4
17,17,0
19,24,-5
9,23,-14
16,21,-5
20,37,-17
6,21,-15
21,0,21
12,33,-21
27,30,-3
26,31,-5
26,16,10
20,16,4
3,23,-20
26,3,23
33,20,13
30,24,6
16,27,-11
33,0,33
27,31,-4
23,23,0
14,22,-8
27,29,-2
32,20,12
16,31,-15
26,24,2
15,14,1
30,17,13
19,13,6
19,30,-11
24,20,4
17,42,-25
20,7,13
27,17,10
19,17,2
24,38,-14
23,45,-22
25,20,5
21,9,12
32,7,25
10,16,-6
37,13,24
16,10,6
33,17,16
20,19,1
23,37,-14
17,30,-13
26,12,14
10,45,-35
10,28,-18
22,24,-2
29,7,22
23,19,4
30,7,23
27,21,6
23,30,-7
16,24,-8
13,24,-11
12,34,-22
14,24,-10
36,10,26
29,20,9
23,10,13
28,3,25
32,13,19
32,7,25
33,19,14
29,20,9
16,27,-11
24,17,7
13,40,-27
19,10,9
33,16,17
13,17,-4
45,24,21
16,31,-15
20,33,-13
26,20,6
33,10,23
16,24,-8
14,18,-4
13,34,-21
15,10,5
23,30,-7
12,14,-2
20,24,-4
10,10,0
31,17,14
16,7,9
7,12,-5
30,27,3
20,38,-18
26,27,-1
15,9,6
14,31,-17
32,17,15
10,23,-13
19,16,3
23,34,-11
6,30,-24
30,13,17
26,26,0
26,10,16
31,17,14
6,17,-11
23,21,2
30,20,10
23,7,16
40,10,30
17,9,8
7,15,-8
9,6,3
16,3,13
17,27,-10
13,25,-12
30,10,20
30,10,20
9,13,-4
6,17,-11
10,34,-24
9,26,-17
19,28,-9
40,20,20
23,28,-5
22,10,12
26,21,5
31,16,15
29,17,12
10,10,0
3,0,3
18,10,8
16,27,-11
13,23,-10
10,30,-20
23,15,8
36,24,12
7,27,-20
16,30,-14
19,17,2
33,24,9
10,23,-13
13,41,-28
17,27,-10
35,9,26
19,37,-18
26,17,9
31,27,4
32,13,19
15,24,-9
26,25,1
13,21,-8
15,17,-2
19,17,2
17,31,-14
10,21,-11
29,28,1
16,31,-15
16,21,-5
40,24,16
29,17,12
15,20,-5
44,27,17
20,17,3
31,28,3
16,26,-10
22,13,9
13,34,-21
12,17,-5
24,27,-3
20,14,6
12,15,-3
27,30,-3
12,3,9
6,23,-17
15,30,-15
33,9,24
22,6,16
31,24,7
12,21,-9
26,24,2
17,23,-6
20,21,-1
24,14,10
31,17,14
9,26,-17
21,6,15
9,27,-18
20,24,-4
24,28,-4
19,42,-23
30,17,13
15,17,-2
7,10,-3
14,36,-22
14,10,4
26,10,16
23,17,6
16,19,-3
30,20,10
16,24,-8
31,6,25
23,20,3
7,30,-23
16,28,-12
27,38,-11
23,14,9
20,26,-6
23,24,-1
34,3,31
10,38,-28
23,24,-1
45,19,26
18,27,-9
23,23,0
20,3,17
17,10,7
17,10,7
35,13,22
3,28,-25
20,19,1
23,14,9
33,14,19
13,12,1
33,7,26
36,15,21
23,24,-1
31,16,15
17,27,-10
13,9,4
16,30,-14
3,23,-20
12,24,-12
20,16,4
30,9,21
19,24,-5
14,33,-19
6,30,-24
29,23,6
14,16,-2
22,10,12
42,0,42
30,17,13
27,23,4
17,24,-7
27,34,-7
13,29,-16
29,36,-7
17,13,4
13,30,-17
15,9,6
17,38,-21
13,24,-11
31,21,10
24,30,-6
24,20,4
27,10,17
16,16,0
22,23,-1
6,30,-24
3,35,-32
12,16,-4
23,13,10
3,20,-17
17,21,-4
31,31,0
8,6,2
27,23,4
36,24,12
23,36,-13
8,27,-19
34,35,-1
22,21,1
9,34,-25
33,24,9
22,26,-4
20,31,-11
29,23,6
10,16,-6
12,7,5
33,38,-5
14,13,1
26,20,6
22,0,22
18,13,5
23,20,3
23,10,13
30,17,13
19,23,-4
16,24,-8
27,31,-4
39,24,15
26,17,9
20,13,7
26,24,2
26,7,19
44,14,30
11,7,4
10,33,-23
23,17,6
24,21,3
23,7,16
14,23,-9
30,27,3
32,13,19
29,31,-2
9,40,-31
16,29,-13
37,24,13
13,34,-21
30,31,-1
16,31,-15
13,16,-3
44,9,35
38,41,-3
33,20,13
17,27,-10
26,7,19
12,34,-22
16,20,-4
20,37,-17
20,3,17
21,26,-5
22,17,5
17,30,-13
19,22,-3
36,17,19
9,16,-7
18,13,5
16,27,-11
23,10,13
30,7,23
6,33,-27
20,13,7
23,31,-8
13,9,4
13,10,3
17,31,-14
39,14,25
29,14,15
7,34,-27
32,24,8
20,28,-8
6,43,-37
29,7,22
16,42,-26
24,31,-7
16,27,-11
30,21,9
18,7,11
19,27,-8
9,27,-18
28,24,4
12,12,0
9,44,-35
31,16,15
33,10,23
26,15,11
6,30,-24
9,17,-8
21,27,-6
14,25,-11
34,22,12
12,10,2
29,17,12
30,28,2
23,9,14
28,29,-1
14,41,-27
31,12,19
27,31,-4
30,7,23
6,31,-25
24,20,4
13,20,-7
33,20,13
16,6,10
16,6,10
26,27,-1
27,3,24
12,24,-12
3,30,-27
8,7,1
13,28,-15
30,16,14
24,16,8
17,44,-27
10,13,-3
36,28,8
10,36,-26
9,17,-8
20,17,3
23,20,3
16,10,6
23,17,6
30,31,-1
20,24,-4
24,20,4
16,3,13
19,28,-9
13,20,-7
24,17,7
15,13,2
16,10,6
34,31,3
23,34,-11
30,17,13
13,19,-6
19,27,-8
19,17,2
27,14,13
13,24,-11
9,26,-17
24,19,5
19,34,-15
24,16,8
14,23,-9
20,33,-13
23,13,10
10,27,-17
9,25,-16
13,19,-6
24,37,-13
28,31,-3
23,21,2
24,30,-6
2,17,-15
23,24,-1
27,41,-14
20,20,0
45,28,17
13,9,4
15,33,-18
24,34,-10
18,21,-3
31,24,7
36,6,30
20,23,-3
16,25,-9
29,17,12
36,24,12
24,24,0
31,24,7
23,11,12
25,29,-4
11,24,-13
20,23,-3
22,7,15
23,10,13
43,10,33
23,37,-14
39,14,25
19,23,-4
14,34,-20
29,33,-4
17,24,-7
30,13,17
10,41,-31
31,20,11
25,26,-1
26,31,-5
24,21,3
21,10,11
27,9,18
19,20,-1
16,38,-22
3,21,-18
16,7,9
19,13,6
13,20,-7
41,17,24
32,0,32
24,31,-7
12,29,-17
29,10,19
40,3,37
11,21,-10
37,38,-1
30,16,14
16,21,-5
17,13,4
13,39,-26
33,20,13
22,17,5
23,20,3
10,21,-11
23,23,0
20,24,-4
9,24,-15
13,27,-14
36,16,20
34,14,20
19,17,2
10,24,-14
24,9,15
17,29,-12
20,33,-13
14,32,-18
14,28,-14
26,14,12
30,34,-4
23,20,3
30,26,4
29,13,16
26,3,23
19,21,-2
17,34,-17
26,17,9
29,7,22
35,3,32
14,30,-16
31,14,17
23,26,-3
34,35,-1
35,13,22
16,29,-13
16,35,-19
17,31,-14
29,10,19
26,14,12
7,23,-16
16,28,-12
23,10,13
19,17,2
32,38,-6
26,3,23
10,9,1
22,24,-2
35,39,-4
17,24,-7
14,10,4
14,28,-14
12,23,-11
23,23,0
16,23,-7
24,34,-10
23,19,4
15,19,-4
10,13,-3
9,17,-8
22,14,8
29,10,19
27,13,14
13,16,-3
26,30,-4
16,43,-27
31,19,12
30,13,17
27,27,0
23,31,-8
23,13,10
19,24,-5
19,20,-1
28,21,7
16,31,-15
27,23,4
28,15,13
18,16,2
15,27,-12
11,6,5
26,24,2
16,38,-22
24,23,1
16,28,-12
25,13,12
12,16,-4
17,27,-10
13,20,-7
17,10,7
21,9,12
19,17,2
9,16,-7
16,16,0
30,0,30
15,28,-13
26,24,2
24,43,-19
23,16,7
13,13,0
19,24,-5
32,12,20
17,30,-13
9,12,-3
30,31,-1
10,38,-28
13,23,-10
19,23,-4
16,17,-1
26,33,-7
34,21,13
25,10,15
9,34,-25
24,48,-24
19,3,16
17,52,-35
23,30,-7
13,24,-11
24,38,-14
23,24,-1
27,17,10
41,14,27
23,21,2
23,10,13
13,10,3
40,17,23
22,23,-1
34,30,4
20,28,-8
19,17,2
38,17,21
14,44,-30
19,28,-9
9,24,-15
24,20,4
26,17,9
33,21,12
14,23,-9
33,13,20
20,19,1
19,28,-9
17,18,-1
19,34,-15
20,29,-9
17,24,-7
19,23,-4
17,19,-2
41,17,24
37,23,14
24,36,-12
24,12,12
17,21,-4
16,16,0
36,28,8
10,27,-17
22,14,8
27,27,0
28,13,15
10,17,-7
9,10,-1
36,20,16
31,43,-12
35,14,21
26,17,9
18,10,8
13,27,-14
30,17,13
31,14,17
32,3,29
26,21,5
27,14,13
16,6,10
7,16,-9
23,13,10
19,24,-5
16,26,-10
28,6,22
24,16,8
39,14,25
21,28,-7
34,23,11
19,13,6
47,21,26
33,21,12
23,7,16
20,23,-3
24,13,11
22,16,6
9,24,-15
29,14,15
10,23,-13
26,7,19
0,40,-40
24,29,-5
7,43,-36
33,13,20
33,55,-22
23,24,-1
14,27,-13
17,10,7
27,21,6
6,26,-20
13,20,-7
27,21,6
6,21,-15
12,31,-19
0,19,-19
7,20,-13
15,23,-8
30,13,17
3,19,-16
24,31,-7
24,30,-6
13,10,3
35,27,8
28,21,7
10,47,-37
45,28,17
10,12,-2
23,37,-14
13,15,-2
20,17,3
17,44,-27
10,14,-4
22,21,1
23,34,-11
19,10,9
19,10,9
27,13,14
20,20,0
30,12,18
27,27,0
14,9,5
17,18,-1
17,10,7
14,30,-16
33,7,26
17,31,-14
27,14,13
24,13,11
13,27,-14
20,24,-4
6,38,-32
24,34,-10
22,31,-9
26,27,-1
17,16,1
26,9,17
23,21,2
26,20,6
28,17,11
36,0,36
28,39,-11
13,12,1
17,27,-10
31,20,11
33,17,16
29,13,16
27,21,6
10,23,-13
29,16,13
31,14,17
37,31,6
23,21,2
28,17,11
16,38,-22
17,17,0
30,20,10
18,20,-2
26,3,23
19,24,-5
24,34,-10
26,9,17
28,13,15
12,23,-11
22,24,-2
32,14,18
10,30,-20
27,16,11
3,20,-17
6,26,-20
17,37,-20
28,15,13
26,14,12
29,20,9
37,50,-13
23,21,2
25,13,12
9,20,-11
30,9,21
16,23,-7
25,7,18
17,13,4
27,20,7
7,32,-25
25,7,18
30,0,30
44,31,13
29,24,5
13,27,-14
33,23,10
23,23,0
35,0,35
26,10,16
22,13,9
13,13,0
44,14,30
41,7,34
14,26,-12
40,21,19
34,19,15
10,37,-27
17,9,8
15,23,-8
37,27,10
27,23,4
27,23,4
13,27,-14
16,14,2
9,24,-15
13,46,-33
36,23,13
14,32,-18
7,27,-20
30,30,0
30,31,-1
22,13,9
20,14,6
33,20,13
19,9,10
32,0,32
23,26,-3
12,21,-9
10,22,-12
19,21,-2
25,27,-2
23,37,-14
29,3,26
13,19,-6
33,7,26
13,34,-21
23,28,-5
17,24,-7
3,23,-20
20,27,-7
22,21,1
13,30,-17
35,17,18
20,13,7
28,35,-7
14,20,-6
9,32,-23
9,20,-11
35,13,22
37,17,20
23,33,-10
3,26,-23
22,31,-9
16,27,-11
22,28,-6
23,27,-4
43,16,27
16,24,-8
20,24,-4
30,13,17
31,19,12
37,35,2
16,29,-13
10,24,-14
10,37,-27
37,9,28
20,3,17
36,23,13
17,16,1
23,16,7
17,14,3
8,32,-24
41,13,28
33,13,20
12,6,6
29,50,-21
30,23,7
32,28,4
28,14,14
27,24,3
27,20,7
30,13,17
23,20,3
16,27,-11
24,24,0
30,24,6
24,20,4
30,17,13
20,21,-1
24,30,-6
21,20,1
35,24,11
23,3,20
24,30,-6
0,36,-36
20,38,-18
14,27,-13
19,20,-1
27,13,14
14,23,-9
6,14,-8
15,13,2
25,0,25
21,43,-22
19,20,-1
39,10,29
20,31,-11
44,21,23
27,9,18
10,17,-7
27,43,-16
37,28,9
12,23,-11
23,24,-1
40,12,28
9,7,2
28,14,14
12,23,-11
12,21,-9
19,29,-10
35,28,7
30,33,-3
34,13,21
27,37,-10
9,13,-4
16,20,-4
16,14,2
34,20,14
6,15,-9
16,23,-7
20,34,-14
37,17,20
27,14,13
34,6,28
7,16,-9
16,10,6
13,10,3
30,27,3
16,20,-4
21,24,-3
13,27,-14
20,17,3
36,14,22
13,17,-4
43,13,30
23,19,4
37,17,20
30,10,20
36,7,29
19,17,2
36,38,-2
7,28,-21
30,17,13
12,37,-25
26,29,-3
23,13,10
17,37,-20
13,20,-7
31,24,7
9,28,-19
14,24,-10
17,41,-24
19,10,9
12,42,-30
40,27,13
13,20,-7
30,6,24
26,10,16
16,20,-4
13,19,-6
20,9,11
20,37,-17
30,31,-1
24,27,-3
12,45,-33
37,24,13
20,38,-18
23,17,6
16,17,-1
24,14,10
6,28,-22
17,27,-10
26,34,-8
37,20,17
10,7,3
27,22,5
29,17,12
27,15,12
16,34,-18
24,24,0
26,14,12
3,14,-11
20,24,-4
10,37,-27
28,31,-3
16,31,-15
26,10,16
28,6,22
6,21,-15
30,28,2
23,30,-7
27,24,3
27,20,7
14,20,-6
15,23,-8
22,20,2
36,7,29
16,29,-13
23,16,7
26,17,9
30,34,-4
27,17,10
17,30,-13
31,20,11
19,35,-16
33,10,23
13,7,6
20,30,-10
23,13,10
19,34,-15
16,31,-15
20,14,6
19,21,-2
16,18,-2
13,33,-20
33,28,5
16,20,-4
24,20,4
17,24,-7
24,17,7
30,13,17
23,13,10
26,17,9
21,35,-14
16,12,4
26,41,-15
13,20,-7
19,20,-1
23,30,-7
7,30,-23
10,27,-17
29,34,-5
27,6,21
26,23,3
29,16,13
19,17,2
26,31,-5
16,13,3
20,45,-25
20,0,20
50,10,40
22,27,-5
37,31,6
14,31,-17
10,30,-20
14,26,-12
24,19,5
25,32,-7
13,31,-18
16,17,-1
16,9,7
14,20,-6
7,13,-6
16,24,-8
16,22,-6
31,21,10
22,28,-6
13,27,-14
29,17,12
9,20,-11
24,13,11
15,10,5
10,20,-10
23,23,0
7,13,-6
12,26,-14
13,10,3
10,12,-2
25,27,-2
24,15,9
51,13,38
18,13,5
7,13,-6
16,24,-8
26,26,0
10,20,-10
13,37,-24
26,20,6
13,17,-4
53,17,36
17,34,-17
22,27,-5
19,33,-14
23,16,7
18,24,-6
36,14,22
24,3,21
10,20,-10
10,27,-17
20,24,-4
43,10,33
19,33,-14
27,21,6
26,22,4
19,23,-4
9,31,-22
13,27,-14
36,16,20
37,21,16
17,37,-20
31,20,11
32,7,25
7,25,-18
44,24,20
14,26,-12
16,14,2
26,7,19
10,30,-20
24,23,1
10,17,-7
9,34,-25
56,21,35
13,22,-9
6,22,-16
40,17,23
14,26,-12
31,20,11
30,17,13
23,14,9
27,21,6
20,28,-8
17,19,-2
37,24,13
3,36,-33
13,10,3
20,39,-19
36,23,13
29,7,22
17,18,-1
34,30,4
12,14,-2
17,41,-24
31,20,11
21,41,-20
43,14,29
23,27,-4
20,14,6
19,7,12
23,7,16
33,17,16
23,28,-5
20,20,0
20,34,-14
30,20,10
33,20,13
16,10,6
20,31,-11
22,14,8
22,7,15
31,17,14
25,10,15
17,27,-10
26,24,2
26,20,6
26,21,5
30,27,3
17,29,-12
17,38,-21
13,20,-7
24,27,-3
28,23,5
23,30,-7
17,37,-20
20,24,-4
16,9,7
18,27,-9
13,24,-11
22,19,3
27,7,20
29,37,-8
13,31,-18
22,20,2
15,27,-12
37,17,20
34,17,17
27,14,13
27,17,10
27,21,6
27,31,-4
37,13,24
23,17,6
16,13,3
10,29,-19
28,20,8
23,22,1
26,20,6
10,26,-16
16,9,7
17,28,-11
12,17,-5
36,24,12
17,32,-15
3,20,-17
27,17,10
19,21,-2
45,13,32
16,20,-4
17,42,-25
17,3,14
13,27,-14
38,30,8
20,17,3
27,23,4
16,20,-4
14,23,-9
22,16,6
10,17,-7
20,30,-10
17,20,-3
12,16,-4
17,41,-24
9,30,-21
20,9,11
16,20,-4
7,29,-22
15,17,-2
13,44,-31
20,3,17
0,34,-34
34,3,31
10,17,-7
30,29,1
10,34,-24
13,26,-13
7,24,-17
17,42,-25
41,21,20
19,21,-2
38,19,19
16,23,-7
17,33,-16
16,13,3
22,21,1
33,7,26
16,40,-24
33,14,19
23,28,-5
12,19,-7
35,13,22
22,24,-2
10,34,-24
10,22,-12
3,13,-10
3,24,-21
16,24,-8
23,7,16
29,14,15
6,24,-18
23,27,-4
19,14,5
19,24,-5
34,35,-1
27,37,-10
24,30,-6
20,34,-14
27,38,-11
27,39,-12
27,27,0
30,9,21
23,24,-1
23,20,3
13,41,-28
33,21,12
34,14,20
19,17,2
20,9,11
23,23,0
31,16,15
10,33,-23
27,16,11
26,21,5
7,29,-22
38,21,17
28,17,11
13,31,-18
13,30,-17
20,31,-11
37,14,23
23,12,11
29,20,9
26,35,-9
26,16,10
9,17,-8
39,7,32
34,17,17
23,41,-18
0,16,-16
25,34,-9
24,19,5
13,41,-28
16,10,6
29,6,23
7,43,-36
13,27,-14
29,6,23
40,24,16
25,29,-4
3,37,-34
14,34,-20
34,22,12
37,10,27
15,24,-9
20,10,10
26,35,-9
27,20,7
13,31,-18
22,38,-16
6,38,-32
16,10,6
31,37,-6
27,20,7
3,43,-40
10,33,-23
24,41,-17
33,14,19
29,13,16
24,30,-6
26,9,17
34,20,14
20,10,10
31,17,14
29,10,19
17,37,-20
17,16,1
9,10,-1
24,16,8
19,13,6
23,27,-4
6,36,-30
29,29,0
30,14,16
6,26,-20
12,7,5
20,20,0
26,38,-12
23,34,-11
40,6,34
27,10,17
13,37,-24
9,13,-4
31,23,8
33,20,13
7,33,-26
16,20,-4
14,39,-25
34,31,3
21,30,-9
14,17,-3
20,12,8
23,20,3
19,14,5
13,17,-4
22,26,-4
13,13,0
17,9,8
27,13,14
16,13,3
27,9,18
23,33,-10
29,24,5
19,21,-2
33,21,12
33,27,6
12,7,5
23,7,16
32,6,26
26,10,16
9,13,-4
16,24,-8
27,24,3
16,13,3
21,29,-8
26,27,-1
17,31,-14
20,20,0
26,7,19
20,29,-9
40,3,37
14,38,-24
20,29,-9
27,40,-13
28,17,11
12,9,3
21,14,7
23,24,-1
21,19,2
25,10,15
33,9,24
33,3,30
34,21,13
20,23,-3
27,24,3
22,17,5
36,9,27
46,17,29
26,13,13
28,10,18
52,13,39
17,26,-9
18,23,-5
23,16,7
12,6,6
10,38,-28
16,23,-7
7,37,-30
32,24,8
20,36,-16
24,0,24
15,17,-2
27,20,7
31,17,14
22,40,-18
24,13,11
22,14,8
22,17,5
19,9,10
27,20,7
26,34,-8
23,42,-19
27,27,0
21,20,1
10,25,-15
12,20,-8
27,20,7
27,36,-9
22,9,13
27,10,17
17,17,0
6,20,-14
9,16,-7
44,20,24
23,17,6
41,23,18
26,27,-1
13,29,-16
20,23,-3
3,35,-32
20,37,-17
14,10,4
13,31,-18
30,31,-1
31,10,21
22,17,5
18,7,11
27,31,-4
23,13,10
26,13,13
6,33,-27
29,14,15
35,38,-3
24,10,14
30,17,13
41,21,20
19,10,9
10,20,-10
26,13,13
19,23,-4
12,15,-3
17,44,-27
14,56,-42
20,27,-7
15,13,2
43,41,2
13,17,-4
12,20,-8
34,13,21
26,13,13
16,21,-5
33,14,19
20,28,-8
30,17,13
25,14,11
14,31,-17
25,20,5
26,20,6
10,14,-4
14,41,-27
10,30,-20
24,27,-3
31,7,24
23,26,-3
37,10,27
31,14,17
9,13,-4
28,7,21
20,13,7
15,17,-2
29,34,-5
13,31,-18
20,16,4
13,10,3
32,21,11
32,14,18
10,31,-21
44,27,17
18,23,-5
23,27,-4
37,0,37
19,10,9
24,17,7
35,0,35
15,24,-9
28,27,1
6,22,-16
16,13,3
33,17,16
27,30,-3
22,13,9
24,9,15
20,17,3
9,25,-16
24,30,-6
17,16,1
10,33,-23
22,20,2
22,20,2
23,21,2
7,19,-12
3,30,-27
26,16,10
22,20,2
20,13,7
33,28,5
16,35,-19
13,12,1
13,19,-6
27,34,-7
22,32,-10
9,21,-12
9,34,-25
20,25,-5
26,27,-1
24,6,18
23,34,-11
3,21,-18
23,17,6
14,20,-6
13,16,-3
20,24,-4
6,16,-10
31,28,3
26,23,3
15,33,-18
29,24,5
20,17,3
19,14,5
33,7,26
17,30,-13
15,17,-2
6,17,-11
19,20,-1
16,13,3
19,14,5
20,10,10
32,17,15
23,27,-4
26,12,14
19,17,2
29,17,12
24,26,-2
27,17,10
13,19,-6
14,20,-6
20,19,1
17,33,-16
23,43,-20
36,17,19
25,24,1
32,20,12
21,23,-2
23,26,-3
9,27,-18
30,0,30
31,23,8
27,35,-8
27,43,-16
36,26,10
12,29,-17
21,17,4
20,16,4
0,32,-32
23,17,6
28,10,18
19,17,2
9,30,-21
23,10,13
21,16,5
28,40,-12
24,35,-11
7,34,-27
28,17,11
13,24,-11
23,42,-19
9,19,-10
36,28,8
22,27,-5
16,17,-1
16,24,-8
20,26,-6
23,14,9
9,3,6
23,14,9
20,16,4
23,17,6
6,19,-13
33,20,13
29,20,9
13,16,-3
19,28,-9
17,30,-13
16,14,2
22,16,6
0,20,-20
23,20,3
18,13,5
33,10,23
13,16,-3
33,32,1
10,38,-28
16,27,-11
20,22,-2
36,15,21
31,32,-1
13,10,3
15,17,-2
3,23,-20
19,30,-11
20,16,4
27,17,10
22,21,1
9,13,-4
13,17,-4
14,28,-14
3,44,-41
13,31,-18
29,26,3
13,30,-17
25,20,5
22,25,-3
36,30,6
51,34,17
27,22,5
20,24,-4
30,31,-1
25,19,6
12,24,-12
16,35,-19
9,20,-11
27,16,11
3,13,-10
40,24,16
15,19,-4
14,15,-1
20,19,1
25,0,25
33,19,14
30,14,16
29,13,16
13,38,-25
23,10,13
23,21,2
17,26,-9
27,13,14
6,24,-18
28,3,25
12,19,-7
16,37,-21
26,10,16
13,45,-32
20,17,3
16,52,-36
25,34,-9
13,33,-20
19,13,6
27,17,10
10,24,-14
26,22,4
17,51,-34
13,41,-28
13,27,-14
25,7,18
23,16,7
29,10,19
3,23,-20
13,20,-7
36,17,19
29,17,12
33,16,17
33,40,-7
31,28,3
5,20,-15
44,34,10
34,10,24
26,35,-9
32,14,18
23,13,10
19,11,8
32,10,22
20,21,-1
13,24,-11
6,38,-32
13,27,-14
29,21,8
17,22,-5
14,33,-19
31,23,8
9,24,-15
24,16,8
20,17,3
7,45,-38
7,19,-12
23,38,-15
37,14,23
12,24,-12
20,38,-18
20,23,-3
17,24,-7
13,20,-7
9,37,-28
13,42,-29
20,27,-7
30,31,-1
9,13,-4
20,13,7
39,28,11
37,41,-4
26,26,0
12,23,-11
23,23,0
17,25,-8
13,12,1
17,13,4
6,20,-14
22,23,-1
17,18,-1
12,6,6
29,17,12
36,9,27
26,14,12
28,10,18
17,37,-20
15,20,-5
22,10,12
32,13,19
27,27,0
21,16,5
10,32,-22
24,13,11
44,28,16
17,20,-3
43,7,36
33,21,12
21,20,1
27,10,17
6,10,-4
26,6,20
25,11,14
34,37,-3
22,13,9
30,0,30
24,24,0
33,14,19
13,23,-10
20,21,-1
23,30,-7
12,16,-4
19,13,6
35,21,14
24,33,-9
19,27,-8
20,31,-11
26,29,-3
6,30,-24
15,30,-15
29,10,19
13,27,-14
23,24,-1
9,13,-4
32,31,1
24,23,1
19,18,1
25,24,1
38,20,18
20,37,-17
48,13,35
10,24,-14
0,12,-12
17,30,-13
26,31,-5
29,17,12
39,14,25
23,17,6
10,38,-28
9,13,-4
41,21,20
28,10,18
23,28,-5
20,16,4
28,9,19
20,30,-10
16,10,6
10,44,-34
12,12,0
30,20,10
16,7,9
9,29,-20
16,34,-18
20,3,17
10,27,-17
19,20,-1
17,20,-3
22,14,8
22,9,13
38,17,21
3,22,-19
27,16,11
22,14,8
24,24,0
20,30,-10
9,3,6
16,34,-18
13,17,-4
13,21,-8
5,22,-17
15,20,-5
40,13,27
27,23,4
40,30,10
19,29,-10
13,43,-30
13,6,7
3,36,-33
20,16,4
37,24,13
13,21,-8
10,27,-17
19,14,5
23,38,-15
22,16,6
27,10,17
23,6,17
20,23,-3
17,37,-20
10,23,-13
21,27,-6
38,16,22
35,20,15
22,21,1
24,24,0
14,24,-10
0,29,-29
14,15,-1
27,24,3
10,20,-10
27,23,4
26,34,-8
23,17,6
16,16,0
13,10,3
20,7,13
10,27,-17
27,17,10
17,31,-14
25,23,2
13,13,0
17,47,-30
16,17,-1
21,16,5
13,24,-11
9,7,2
6,7,-1
27,24,3
39,10,29
27,35,-8
19,36,-17
13,15,-2
26,13,13
13,20,-7
16,30,-14
17,31,-14
20,23,-3
32,20,12
34,24,10
32,24,8
19,17,2
20,30,-10
23,24,-1
43,21,22
29,6,23
31,14,17
29,14,15
30,20,10
26,20,6
7,41,-34
16,30,-14
13,6,7
36,10,26
20,34,-14
23,34,-11
38,3,35
29,17,12
19,23,-4
33,16,17
36,13,23
20,14,6
44,17,27
33,42,-9
23,10,13
16,20,-4
14,27,-13
20,7,13
33,7,26
9,16,-7
39,30,9
19,24,-5
10,33,-23
19,29,-10
29,21,8
22,10,12
20,21,-1
23,31,-8
22,24,-2
14,42,-28
33,16,17
14,20,-6
13,23,-10
37,13,24
33,17,16
16,27,-11
10,7,3
24,39,-15
17,39,-22
26,34,-8
26,30,-4
37,30,7
17,12,5
5,26,-21
39,13,26
17,20,-3
16,7,9
26,45,-19
6,26,-20
21,30,-9
28,10,18
30,21,9
20,20,0
21,45,-24
33,17,16
10,33,-23
26,30,-4
34,7,27
32,21,11
17,20,-3
23,26,-3
29,17,12
16,17,-1
0,31,-31
31,7,24
33,26,7
33,24,9
27,22,5
12,22,-10
23,13,10
20,15,5
27,30,-3
22,0,22
23,44,-21
38,14,24
13,25,-12
32,28,4
42,14,28
26,14,12
38,17,21
30,10,20
30,23,7
14,23,-9
17,37,-20
23,21,2
19,24,-5
14,28,-14
12,27,-15
27,34,-7
25,31,-6
17,12,5
10,30,-20
25,38,-13
20,27,-7
24,35,-11
25,16,9
17,19,-2
44,16,28
33,13,20
13,27,-14
16,6,10
30,37,-7
20,16,4
19,13,6
10,14,-4
14,24,-10
10,17,-7
32,6,26
19,34,-15
15,26,-11
24,30,-6
20,33,-13
33,14,19
33,42,-9
17,17,0
47,10,37
30,9,21
16,14,2
0,38,-38
25,3,22
13,20,-7
0,35,-35
14,15,-1
15,10,5
25,17,8
30,15,15
19,19,0
26,24,2
19,12,7
24,24,0
20,7,13
20,24,-4
21,20,1
13,16,-3
12,16,-4
21,41,-20
14,18,-4
16,37,-21
29,31,-2
6,10,-4
20,17,3
10,27,-17
9,16,-7
31,29,2
26,27,-1
9,34,-25
15,10,5
16,12,4
25,17,8
26,14,12
10,44,-34
30,13,17
10,16,-6
40,24,16
22,2,20
40,3,37
23,42,-19
13,26,-13
34,10,24
26,34,-8
6,41,-35
12,6,6
6,30,-24
28,26,2
23,10,13
19,10,9
14,22,-8
9,24,-15
13,27,-14
10,40,-30
10,30,-20
30,13,17
33,13,20
23,17,6
23,20,3
31,28,3
33,14,19
6,25,-19
45,27,18
16,19,-3
19,37,-18
27,31,-4
13,28,-15
17,21,-4
24,45,-21
24,23,1
33,19,14
27,22,5
7,29,-22
17,17,0
13,30,-17
20,30,-10
24,30,-6
21,14,7
36,20,16
23,24,-1
26,20,6
39,13,26
16,27,-11
43,31,12
6,24,-18
34,24,10
23,33,-10
39,7,32
17,29,-12
27,24,3
26,10,16
20,12,8
26,20,6
17,38,-21
27,17,10
26,34,-8
31,10,21
3,37,-34
27,24,3
33,13,20
26,7,19
29,17,12
41,16,25
23,26,-3
15,36,-21
9,10,-1
30,24,6
17,37,-20
26,19,7
17,29,-12
16,17,-1
27,6,21
20,33,-13
32,7,25
12,24,-12
20,23,-3
28,7,21
33,17,16
33,13,20
16,7,9
22,14,8
16,17,-1
30,14,16
10,29,-19
0,30,-30
30,20,10
16,21,-5
30,27,3
20,21,-1
33,7,26
19,33,-14
10,40,-30
16,27,-11
13,38,-25
30,27,3
25,17,8
24,21,3
10,6,4
22,23,-1
34,7,27
26,37,-11
30,27,3
37,17,20
26,13,13
17,16,1
30,24,6
13,30,-17
22,3,19
16,17,-1
12,25,-13
38,14,24
16,10,6
10,31,-21
21,41,-20
32,7,25
24,15,9
24,21,3
30,16,14
34,14,20
3,38,-35
24,27,-3
9,20,-11
26,16,10
37,9,28
28,30,-2
24,12,12
18,23,-5
10,40,-30
6,27,-21
24,25,-1
32,12,20
17,16,1
16,17,-1
13,7,6
9,26,-17
13,24,-11
10,12,-2
13,30,-17
36,28,8
13,27,-14
20,17,3
29,17,12
3,34,-31
23,13,10
34,23,11
6,10,-4
0,24,-24
28,21,7
25,3,22
30,26,4
21,21,0
20,16,4
30,7,23
16,12,4
29,7,22
29,26,3
33,21,12
7,26,-19
31,20,11
27,28,-1
16,13,3
26,20,6
30,20,10
16,3,13
29,16,13
30,30,0
13,22,-9
16,27,-11
6,38,-32
22,21,1
24,31,-7
17,13,4
15,16,-1
3,9,-6
29,10,19
26,21,5
17,25,-8
40,14,26
37,17,20
29,27,2
30,31,-1
35,14,21
23,3,20
20,22,-2
43,13,30
22,23,-1
39,21,18
26,28,-2
13,21,-8
17,42,-25
15,33,-18
28,10,18
16,10,6
9,23,-14
15,27,-12
17,0,17
12,28,-16
29,31,-2
24,23,1
6,17,-11
13,17,-4
24,41,-17
19,10,9
22,10,12
43,27,16
6,13,-7
26,17,9
14,20,-6
26,20,6
13,16,-3
37,18,19
20,20,0
10,34,-24
36,20,16
27,17,10
16,16,0
7,34,-27
23,7,16
20,12,8
10,23,-13
34,21,13
32,0,32
38,17,21
15,20,-5
22,22,0
20,23,-3
22,24,-2
20,35,-15
26,37,-11
16,16,0
27,24,3
25,6,19
21,10,11
12,38,-26
15,12,3
27,7,20
16,23,-7
31,14,17
16,30,-14
19,13,6
34,17,17
20,35,-15
31,31,0
14,34,-20
36,23,13
19,23,-4
25,10,15
38,23,15
17,34,-17
7,32,-25
20,30,-10
31,16,15
13,20,-7
17,37,-20
29,21,8
19,17,2
16,29,-13
33,49,-16
20,15,5
23,28,-5
24,31,-7
7,15,-8
9,30,-21
16,34,-18
13,34,-21
17,17,0
29,30,-1
10,35,-25
17,24,-7
10,20,-10
22,27,-5
29,34,-5
17,36,-19
23,10,13
0,22,-22
23,21,2
33,20,13
20,33,-13
33,10,23
33,21,12
16,17,-1
33,17,16
7,23,-16
10,23,-13
6,26,-20
20,13,7
19,10,9
10,29,-19
9,15,-6
15,20,-5
17,21,-4
21,23,-2
33,23,10
13,17,-4
6,10,-4
19,13,6
29,31,-2
20,6,14
15,13,2
17,28,-11
30,34,-4
16,6,10
6,12,-6
16,34,-18
7,17,-10
13,33,-20
7,19,-12
23,16,7
28,21,7
24,14,10
48,20,28
20,24,-4
27,38,-11
6,20,-14
14,29,-15
22,17,5
33,24,9
26,20,6
19,34,-15
25,36,-11
22,17,5
27,19,8
36,9,27
36,24,12
20,30,-10
27,0,27
20,20,0
17,12,5
3,21,-18
9,23,-14
23,20,3
15,22,-7
26,17,9
9,13,-4
31,17,14
29,10,19
36,24,12
3,30,-27
24,20,4
40,24,16
29,27,2
14,28,-14
23,20,3
20,19,1
29,17,12
19,20,-1
26,14,12
16,28,-12
44,14,30
20,23,-3
24,23,1
28,42,-14
23,43,-20
30,17,13
14,0,14
36,17,19
12,26,-14
10,26,-16
0,34,-34
20,16,4
16,27,-11
26,25,1
24,9,15
34,9,25
12,19,-7
6,23,-17
19,10,9
16,34,-18
23,31,-8
15,14,1
22,6,16
20,7,13
13,26,-13
13,23,-10
16,20,-4
34,31,3
26,24,2
20,29,-9
42,17,25
17,3,14
12,20,-8
29,12,17
20,30,-10
19,14,5
24,13,11
30,31,-1
23,14,9
3,30,-27
16,12,4
23,24,-1
21,13,8
10,23,-13
7,26,-19
16,3,13
6,23,-17
17,30,-13
26,16,10
20,17,3
32,12,20
30,17,13
19,20,-1
20,34,-14
13,19,-6
16,30,-14
24,20,4
13,26,-13
38,44,-6
10,38,-28
21,30,-9
22,20,2
24,20,4
16,34,-18
28,22,6
22,24,-2
26,17,9
24,10,14
10,31,-21
23,27,-4
27,34,-7
24,15,9
17,23,-6
23,28,-5
20,16,4
17,3,14
23,17,6
33,30,3
19,17,2
10,12,-2
19,17,2
7,35,-28
6,13,-7
23,19,4
13,16,-3
7,24,-17
33,24,9
27,21,6
19,7,12
7,38,-31
19,13,6
17,23,-6
43,21,22
33,17,16
17,38,-21
3,17,-14
29,24,5
29,17,12
18,27,-9
36,31,5
37,34,3
30,14,16
16,28,-12
23,34,-11
13,27,-14
26,23,3
7,29,-22
23,23,0
10,24,-14
38,14,24
10,26,-16
18,14,4
26,17,9
13,37,-24
13,24,-11
25,22,3
33,24,9
16,14,2
22,20,2
19,20,-1
7,29,-22
38,24,14
10,20,-10
13,21,-8
42,10,32
7,16,-9
19,0,19
16,44,-28
25,13,12
33,7,26
20,21,-1
22,13,9
17,21,-4
17,16,1
25,20,5
27,23,4
17,16,1
8,23,-15
25,19,6
22,14,8
22,36,-14
9,40,-31
10,27,-17
14,34,-20
30,28,2
24,27,-3
26,10,16
27,31,-4
29,7,22
23,14,9
27,14,13
30,24,6
7,3,4
25,28,-3
22,21,1
32,28,4
7,20,-13
26,27,-1
31,14,17
27,20,7
20,27,-7
27,33,-6
22,10,12
23,23,0
25,40,-15
20,10,10
9,17,-8
30,30,0
30,45,-15
19,29,-10
22,7,15
33,7,26
31,23,8
16,20,-4
15,20,-5
26,14,12
39,34,5
0,13,-13
19,31,-12
13,13,0
37,13,24
23,24,-1
16,17,-1
31,27,4
32,9,23
47,28,19
13,27,-14
15,14,1
20,16,4
29,17,12
28,20,8
29,24,5
26,13,13
29,27,2
10,24,-14
16,13,3
17,10,7
29,7,22
9,33,-24
23,27,-4
26,37,-11
14,22,-8
13,19,-6
20,6,14
20,23,-3
6,20,-14
12,16,-4
40,35,5
3,30,-27
14,30,-16
21,31,-10
29,10,19
29,16,13
32,17,15
23,37,-14
29,20,9
17,16,1
28,10,18
31,28,3
28,20,8
3,19,-16
21,20,1
14,30,-16
26,34,-8
16,29,-13
16,33,-17
31,40,-9
19,24,-5
16,7,9
18,17,1
22,10,12
40,9,31
27,13,14
26,14,12
32,22,10
17,28,-11
37,16,21
21,24,-3
22,17,5
16,17,-1
10,6,4
29,20,9
34,34,0
27,24,3
36,10,26
9,40,-31
9,31,-22
20,31,-11
13,42,-29
16,7,9
27,16,11
31,13,18
13,22,-9
24,16,8
23,9,14
30,20,10
20,38,-18
26,13,13
41,10,31
23,26,-3
25,9,16
19,38,-19
13,6,7
38,34,4
18,24,-6
15,24,-9
13,6,7
29,23,6
33,17,16
28,24,4
16,37,-21
14,23,-9
44,28,16
30,23,7
26,24,2
17,16,1
6,23,-17
9,30,-21
32,24,8
26,26,0
7,13,-6
20,20,0
21,26,-5
34,17,17
20,28,-8
31,24,7
20,37,-17
30,14,16
16,27,-11
10,20,-10
22,2,20
17,24,-7
33,7,26
6,20,-14
16,35,-19
25,3,22
16,10,6
30,10,20
22,6,16
24,13,11
23,30,-7
19,26,-7
19,20,-1
17,10,7
24,14,10
23,20,3
33,21,12
24,17,7
23,22,1
24,3,21
16,17,-1
13,17,-4
19,31,-12
19,21,-2
12,19,-7
29,24,5
12,10,2
17,29,-12
0,27,-27
39,10,29
27,27,0
30,26,4
25,20,5
23,13,10
7,16,-9
37,20,17
37,13,24
19,27,-8
26,14,12
7,30,-23
34,21,13
16,17,-1
16,16,0
22,23,-1
21,41,-20
19,30,-11
27,23,4
20,30,-10
47,7,40
20,13,7
31,30,1
20,24,-4
24,20,4
10,32,-22
23,20,3
28,10,18
20,31,-11
34,24,10
16,27,-11
20,41,-21
26,27,-1
13,20,-7
23,12,11
37,30,7
9,16,-7
19,10,9
46,26,20
10,21,-11
16,16,0
20,27,-7
20,17,3
30,35,-5
20,18,2
34,14,20
13,20,-7
16,21,-5
36,31,5
26,9,17
41,17,24
6,33,-27
27,30,-3
16,17,-1
10,23,-13
35,10,25
13,13,0
17,30,-13
24,17,7
20,33,-13
28,23,5
16,30,-14
26,17,9
13,33,-20
17,20,-3
30,10,20
14,37,-23
6,20,-14
6,27,-21
40,14,26
40,7,33
51,17,34
23,22,1
19,22,-3
22,27,-5
30,17,13
30,16,14
24,6,18
32,10,22
24,28,-4
23,15,8
26,23,3
41,24,17
17,27,-10
7,26,-19
26,21,5
17,53,-36
14,23,-9
23,24,-1
18,17,1
26,31,-5
13,14,-1
13,10,3
16,30,-14
33,24,9
27,37,-10
13,32,-19
7,41,-34
20,16,4
21,28,-7
24,27,-3
10,23,-13
12,21,-9
39,23,16
13,20,-7
37,27,10
12,10,2
20,27,-7
16,16,0
19,20,-1
12,27,-15
7,23,-16
16,23,-7
13,30,-17
29,21,8
10,13,-3
22,27,-5
19,20,-1
17,38,-21
10,20,-10
13,10,3
10,33,-23
20,38,-18
25,14,11
23,24,-1
10,10,0
10,13,-3
6,21,-15
33,27,6
26,31,-5
37,23,14
31,17,14
23,42,-19
27,20,7
6,20,-14
29,31,-2
30,14,16
28,28,0
24,15,9
20,21,-1
23,17,6
14,48,-34
20,34,-14
20,17,3
29,30,-1
10,28,-18
17,7,10
16,10,6
10,33,-23
10,27,-17
20,24,-4
18,23,-5
22,17,5
25,27,-2
38,36,2
27,40,-13
27,13,14
34,21,13
30,20,10
29,21,8
20,14,6
35,17,18
23,27,-4
30,13,17
24,9,15
21,14,7
16,39,-23
36,20,16
13,10,3
20,26,-6
17,30,-13
24,15,9
32,24,8
23,31,-8
30,13,17
13,19,-6
34,17,17
6,14,-8
31,24,7
26,10,16
24,37,-13
23,17,6
33,17,16
12,31,-19
12,41,-29
20,15,5
48,37,11
27,13,14
17,36,-19
9,20,-11
9,37,-28
9,17,-8
22,7,15
13,16,-3
34,17,17
20,27,-7
23,20,3
26,15,11
22,14,8
26,22,4
34,30,4
23,24,-1
20,14,6
29,6,23
18,17,1
21,20,1
27,17,10
27,14,13
30,28,2
30,20,10
27,27,0
16,24,-8
17,23,-6
35,27,8
31,10,21
22,0,22
20,21,-1
7,19,-12
24,3,21
10,33,-23
7,17,-10
9,48,-39
3,10,-7
13,13,0
25,41,-16
14,21,-7
26,26,0
19,30,-11
26,12,14
40,27,13
15,13,2
16,9,7
9,27,-18
45,17,28
16,13,3
0,30,-30
15,17,-2
30,13,17
27,30,-3
16,36,-20
29,10,19
14,13,1
34,24,10
7,33,-26
29,35,-6
13,17,-4
22,17,5
20,38,-18
20,27,-7
10,21,-11
19,17,2
48,24,24
23,38,-15
24,19,5
10,10,0
20,17,3
14,27,-13
21,16,5
29,24,5
23,41,-18
42,27,15
23,24,-1
19,14,5
10,30,-20
26,24,2
14,23,-9
29,17,12
33,26,7
24,16,8
16,20,-4
22,14,8
23,37,-14
34,10,24
13,34,-21
23,13,10
30,48,-18
16,31,-15
16,10,6
26,38,-12
13,20,-7
16,35,-19
31,21,10
26,17,9
23,9,14
34,16,18
29,20,9
20,17,3
16,30,-14
19,31,-12
38,24,14
26,29,-3
10,37,-27
37,24,13
9,6,3
19,14,5
29,30,-1
16,29,-13
16,26,-10
20,31,-11
26,7,19
35,7,28
3,15,-12
23,30,-7
15,10,5
30,45,-15
23,9,14
10,32,-22
21,7,14
13,16,-3
21,24,-3
6,23,-17
33,30,3
33,21,12
22,24,-2
30,13,17
20,24,-4
7,35,-28
10,22,-12
16,16,0
13,32,-19
24,33,-9
19,21,-2
20,15,5
26,24,2
30,13,17
37,14,23
31,27,4
23,27,-4
23,21,2
16,24,-8
20,16,4
25,24,1
34,34,0
38,36,2
23,23,0
30,21,9
23,30,-7
24,30,-6
27,6,21
26,31,-5
10,15,-5
44,10,34
31,21,10
19,23,-4
19,9,10
26,17,9
13,10,3
37,26,11
28,10,18
30,16,14
27,20,7
26,10,16
14,15,-1
21,36,-15
22,21,1
31,13,18
30,13,17
20,34,-14
28,30,-2
20,24,-4
17,32,-15
29,10,19
18,13,5
27,30,-3
16,38,-22
13,12,1
34,20,14
10,10,0
9,33,-24
16,19,-3
16,3,13
28,19,9
12,19,-7
30,26,4
13,9,4
26,13,13
0,31,-31
20,27,-7
40,17,23
18,40,-22
17,19,-2
17,19,-2
26,16,10
20,12,8
23,20,3
13,26,-13
31,27,4
22,13,9
27,31,-4
12,14,-2
13,17,-4
16,3,13
30,16,14
25,7,18
10,30,-20
32,27,5
40,21,19
29,10,19
20,27,-7
29,23,6
24,7,17
20,17,3
26,20,6
21,23,-2
20,21,-1
17,31,-14
23,17,6
16,23,-7
23,34,-11
17,37,-20
27,13,14
14,27,-13
31,20,11
23,27,-4
24,27,-3
23,34,-11
17,12,5
20,31,-11
24,34,-10
9,10,-1
6,20,-14
0,23,-23
20,27,-7
19,30,-11
17,7,10
3,20,-17
29,14,15
30,21,9
34,14,20
9,26,-17
23,31,-8
13,23,-10
13,26,-13
16,10,6
3,39,-36
26,20,6
12,20,-8
27,17,10
44,21,23
7,32,-25
47,13,34
21,30,-9
6,26,-20
10,31,-21
37,30,7
16,24,-8
7,6,1
27,13,14
33,17,16
13,27,-14
27,34,-7
