Score1,Score2,Reward
2,57,-55
13,43,-30
0,50,-50
10,26,-16
3,30,-27
13,24,-11
14,23,-9
17,28,-11
17,19,-2
7,40,-33
14,44,-30
7,60,-53
6,31,-25
21,28,-7
6,25,-19
20,33,-13
16,24,-8
7,24,-17
21,6,15
14,27,-13
15,31,-16
0,55,-55
14,53,-39
0,24,-24
7,37,-30
28,23,5
29,27,2
10,33,-23
21,31,-10
24,30,-6
14,49,-35
3,29,-26
14,34,-20
21,33,-12
14,36,-22
17,24,-7
0,43,-43
7,25,-18
0,20,-20
17,23,-6
14,44,-30
17,28,-11
14,10,4
27,30,-3
21,34,-13
7,17,-10
21,24,-3
14,16,-2
7,54,-47
16,17,-1
36,14,22
23,14,9
28,26,2
14,34,-20
7,33,-26
21,31,-10
21,15,6
35,16,19
41,31,10
10,27,-17
21,34,-13
7,23,-16
21,31,-10
7,33,-26
21,13,8
21,39,-18
13,21,-8
21,35,-14
17,36,-19
38,27,11
14,15,-1
30,36,-6
6,24,-18
14,19,-5
7,38,-31
21,34,-13
14,17,-3
6,19,-13
10,34,-24
0,28,-28
21,34,-13
29,23,6
21,14,7
21,23,-2
14,17,-3
28,31,-3
14,23,-9
20,20,0
21,19,2
14,35,-21
0,20,-20
7,23,-16
21,7,14
14,48,-34
28,10,18
14,40,-26
13,10,3
21,23,-2
7,17,-10
20,28,-8
21,0,21
14,23,-9
7,29,-22
14,36,-22
14,35,-21
31,17,14
7,29,-22
14,25,-11
7,12,-5
21,22,-1
35,7,28
9,26,-17
7,32,-25
7,26,-19
24,7,17
7,37,-30
21,31,-10
21,29,-8
14,44,-30
35,48,-13
7,26,-19
14,26,-12
14,16,-2
28,31,-3
21,33,-12
21,26,-5
21,36,-15
7,19,-12
7,29,-22
7,34,-27
28,17,11
9,24,-15
21,17,4
35,23,12
21,20,1
24,33,-9
28,17,11
19,6,13
14,26,-12
41,24,17
28,16,12
16,37,-21
7,17,-10
28,23,5
28,42,-14
19,48,-29
14,20,-6
28,38,-10
27,38,-11
14,36,-22
26,47,-21
7,41,-34
19,49,-30
14,17,-3
14,16,-2
21,20,1
24,43,-19
21,13,8
14,27,-13
14,18,-4
7,47,-40
3,43,-40
21,23,-2
21,38,-17
14,31,-17
27,26,1
21,13,8
7,47,-40
14,37,-23
27,38,-11
21,34,-13
21,34,-13
21,38,-17
14,20,-6
7,41,-34
0,30,-30
28,30,-2
21,13,8
21,36,-15
27,28,-1
14,17,-3
7,38,-31
21,27,-6
21,10,11
21,9,12
14,17,-3
14,33,-19
7,48,-41
13,16,-3
0,31,-31
35,17,18
35,17,18
21,31,-10
28,27,1
21,20,1
14,17,-3
7,36,-29
28,13,15
24,19,5
21,29,-8
14,24,-10
28,19,9
21,27,-6
7,19,-12
7,22,-15
28,24,4
21,17,4
0,33,-33
16,37,-21
35,15,20
13,34,-21
14,13,1
13,36,-23
21,22,-1
28,20,8
42,27,15
35,13,22
37,27,10
23,41,-18
31,38,-7
21,22,-1
20,28,-8
13,17,-4
14,29,-15
35,31,4
21,24,-3
27,30,-3
20,43,-23
16,27,-11
28,41,-13
28,45,-17
7,47,-40
14,29,-15
21,24,-3
14,20,-6
10,20,-10
14,28,-14
7,27,-20
13,20,-7
17,40,-23
21,48,-27
21,34,-13
17,45,-28
21,27,-6
31,26,5
21,41,-20
14,20,-6
13,23,-10
14,36,-22
21,27,-6
10,23,-13
13,39,-26
7,36,-29
21,35,-14
13,19,-6
7,13,-6
10,27,-17
21,28,-7
35,17,18
27,10,17
7,17,-10
14,20,-6
14,30,-16
21,44,-23
23,38,-15
21,37,-16
14,34,-20
21,23,-2
21,24,-3
14,26,-12
21,17,4
28,17,11
7,29,-22
21,21,0
21,3,18
21,31,-10
28,20,8
22,17,5
7,20,-13
42,21,21
14,27,-13
14,20,-6
28,14,14
13,33,-20
13,10,3
35,10,25
14,36,-22
21,35,-14
20,36,-16
7,34,-27
21,40,-19
14,27,-13
14,13,1
9,24,-15
14,37,-23
14,26,-12
7,50,-43
17,26,-9
35,31,4
0,30,-30
21,40,-19
34,24,10
14,32,-18
14,20,-6
14,26,-12
21,31,-10
16,41,-25
22,23,-1
14,34,-20
27,44,-17
21,27,-6
17,25,-8
14,34,-20
21,24,-3
0,26,-26
14,29,-15
7,25,-18
7,34,-27
28,17,11
13,47,-34
35,22,13
41,33,8
14,20,-6
7,44,-37
34,27,7
7,20,-13
7,18,-11
7,27,-20
14,31,-17
21,22,-1
20,36,-16
30,34,-4
38,7,31
14,30,-16
14,37,-23
34,32,2
28,42,-14
35,17,18
14,23,-9
14,29,-15
21,40,-19
35,23,12
21,17,4
21,40,-19
35,21,14
35,33,2
14,27,-13
21,19,2
14,29,-15
7,27,-20
35,21,14
14,26,-12
23,34,-11
14,24,-10
14,23,-9
14,19,-5
28,33,-5
21,33,-12
28,28,0
28,34,-6
14,47,-33
28,34,-6
14,24,-10
28,40,-12
21,10,11
28,7,21
14,27,-13
21,24,-3
3,27,-24
14,40,-26
20,33,-13
21,34,-13
14,6,8
17,40,-23
20,30,-10
7,48,-41
14,42,-28
7,3,4
35,27,8
21,23,-2
35,35,0
7,12,-5
21,20,1
7,44,-37
9,27,-18
21,24,-3
21,22,-1
24,37,-13
21,13,8
0,24,-24
0,44,-44
14,21,-7
14,26,-12
7,21,-14
7,28,-21
10,19,-9
2,43,-41
21,28,-7
23,31,-8
7,26,-19
7,37,-30
14,12,2
28,10,18
28,21,7
7,30,-23
7,20,-13
9,16,-7
20,18,2
7,41,-34
14,23,-9
28,24,4
17,44,-27
7,14,-7
21,30,-9
27,10,17
13,26,-13
24,41,-17
14,37,-23
14,38,-24
21,27,-6
21,13,8
27,37,-10
14,36,-22
7,25,-18
28,55,-27
21,33,-12
0,15,-15
14,26,-12
13,17,-4
21,23,-2
21,38,-17
14,35,-21
0,33,-33
0,43,-43
30,31,-1
0,39,-39
14,30,-16
21,31,-10
21,34,-13
14,34,-20
14,23,-9
28,16,12
21,37,-16
14,31,-17
20,10,10
35,17,18
0,41,-41
27,20,7
21,38,-17
7,17,-10
7,16,-9
21,26,-5
14,29,-15
19,9,10
28,37,-9
28,9,19
28,31,-3
14,25,-11
2,21,-19
14,24,-10
21,40,-19
20,47,-27
14,31,-17
14,3,11
26,23,3
7,26,-19
17,34,-17
7,33,-26
7,54,-47
21,12,9
14,37,-23
21,41,-20
27,20,7
28,19,9
15,23,-8
14,21,-7
21,17,4
16,10,6
13,45,-32
7,44,-37
21,48,-27
0,33,-33
34,31,3
14,42,-28
28,3,25
21,16,5
34,24,10
7,27,-20
14,10,4
14,30,-16
20,23,-3
27,30,-3
14,31,-17
21,13,8
49,38,11
35,26,9
14,40,-26
27,13,14
0,28,-28
28,34,-6
28,30,-2
14,23,-9
28,17,11
14,13,1
28,23,5
21,24,-3
14,26,-12
7,26,-19
21,24,-3
14,20,-6
20,41,-21
7,27,-20
28,13,15
14,24,-10
28,24,4
26,20,6
14,24,-10
35,31,4
45,22,23
14,24,-10
21,40,-19
14,16,-2
14,21,-7
7,20,-13
21,53,-32
21,21,0
7,27,-20
14,14,0
17,38,-21
16,48,-32
14,33,-19
14,34,-20
37,20,17
14,24,-10
7,43,-36
14,38,-24
7,27,-20
21,30,-9
7,20,-13
28,24,4
14,40,-26
16,20,-4
20,15,5
20,27,-7
7,30,-23
18,17,1
21,38,-17
28,23,5
21,20,1
23,33,-10
21,17,4
20,35,-15
10,23,-13
35,26,9
28,21,7
7,23,-16
7,27,-20
28,38,-10
21,35,-14
28,17,11
7,27,-20
11,30,-19
35,21,14
7,16,-9
0,40,-40
35,31,4
14,37,-23
28,23,5
30,21,9
13,24,-11
28,20,8
34,23,11
20,27,-7
21,36,-15
17,41,-24
28,14,14
14,23,-9
6,45,-39
14,19,-5
21,37,-16
21,15,6
16,33,-17
14,21,-7
20,41,-21
14,34,-20
41,30,11
28,22,6
49,21,28
14,24,-10
21,27,-6
28,30,-2
21,10,11
21,19,2
14,16,-2
7,30,-23
21,19,2
21,23,-2
17,31,-14
28,27,1
14,31,-17
17,22,-5
20,23,-3
14,37,-23
7,24,-17
6,26,-20
21,20,1
21,30,-9
14,29,-15
42,10,32
16,10,6
28,35,-7
28,23,5
21,32,-11
21,21,0
20,23,-3
21,20,1
16,30,-14
7,17,-10
28,3,25
14,33,-19
14,34,-20
7,15,-8
21,17,4
14,45,-31
14,34,-20
14,32,-18
14,31,-17
28,27,1
28,20,8
16,48,-32
14,37,-23
21,13,8
27,41,-14
35,6,29
20,13,7
14,23,-9
35,21,14
28,27,1
21,26,-5
28,27,1
27,16,11
20,40,-20
22,13,9
20,17,3
14,33,-19
28,24,4
7,22,-15
35,24,11
23,37,-14
35,41,-6
28,27,1
31,31,0
7,33,-26
28,37,-9
13,16,-3
24,24,0
31,20,11
7,41,-34
14,25,-11
0,41,-41
14,34,-20
7,20,-13
28,37,-9
17,32,-15
30,10,20
21,9,12
7,13,-6
7,16,-9
13,22,-9
21,35,-14
21,34,-13
21,19,2
28,20,8
21,31,-10
9,26,-17
12,17,-5
20,23,-3
7,34,-27
14,12,2
7,25,-18
21,37,-16
14,35,-21
20,23,-3
13,13,0
28,19,9
7,19,-12
35,23,12
13,35,-22
27,28,-1
42,24,18
14,47,-33
7,30,-23
14,23,-9
14,44,-30
9,42,-33
0,16,-16
35,34,1
17,41,-24
28,20,8
21,20,1
7,30,-23
35,24,11
21,13,8
21,30,-9
28,37,-9
14,30,-16
21,38,-17
7,23,-16
13,41,-28
30,40,-10
14,24,-10
7,44,-37
7,24,-17
14,24,-10
28,31,-3
28,36,-8
7,20,-13
7,9,-2
0,18,-18
20,33,-13
0,30,-30
0,46,-46
13,14,-1
31,36,-5
21,30,-9
45,30,15
35,24,11
24,30,-6
14,33,-19
28,24,4
17,37,-20
7,33,-26
7,39,-32
20,40,-20
10,17,-7
17,24,-7
31,21,10
21,13,8
7,23,-16
7,38,-31
14,49,-35
24,41,-17
27,47,-20
21,24,-3
21,34,-13
7,26,-19
24,23,1
24,15,9
7,23,-16
21,49,-28
19,26,-7
28,21,7
24,47,-23
3,20,-17
21,10,11
28,36,-8
21,23,-2
7,37,-30
14,26,-12
35,24,11
20,17,3
28,23,5
30,10,20
7,29,-22
21,27,-6
21,44,-23
21,27,-6
28,24,4
7,43,-36
28,37,-9
10,34,-24
14,17,-3
21,31,-10
20,27,-7
17,47,-30
0,44,-44
14,35,-21
27,31,-4
24,27,-3
23,16,7
7,33,-26
7,27,-20
21,23,-2
28,13,15
14,22,-8
33,14,19
12,33,-21
21,34,-13
16,33,-17
28,26,2
44,21,23
24,30,-6
21,23,-2
0,26,-26
35,10,25
28,21,7
14,23,-9
14,38,-24
0,41,-41
21,26,-5
30,37,-7
21,34,-13
10,43,-33
14,17,-3
21,13,8
33,28,5
7,34,-27
28,23,5
14,42,-28
34,17,17
21,21,0
14,23,-9
7,30,-23
28,44,-16
14,20,-6
21,31,-10
15,31,-16
28,20,8
21,30,-9
27,23,4
28,26,2
7,38,-31
21,14,7
28,40,-12
21,34,-13
21,30,-9
20,14,6
14,17,-3
21,21,0
21,41,-20
14,36,-22
7,27,-20
14,25,-11
21,28,-7
0,51,-51
21,20,1
7,15,-8
21,13,8
7,26,-19
14,40,-26
0,51,-51
28,24,4
7,24,-17
7,26,-19
23,33,-10
7,29,-22
41,23,18
21,36,-15
14,34,-20
0,26,-26
7,26,-19
13,34,-21
14,27,-13
20,42,-22
0,29,-29
14,26,-12
21,30,-9
28,10,18
27,14,13
14,24,-10
34,34,0
14,13,1
14,29,-15
13,30,-17
28,20,8
7,23,-16
28,34,-6
20,10,10
7,28,-21
7,31,-24
14,34,-20
13,16,-3
14,19,-5
41,38,3
17,20,-3
14,21,-7
28,20,8
2,33,-31
7,17,-10
7,47,-40
21,41,-20
14,33,-19
14,30,-16
35,31,4
14,25,-11
13,36,-23
21,30,-9
7,22,-15
14,37,-23
28,41,-13
27,26,1
7,30,-23
14,51,-37
14,29,-15
14,31,-17
7,25,-18
21,27,-6
7,40,-33
20,33,-13
21,34,-13
20,39,-19
21,26,-5
21,19,2
37,0,37
7,23,-16
21,27,-6
34,10,24
22,27,-5
22,34,-12
27,24,3
14,48,-34
7,24,-17
14,27,-13
7,34,-27
28,20,8
13,26,-13
21,38,-17
28,21,7
14,19,-5
31,34,-3
21,24,-3
30,17,13
28,44,-16
21,19,2
17,31,-14
20,35,-15
21,31,-10
21,38,-17
14,30,-16
0,29,-29
10,41,-31
14,44,-30
21,13,8
14,23,-9
7,46,-39
35,37,-2
14,40,-26
28,24,4
13,41,-28
20,19,1
21,49,-28
27,24,3
35,10,25
17,13,4
13,24,-11
21,20,1
7,45,-38
28,45,-17
37,34,3
21,13,8
10,28,-18
21,41,-20
28,38,-10
7,38,-31
27,30,-3
14,31,-17
14,37,-23
14,41,-27
14,22,-8
16,16,0
20,16,4
35,21,14
9,48,-39
28,10,18
14,26,-12
28,30,-2
14,16,-2
14,57,-43
28,31,-3
21,49,-28
14,13,1
28,27,1
14,40,-26
16,24,-8
7,29,-22
0,20,-20
14,49,-35
2,22,-20
20,27,-7
14,16,-2
14,35,-21
14,34,-20
24,37,-13
21,44,-23
13,23,-10
7,28,-21
21,34,-13
21,26,-5
24,17,7
28,13,15
14,32,-18
7,41,-34
14,52,-38
14,10,4
35,20,15
28,24,4
6,31,-25
21,31,-10
21,27,-6
7,36,-29
23,35,-12
14,40,-26
21,31,-10
10,19,-9
36,23,13
16,37,-21
24,33,-9
21,13,8
13,44,-31
14,23,-9
14,23,-9
45,24,21
13,26,-13
0,41,-41
21,27,-6
21,31,-10
14,30,-16
14,28,-14
7,42,-35
14,30,-16
14,16,-2
7,37,-30
17,22,-5
14,13,1
28,33,-5
21,17,4
2,32,-30
13,24,-11
14,41,-27
16,27,-11
21,31,-10
7,17,-10
7,41,-34
16,31,-15
7,25,-18
14,33,-19
7,24,-17
14,17,-3
21,20,1
7,32,-25
35,17,18
14,39,-25
21,27,-6
41,34,7
26,31,-5
21,30,-9
34,16,18
14,38,-24
14,19,-5
21,14,7
0,24,-24
13,45,-32
14,55,-41
28,28,0
14,10,4
14,26,-12
0,33,-33
0,25,-25
24,24,0
14,36,-22
21,27,-6
28,29,-1
7,14,-7
14,10,4
21,27,-6
7,30,-23
14,29,-15
7,37,-30
28,34,-6
7,25,-18
14,30,-16
35,34,1
21,34,-13
28,23,5
14,13,1
28,45,-17
21,35,-14
27,21,6
28,21,7
14,20,-6
14,26,-12
0,24,-24
42,21,21
27,24,3
17,19,-2
27,21,6
28,24,4
20,27,-7
6,20,-14
35,13,22
28,13,15
14,45,-31
27,27,0
14,16,-2
2,42,-40
28,3,25
14,37,-23
21,24,-3
14,28,-14
21,23,-2
21,24,-3
28,10,18
24,37,-13
14,45,-31
21,28,-7
28,31,-3
28,16,12
17,31,-14
27,10,17
24,3,21
30,35,-5
3,36,-33
34,31,3
7,23,-16
3,33,-30
34,27,7
14,20,-6
31,27,4
24,34,-10
28,33,-5
30,23,7
21,14,7
10,40,-30
16,33,-17
30,7,23
3,48,-45
10,43,-33
3,38,-35
24,62,-38
13,34,-21
10,53,-43
13,30,-17
17,22,-5
21,27,-6
21,26,-5
7,27,-20
21,9,12
21,23,-2
14,31,-17
26,30,-4
7,37,-30
17,24,-7
21,23,-2
20,30,-10
28,33,-5
24,46,-22
14,25,-11
21,27,-6
7,48,-41
17,34,-17
10,17,-7
21,24,-3
20,49,-29
14,26,-12
21,26,-5
14,44,-30
14,30,-16
21,13,8
21,24,-3
17,26,-9
14,22,-8
17,17,0
7,29,-22
21,30,-9
34,31,3
24,36,-12
21,13,8
34,23,11
27,16,11
27,30,-3
27,34,-7
10,34,-24
7,44,-37
17,27,-10
7,38,-31
0,33,-33
7,16,-9
23,35,-12
7,20,-13
21,30,-9
14,29,-15
7,33,-26
28,27,1
14,34,-20
14,41,-27
14,27,-13
14,29,-15
7,12,-5
23,41,-18
21,20,1
14,23,-9
14,13,1
0,37,-37
14,51,-37
20,10,10
21,45,-24
7,13,-6
7,20,-13
21,43,-22
7,37,-30
14,23,-9
14,24,-10
21,6,15
7,43,-36
24,35,-11
27,30,-3
14,44,-30
21,27,-6
21,26,-5
0,16,-16
34,7,27
28,31,-3
13,27,-14
7,20,-13
35,38,-3
21,30,-9
21,13,8
28,27,1
37,24,13
14,27,-13
24,54,-30
14,23,-9
0,27,-27
7,43,-36
28,50,-22
14,25,-11
28,27,1
14,20,-6
34,44,-10
21,10,11
14,33,-19
34,31,3
21,30,-9
48,24,24
27,24,3
21,38,-17
7,41,-34
14,19,-5
14,24,-10
7,30,-23
49,21,28
14,20,-6
14,24,-10
7,33,-26
17,13,4
21,23,-2
28,12,16
14,27,-13
14,26,-12
17,20,-3
24,17,7
31,45,-14
13,34,-21
7,37,-30
21,27,-6
7,33,-26
7,20,-13
28,27,1
14,26,-12
0,27,-27
16,40,-24
7,23,-16
14,19,-5
35,14,21
42,17,25
14,20,-6
7,17,-10
14,30,-16
35,33,2
7,18,-11
21,23,-2
28,28,0
28,13,15
20,41,-21
21,10,11
14,20,-6
7,24,-17
28,14,14
30,20,10
31,35,-4
21,42,-21
14,27,-13
20,23,-3
28,35,-7
0,10,-10
21,28,-7
13,33,-20
21,24,-3
24,41,-17
21,17,4
14,27,-13
35,17,18
21,13,8
23,22,1
21,14,7
14,17,-3
28,21,7
14,37,-23
14,33,-19
7,14,-7
6,47,-41
14,30,-16
14,16,-2
28,17,11
24,51,-27
14,33,-19
13,17,-4
21,34,-13
14,7,7
0,30,-30
0,13,-13
13,30,-17
14,19,-5
21,20,1
16,22,-6
17,30,-13
34,24,10
28,33,-5
17,34,-17
7,20,-13
0,24,-24
7,27,-20
20,24,-4
17,13,4
14,41,-27
24,20,4
13,24,-11
28,23,5
21,23,-2
14,45,-31
10,34,-24
14,41,-27
24,33,-9
21,23,-2
35,28,7
7,25,-18
42,28,14
7,51,-44
7,17,-10
24,3,21
14,29,-15
21,26,-5
21,28,-7
20,17,3
28,24,4
21,7,14
0,34,-34
28,3,25
21,13,8
28,7,21
14,40,-26
28,21,7
7,20,-13
28,10,18
30,28,2
28,28,0
34,14,20
14,19,-5
6,20,-14
20,28,-8
14,31,-17
2,41,-39
35,20,15
21,17,4
13,26,-13
21,34,-13
21,29,-8
7,58,-51
21,31,-10
14,38,-24
7,32,-25
28,17,11
21,26,-5
37,27,10
35,13,22
21,30,-9
14,41,-27
15,35,-20
20,31,-11
7,16,-9
35,40,-5
21,21,0
21,9,12
7,23,-16
14,43,-29
7,36,-29
23,14,9
35,24,11
21,27,-6
7,6,1
7,34,-27
24,31,-7
14,33,-19
23,27,-4
28,10,18
21,23,-2
17,23,-6
28,38,-10
0,43,-43
26,42,-16
16,14,2
20,16,4
14,27,-13
28,24,4
27,31,-4
42,10,32
7,40,-33
20,23,-3
30,17,13
21,13,8
22,14,8
14,16,-2
14,27,-13
28,44,-16
28,41,-13
28,16,12
20,34,-14
35,41,-6
28,29,-1
14,35,-21
7,37,-30
34,17,17
21,33,-12
7,24,-17
14,44,-30
14,27,-13
17,45,-28
6,16,-10
21,24,-3
14,17,-3
17,31,-14
16,27,-11
14,50,-36
33,31,2
18,35,-17
41,24,17
16,14,2
21,32,-11
34,24,10
7,26,-19
7,23,-16
14,26,-12
7,14,-7
21,32,-11
21,31,-10
14,44,-30
7,30,-23
14,6,8
28,15,13
17,31,-14
14,24,-10
35,16,19
14,31,-17
21,17,4
21,43,-22
21,22,-1
0,50,-50
14,44,-30
7,39,-32
5,23,-18
28,16,12
13,34,-21
7,34,-27
28,30,-2
26,27,-1
21,30,-9
0,53,-53
14,30,-16
20,27,-7
28,23,5
7,23,-16
28,24,4
45,13,32
14,30,-16
14,26,-12
28,17,11
21,41,-20
14,24,-10
23,18,5
35,31,4
6,25,-19
21,14,7
14,31,-17
7,31,-24
16,19,-3
14,20,-6
21,27,-6
35,17,18
21,24,-3
6,26,-20
28,20,8
20,31,-11
7,26,-19
7,33,-26
28,10,18
27,12,15
21,33,-12
35,28,7
23,14,9
28,20,8
21,12,9
42,34,8
35,30,5
21,32,-11
28,21,7
14,34,-20
28,28,0
14,47,-33
28,38,-10
28,6,22
7,44,-37
26,29,-3
27,35,-8
21,30,-9
31,45,-14
21,37,-16
21,24,-3
7,31,-24
14,34,-20
20,41,-21
7,35,-28
7,23,-16
28,34,-6
21,20,1
21,27,-6
14,50,-36
20,19,1
13,16,-3
17,42,-25
38,24,14
28,12,16
7,41,-34
7,23,-16
20,24,-4
7,34,-27
14,41,-27
7,30,-23
27,23,4
14,44,-30
21,23,-2
14,48,-34
23,36,-13
0,55,-55
33,17,16
14,3,11
14,23,-9
0,31,-31
7,19,-12
14,17,-3
0,29,-29
20,37,-17
21,10,11
22,20,2
14,23,-9
14,26,-12
20,30,-10
7,30,-23
13,14,-1
21,33,-12
7,16,-9
14,41,-27
7,23,-16
13,24,-11
7,21,-14
0,20,-20
7,33,-26
14,35,-21
35,23,12
28,45,-17
14,41,-27
14,17,-3
7,17,-10
14,9,5
42,21,21
21,13,8
7,26,-19
28,17,11
14,27,-13
21,29,-8
22,23,-1
21,34,-13
14,37,-23
27,20,7
28,13,15
21,29,-8
28,31,-3
7,24,-17
14,13,1
7,23,-16
23,8,15
27,20,7
14,13,1
14,24,-10
34,35,-1
28,21,7
14,18,-4
28,17,11
21,26,-5
14,20,-6
28,41,-13
7,13,-6
14,8,6
21,6,15
7,30,-23
24,20,4
28,30,-2
14,44,-30
14,31,-17
14,33,-19
14,22,-8
0,27,-27
35,45,-10
28,23,5
14,44,-30
21,31,-10
7,22,-15
0,27,-27
7,21,-14
28,20,8
14,41,-27
27,19,8
21,51,-30
21,42,-21
21,32,-11
28,16,12
0,26,-26
27,40,-13
14,35,-21
19,6,13
28,13,15
28,37,-9
21,17,4
26,30,-4
14,30,-16
14,12,2
14,45,-31
34,49,-15
21,17,4
7,61,-54
21,34,-13
7,39,-32
0,20,-20
9,26,-17
7,20,-13
14,27,-13
21,16,5
21,24,-3
14,21,-7
21,17,4
21,27,-6
27,16,11
14,28,-14
24,10,14
28,13,15
7,37,-30
24,7,17
14,27,-13
7,23,-16
21,42,-21
7,33,-26
14,31,-17
28,24,4
21,9,12
17,14,3
28,28,0
14,42,-28
28,24,4
20,40,-20
21,24,-3
28,31,-3
10,16,-6
0,10,-10
7,23,-16
30,13,17
28,13,15
0,24,-24
35,21,14
16,13,3
7,25,-18
7,30,-23
7,13,-6
6,17,-11
0,46,-46
21,34,-13
28,34,-6
0,24,-24
7,30,-23
21,47,-26
14,44,-30
6,27,-21
14,26,-12
28,43,-15
21,31,-10
28,34,-6
14,41,-27
10,37,-27
14,34,-20
14,29,-15
7,42,-35
21,24,-3
14,31,-17
21,34,-13
21,18,3
21,23,-2
14,44,-30
20,7,13
14,37,-23
14,45,-31
31,24,7
7,22,-15
14,23,-9
14,25,-11
27,17,10
28,27,1
30,27,3
7,23,-16
29,17,12
7,20,-13
14,24,-10
28,38,-10
7,16,-9
14,35,-21
13,27,-14
28,23,5
13,28,-15
14,16,-2
27,14,13
21,23,-2
23,38,-15
28,35,-7
28,45,-17
21,40,-19
42,30,12
21,30,-9
14,36,-22
13,31,-18
0,28,-28
14,26,-12
14,31,-17
35,23,12
7,37,-30
21,23,-2
42,38,4
21,16,5
0,19,-19
10,41,-31
7,37,-30
7,19,-12
27,34,-7
14,48,-34
20,31,-11
19,25,-6
42,17,25
6,27,-21
0,23,-23
7,34,-27
28,24,4
14,19,-5
21,34,-13
21,27,-6
28,20,8
7,13,-6
28,13,15
28,28,0
21,22,-1
20,14,6
14,20,-6
14,29,-15
24,21,3
16,40,-24
28,24,4
28,27,1
7,28,-21
0,9,-9
21,16,5
27,27,0
17,37,-20
7,30,-23
7,17,-10
14,16,-2
10,27,-17
28,23,5
27,20,7
35,27,8
14,16,-2
7,19,-12
14,34,-20
21,23,-2
21,41,-20
14,37,-23
21,38,-17
14,24,-10
10,19,-9
14,19,-5
7,20,-13
14,17,-3
28,13,15
21,30,-9
21,40,-19
7,40,-33
7,30,-23
14,23,-9
7,41,-34
9,10,-1
14,27,-13
21,38,-17
7,27,-20
14,17,-3
7,17,-10
21,20,1
7,45,-38
34,28,6
22,15,7
31,34,-3
7,30,-23
7,25,-18
14,39,-25
14,20,-6
21,38,-17
35,27,8
21,26,-5
31,16,15
7,17,-10
28,32,-4
21,30,-9
28,34,-6
14,16,-2
7,38,-31
14,19,-5
14,30,-16
7,33,-26
7,31,-24
28,34,-6
24,20,4
7,41,-34
0,30,-30
7,21,-14
14,33,-19
21,10,11
21,24,-3
35,20,15
28,31,-3
20,47,-27
21,23,-2
21,20,1
17,26,-9
7,34,-27
10,24,-14
35,24,11
14,20,-6
41,29,12
14,22,-8
16,33,-17
28,28,0
42,31,11
7,27,-20
17,13,4
21,45,-24
21,28,-7
49,18,31
7,27,-20
7,37,-30
28,16,12
14,30,-16
27,31,-4
28,24,4
14,26,-12
35,29,6
14,37,-23
16,30,-14
28,21,7
14,35,-21
28,34,-6
21,31,-10
14,30,-16
14,23,-9
7,29,-22
14,29,-15
0,40,-40
7,38,-31
28,27,1
14,27,-13
7,36,-29
9,12,-3
24,40,-16
14,23,-9
7,30,-23
14,26,-12
28,29,-1
27,30,-3
23,23,0
24,19,5
14,16,-2
14,40,-26
24,38,-14
28,19,9
28,16,12
21,41,-20
14,27,-13
14,25,-11
21,31,-10
35,19,16
14,40,-26
22,35,-13
21,35,-14
0,20,-20
14,41,-27
28,27,1
28,17,11
6,40,-34
21,34,-13
6,41,-35
35,35,0
14,28,-14
20,40,-20
14,27,-13
14,17,-3
28,21,7
28,16,12
21,22,-1
14,24,-10
7,12,-5
17,20,-3
21,30,-9
7,46,-39
0,45,-45
14,30,-16
21,49,-28
7,37,-30
14,35,-21
21,14,7
7,20,-13
0,22,-22
35,26,9
23,31,-8
28,38,-10
7,22,-15
7,33,-26
28,17,11
21,16,5
35,34,1
21,21,0
7,12,-5
21,31,-10
14,30,-16
7,45,-38
7,26,-19
28,34,-6
14,20,-6
28,16,12
21,23,-2
7,19,-12
7,15,-8
14,44,-30
14,7,7
7,23,-16
14,6,8
21,35,-14
21,30,-9
14,45,-31
14,17,-3
28,13,15
21,30,-9
21,20,1
35,20,15
14,23,-9
20,29,-9
41,21,20
14,21,-7
14,30,-16
21,10,11
20,30,-10
14,45,-31
21,19,2
14,20,-6
7,31,-24
23,21,2
28,20,8
7,36,-29
21,13,8
21,36,-15
14,20,-6
0,6,-6
24,21,3
14,14,0
27,38,-11
14,24,-10
21,36,-15
14,27,-13
28,34,-6
14,15,-1
21,33,-12
14,36,-22
21,16,5
28,39,-11
14,27,-13
7,33,-26
20,21,-1
14,20,-6
14,24,-10
35,31,4
7,28,-21
20,20,0
7,26,-19
28,21,7
35,34,1
7,29,-22
35,36,-1
14,30,-16
19,33,-14
28,14,14
0,13,-13
9,16,-7
21,21,0
35,23,12
14,34,-20
14,28,-14
20,21,-1
28,33,-5
28,34,-6
21,51,-30
21,19,2
27,14,13
7,23,-16
7,50,-43
20,26,-6
21,27,-6
23,34,-11
14,41,-27
20,23,-3
0,31,-31
21,16,5
14,12,2
28,16,12
10,21,-11
7,34,-27
7,33,-26
35,38,-3
35,16,19
27,39,-12
14,17,-3
20,10,10
10,19,-9
7,30,-23
28,22,6
28,12,16
14,22,-8
14,30,-16
22,20,2
0,25,-25
7,19,-12
21,20,1
14,12,2
7,51,-44
21,26,-5
14,13,1
14,31,-17
21,34,-13
7,44,-37
7,18,-11
14,20,-6
13,27,-14
7,32,-25
28,16,12
51,38,13
7,28,-21
34,54,-20
28,34,-6
27,21,6
21,16,5
17,23,-6
17,40,-23
14,45,-31
17,29,-12
38,20,18
21,17,4
13,33,-20
12,14,-2
28,35,-7
7,23,-16
20,27,-7
7,48,-41
28,10,18
7,40,-33
7,27,-20
7,13,-6
14,26,-12
14,20,-6
7,6,1
28,38,-10
28,10,18
13,33,-20
21,26,-5
21,33,-12
21,24,-3
28,20,8
21,34,-13
14,13,1
16,23,-7
41,21,20
21,19,2
7,40,-33
35,31,4
0,36,-36
34,16,18
7,30,-23
21,20,1
7,29,-22
28,24,4
28,17,11
17,24,-7
21,14,7
10,10,0
17,17,0
7,21,-14
14,28,-14
7,36,-29
0,23,-23
20,29,-9
17,27,-10
9,39,-30
28,21,7
14,20,-6
21,14,7
21,31,-10
7,35,-28
20,27,-7
14,30,-16
21,10,11
35,21,14
10,34,-24
20,34,-14
28,27,1
7,38,-31
14,47,-33
10,27,-17
20,34,-14
14,23,-9
14,17,-3
7,37,-30
20,24,-4
14,31,-17
21,20,1
29,16,13
21,34,-13
28,34,-6
35,34,1
21,27,-6
7,27,-20
14,23,-9
35,24,11
14,37,-23
7,30,-23
28,23,5
28,38,-10
14,20,-6
10,41,-31
14,28,-14
21,30,-9
35,38,-3
7,26,-19
13,26,-13
28,17,11
7,51,-44
20,10,10
27,30,-3
21,16,5
30,17,13
17,30,-13
21,20,1
14,36,-22
9,23,-14
21,41,-20
28,34,-6
14,22,-8
7,28,-21
13,30,-17
21,31,-10
24,37,-13
0,32,-32
28,32,-4
14,33,-19
7,29,-22
37,38,-1
21,40,-19
27,35,-8
17,17,0
28,23,5
10,22,-12
7,35,-28
10,40,-30
21,34,-13
13,24,-11
14,27,-13
37,34,3
7,31,-24
20,29,-9
28,15,13
7,43,-36
21,14,7
21,17,4
14,48,-34
28,32,-4
28,24,4
21,27,-6
28,24,4
7,31,-24
21,44,-23
14,40,-26
7,29,-22
28,28,0
21,19,2
21,30,-9
7,37,-30
7,20,-13
21,19,2
14,36,-22
28,13,15
28,9,19
14,21,-7
21,20,1
7,40,-33
21,37,-16
7,26,-19
10,24,-14
22,19,3
14,24,-10
30,24,6
7,31,-24
14,27,-13
23,20,3
24,36,-12
14,17,-3
21,41,-20
14,20,-6
20,17,3
27,20,7
28,34,-6
7,43,-36
14,34,-20
14,37,-23
21,23,-2
7,24,-17
28,13,15
7,29,-22
17,48,-31
7,22,-15
28,16,12
21,40,-19
21,41,-20
20,13,7
14,17,-3
14,33,-19
28,34,-6
21,26,-5
7,24,-17
7,17,-10
20,24,-4
0,23,-23
0,14,-14
35,27,8
21,20,1
27,24,3
27,26,1
21,19,2
21,36,-15
14,17,-3
14,19,-5
16,14,2
21,45,-24
7,35,-28
28,38,-10
3,27,-24
21,30,-9
35,13,22
14,33,-19
21,22,-1
14,20,-6
21,19,2
21,27,-6
14,19,-5
20,20,0
28,14,14
28,16,12
14,31,-17
28,40,-12
21,30,-9
28,21,7
30,38,-8
14,24,-10
14,30,-16
14,20,-6
35,29,6
21,41,-20
29,42,-13
21,14,7
37,34,3
14,33,-19
21,27,-6
21,24,-3
21,14,7
7,20,-13
35,29,6
14,21,-7
14,26,-12
6,34,-28
7,59,-52
14,27,-13
14,37,-23
24,17,7
14,27,-13
20,34,-14
14,34,-20
26,9,17
7,40,-33
20,37,-17
7,9,-2
14,43,-29
21,15,6
14,26,-12
21,26,-5
14,31,-17
34,28,6
14,19,-5
42,17,25
14,16,-2
21,17,4
14,40,-26
13,31,-18
7,17,-10
7,6,1
23,35,-12
24,31,-7
20,20,0
14,44,-30
7,24,-17
14,23,-9
7,30,-23
21,37,-16
21,38,-17
7,36,-29
27,22,5
21,27,-6
0,26,-26
31,21,10
24,41,-17
14,7,7
28,27,1
21,19,2
7,20,-13
20,31,-11
14,17,-3
27,26,1
21,10,11
34,21,13
20,27,-7
14,37,-23
14,27,-13
7,44,-37
42,14,28
28,13,15
21,37,-16
10,29,-19
14,3,11
7,31,-24
28,23,5
21,21,0
7,17,-10
14,39,-25
21,10,11
14,24,-10
9,22,-13
21,17,4
14,27,-13
21,45,-24
35,20,15
21,20,1
21,26,-5
14,35,-21
21,23,-2
0,40,-40
21,35,-14
21,23,-2
14,33,-19
21,13,8
7,20,-13
21,35,-14
28,13,15
14,47,-33
14,45,-31
17,16,1
28,38,-10
28,27,1
14,17,-3
28,44,-16
14,12,2
28,17,11
7,33,-26
28,20,8
14,38,-24
6,41,-35
28,13,15
35,24,11
14,41,-27
0,19,-19
16,27,-11
14,28,-14
35,10,25
28,37,-9
21,28,-7
20,27,-7
0,33,-33
14,22,-8
20,30,-10
7,26,-19
21,27,-6
21,38,-17
24,6,18
14,47,-33
10,17,-7
21,30,-9
28,14,14
21,35,-14
14,31,-17
20,26,-6
21,20,1
14,50,-36
21,28,-7
7,16,-9
20,14,6
7,26,-19
42,17,25
7,20,-13
6,30,-24
28,26,2
7,23,-16
21,30,-9
21,28,-7
21,24,-3
0,30,-30
42,27,15
28,12,16
21,9,12
28,16,12
28,27,1
14,27,-13
21,27,-6
28,41,-13
17,16,1
7,34,-27
21,20,1
14,24,-10
23,29,-6
7,27,-20
21,26,-5
35,20,15
14,41,-27
14,20,-6
21,27,-6
35,28,7
14,21,-7
21,17,4
17,27,-10
28,12,16
14,23,-9
13,40,-27
14,42,-28
21,20,1
7,41,-34
13,38,-25
13,19,-6
28,16,12
14,27,-13
21,16,5
9,37,-28
13,26,-13
7,16,-9
20,20,0
27,31,-4
21,24,-3
17,33,-16
7,32,-25
17,33,-16
28,24,4
20,11,9
27,37,-10
24,36,-12
7,34,-27
21,30,-9
21,37,-16
31,22,9
20,30,-10
7,21,-14
0,57,-57
21,21,0
34,45,-11
7,12,-5
28,28,0
10,30,-20
7,46,-39
14,24,-10
14,12,2
20,38,-18
3,34,-31
20,27,-7
14,36,-22
35,17,18
14,16,-2
13,27,-14
0,23,-23
35,17,18
0,59,-59
27,36,-9
21,33,-12
21,23,-2
14,20,-6
14,41,-27
28,10,18
24,17,7
13,16,-3
31,28,3
21,30,-9
14,10,4
28,24,4
28,27,1
28,41,-13
14,10,4
35,34,1
21,36,-15
21,42,-21
10,30,-20
14,26,-12
10,24,-14
30,0,30
14,13,1
20,37,-17
24,31,-7
14,20,-6
7,24,-17
28,20,8
21,34,-13
14,37,-23
24,13,11
14,26,-12
28,23,5
35,27,8
38,17,21
35,12,23
21,24,-3
17,24,-7
42,14,28
28,42,-14
21,48,-27
21,42,-21
21,27,-6
20,19,1
17,30,-13
7,19,-12
28,17,11
0,34,-34
10,23,-13
35,17,18
10,22,-12
10,34,-24
10,40,-30
21,16,5
14,31,-17
14,3,11
19,33,-14
10,34,-24
35,23,12
28,27,1
21,27,-6
35,36,-1
41,23,18
6,29,-23
21,41,-20
27,24,3
27,21,6
14,20,-6
20,30,-10
17,62,-45
14,41,-27
31,31,0
14,34,-20
7,20,-13
14,17,-3
14,28,-14
14,34,-20
7,16,-9
28,13,15
14,23,-9
28,31,-3
7,23,-16
27,31,-4
14,16,-2
27,33,-6
31,31,0
16,20,-4
24,14,10
7,23,-16
14,31,-17
14,14,0
21,14,7
7,20,-13
14,37,-23
10,16,-6
10,30,-20
13,21,-8
28,27,1
0,44,-44
14,38,-24
20,38,-18
27,3,24
7,41,-34
21,30,-9
28,7,21
3,10,-7
35,35,0
7,32,-25
21,13,8
14,20,-6
0,42,-42
34,20,14
21,24,-3
10,39,-29
28,44,-16
13,33,-20
10,36,-26
7,44,-37
7,28,-21
7,10,-3
31,31,0
7,32,-25
0,25,-25
7,33,-26
21,44,-23
20,26,-6
28,9,19
3,20,-17
3,24,-21
27,10,17
20,40,-20
14,30,-16
14,27,-13
16,34,-18
0,42,-42
10,30,-20
21,21,0
28,10,18
19,34,-15
16,31,-15
34,8,26
21,37,-16
13,27,-14
14,26,-12
24,21,3
14,10,4
24,36,-12
14,7,7
21,16,5
7,31,-24
21,18,3
7,42,-35
28,38,-10
17,36,-19
28,40,-12
7,26,-19
21,23,-2
14,21,-7
14,23,-9
10,33,-23
21,10,11
21,52,-31
21,33,-12
7,30,-23
21,24,-3
17,19,-2
7,24,-17
7,33,-26
28,37,-9
28,13,15
14,13,1
14,24,-10
7,37,-30
14,37,-23
21,31,-10
30,27,3
26,23,3
31,20,11
21,12,9
24,21,3
21,32,-11
0,33,-33
28,40,-12
34,36,-2
14,29,-15
24,31,-7
21,20,1
14,37,-23
21,19,2
24,13,11
16,44,-28
14,31,-17
21,31,-10
14,41,-27
0,47,-47
21,19,2
14,20,-6
35,28,7
10,19,-9
21,36,-15
21,43,-22
21,31,-10
28,34,-6
28,6,22
14,22,-8
21,20,1
21,20,1
14,24,-10
28,16,12
21,19,2
35,24,11
14,35,-21
35,51,-16
14,48,-34
34,40,-6
35,30,5
17,40,-23
35,24,11
20,24,-4
28,28,0
21,20,1
16,20,-4
48,22,26
14,40,-26
21,9,12
21,45,-24
31,29,2
28,23,5
14,17,-3
10,26,-16
34,17,17
14,38,-24
14,36,-22
14,37,-23
7,44,-37
9,10,-1
21,40,-19
35,34,1
14,55,-41
21,24,-3
0,34,-34
21,16,5
14,31,-17
21,17,4
14,31,-17
3,34,-31
38,24,14
14,13,1
7,20,-13
7,20,-13
14,10,4
14,27,-13
21,42,-21
17,31,-14
7,47,-40
30,23,7
28,30,-2
14,20,-6
14,27,-13
19,24,-5
13,12,1
14,30,-16
3,13,-10
3,3,0
20,37,-17
21,26,-5
14,13,1
28,32,-4
34,23,11
28,30,-2
20,20,0
0,28,-28
21,15,6
28,24,4
14,30,-16
7,34,-27
17,35,-18
0,26,-26
10,20,-10
0,31,-31
6,29,-23
21,52,-31
10,28,-18
31,20,11
31,49,-18
7,38,-31
7,33,-26
28,27,1
28,33,-5
21,24,-3
7,31,-24
14,14,0
21,24,-3
21,31,-10
17,20,-3
17,48,-31
21,24,-3
21,20,1
41,33,8
13,23,-10
23,24,-1
7,22,-15
21,17,4
21,31,-10
17,3,14
28,43,-15
0,57,-57
21,34,-13
14,37,-23
14,52,-38
7,24,-17
0,41,-41
21,34,-13
21,24,-3
14,24,-10
14,40,-26
21,14,7
28,20,8
0,27,-27
12,6,6
28,7,21
21,34,-13
0,34,-34
7,24,-17
7,26,-19
6,17,-11
14,19,-5
21,23,-2
14,30,-16
24,20,4
28,6,22
14,33,-19
14,17,-3
14,20,-6
21,30,-9
28,19,9
35,21,14
14,10,4
14,30,-16
35,34,1
34,45,-11
6,23,-17
14,9,5
27,12,15
14,29,-15
9,23,-14
28,37,-9
14,37,-23
35,24,11
14,31,-17
27,24,3
21,38,-17
14,20,-6
14,30,-16
6,13,-7
6,30,-24
21,20,1
21,23,-2
13,27,-14
7,32,-25
7,35,-28
35,24,11
21,3,18
28,12,16
28,17,11
20,31,-11
28,27,1
14,44,-30
7,37,-30
14,48,-34
13,20,-7
28,10,18
14,35,-21
7,26,-19
28,31,-3
28,16,12
21,20,1
42,16,26
21,36,-15
21,13,8
42,21,21
14,17,-3
14,44,-30
14,30,-16
28,30,-2
13,33,-20
0,45,-45
7,23,-16
14,37,-23
7,36,-29
27,7,20
7,34,-27
28,23,5
14,33,-19
14,20,-6
14,34,-20
7,27,-20
14,34,-20
35,10,25
14,25,-11
21,26,-5
21,23,-2
30,20,10
21,45,-24
0,38,-38
14,12,2
21,23,-2
14,15,-1
21,34,-13
14,13,1
16,44,-28
13,31,-18
20,20,0
14,34,-20
14,37,-23
35,27,8
20,48,-28
35,30,5
14,27,-13
7,32,-25
14,22,-8
28,24,4
13,29,-16
14,13,1
14,41,-27
21,43,-22
27,28,-1
20,17,3
14,30,-16
28,34,-6
21,24,-3
28,16,12
14,40,-26
21,30,-9
21,33,-12
28,24,4
35,0,35
28,20,8
21,21,0
23,24,-1
20,20,0
49,45,4
28,38,-10
21,21,0
14,37,-23
16,7,9
14,23,-9
7,27,-20
2,26,-24
14,27,-13
14,40,-26
21,27,-6
7,24,-17
35,31,4
49,34,15
28,27,1
7,41,-34
7,58,-51
21,27,-6
0,37,-37
7,27,-20
14,27,-13
42,7,35
35,23,12
42,38,4
28,20,8
9,33,-24
21,24,-3
0,30,-30
17,37,-20
14,40,-26
28,35,-7
28,23,5
14,22,-8
25,20,5
7,28,-21
7,27,-20
14,36,-22
42,17,25
21,23,-2
21,26,-5
28,37,-9
20,17,3
14,27,-13
10,27,-17
27,23,4
14,31,-17
21,37,-16
14,33,-19
14,29,-15
20,17,3
14,3,11
7,20,-13
21,24,-3
14,16,-2
27,16,11
9,23,-14
13,37,-24
28,45,-17
21,40,-19
42,23,19
21,23,-2
14,17,-3
14,48,-34
0,31,-31
0,21,-21
7,23,-16
28,20,8
20,7,13
28,33,-5
7,48,-41
0,26,-26
21,30,-9
28,17,11
38,24,14
13,30,-17
34,34,0
7,13,-6
17,26,-9
13,38,-25
7,20,-13
21,31,-10
21,55,-34
31,23,8
14,33,-19
20,29,-9
20,23,-3
36,17,19
3,23,-20
21,20,1
14,27,-13
28,13,15
10,41,-31
14,28,-14
14,22,-8
0,45,-45
14,36,-22
14,16,-2
20,30,-10
20,24,-4
20,20,0
27,64,-37
35,23,12
21,34,-13
7,34,-27
34,38,-4
7,34,-27
21,20,1
14,23,-9
14,17,-3
28,10,18
21,29,-8
21,26,-5
28,13,15
34,24,10
35,44,-9
34,10,24
20,13,7
14,36,-22
14,18,-4
27,34,-7
24,41,-17
17,24,-7
14,22,-8
21,20,1
7,32,-25
16,27,-11
42,33,9
0,19,-19
34,20,14
10,23,-13
21,30,-9
28,10,18
42,42,0
21,43,-22
37,24,13
35,38,-3
21,26,-5
21,31,-10
30,28,2
14,33,-19
14,10,4
34,26,8
28,20,8
10,22,-12
10,33,-23
13,20,-7
7,34,-27
13,27,-14
28,21,7
30,20,10
0,36,-36
14,24,-10
7,6,1
14,31,-17
21,23,-2
21,37,-16
21,20,1
27,30,-3
14,12,2
21,30,-9
34,40,-6
7,21,-14
28,30,-2
14,28,-14
10,42,-32
20,22,-2
17,20,-3
31,41,-10
26,32,-6
42,34,8
7,17,-10
14,24,-10
35,13,22
17,20,-3
20,27,-7
21,24,-3
7,14,-7
0,54,-54
7,31,-24
42,31,11
14,23,-9
14,16,-2
3,30,-27
21,21,0
26,28,-2
14,30,-16
14,27,-13
7,37,-30
42,20,22
7,22,-15
0,24,-24
28,33,-5
14,30,-16
14,17,-3
35,26,9
7,33,-26
35,33,2
14,41,-27
21,17,4
14,34,-20
14,27,-13
14,40,-26
21,44,-23
14,3,11
13,34,-21
17,12,5
35,27,8
7,26,-19
0,27,-27
21,20,1
7,34,-27
14,47,-33
28,33,-5
3,21,-18
14,37,-23
21,30,-9
21,27,-6
7,27,-20
7,34,-27
14,31,-17
14,27,-13
13,38,-25
35,27,8
21,21,0
14,16,-2
14,34,-20
21,22,-1
14,20,-6
7,14,-7
7,19,-12
35,27,8
24,24,0
21,20,1
0,19,-19
7,22,-15
28,12,16
7,14,-7
21,44,-23
10,26,-16
28,20,8
3,37,-34
0,30,-30
9,34,-25
7,29,-22
30,30,0
3,30,-27
21,31,-10
7,33,-26
24,10,14
14,24,-10
7,21,-14
34,17,17
21,34,-13
14,26,-12
28,10,18
14,34,-20
23,27,-4
28,20,8
7,21,-14
44,31,13
14,13,1
7,25,-18
35,3,32
17,24,-7
29,24,5
17,44,-27
14,36,-22
14,48,-34
7,23,-16
7,37,-30
28,13,15
17,26,-9
3,27,-24
42,19,23
13,23,-10
34,20,14
14,21,-7
7,27,-20
19,23,-4
21,30,-9
28,16,12
42,7,35
28,28,0
7,33,-26
28,26,2
7,24,-17
7,29,-22
35,37,-2
21,38,-17
38,21,17
41,34,7
7,22,-15
21,32,-11
21,24,-3
37,21,16
14,27,-13
14,15,-1
7,51,-44
35,27,8
28,22,6
21,24,-3
21,23,-2
7,20,-13
7,34,-27
0,33,-33
14,19,-5
21,17,4
14,33,-19
20,17,3
0,35,-35
30,24,6
7,16,-9
35,12,23
7,21,-14
7,51,-44
28,25,3
28,30,-2
27,13,14
35,31,4
21,33,-12
35,14,21
7,23,-16
14,31,-17
21,16,5
21,16,5
27,34,-7
34,39,-5
35,13,22
28,21,7
14,40,-26
7,47,-40
7,36,-29
23,33,-10
31,13,18
13,29,-16
21,33,-12
16,27,-11
14,23,-9
24,35,-11
14,16,-2
21,28,-7
21,10,11
14,41,-27
35,31,4
21,26,-5
14,30,-16
24,27,-3
35,21,14
13,23,-10
17,10,7
7,6,1
7,44,-37
13,34,-21
14,56,-42
27,35,-8
7,26,-19
21,33,-12
20,27,-7
16,9,7
21,34,-13
14,34,-20
21,27,-6
35,33,2
21,50,-29
7,26,-19
20,27,-7
28,0,28
21,27,-6
14,23,-9
14,42,-28
7,30,-23
21,32,-11
14,40,-26
14,27,-13
45,27,18
27,44,-17
17,29,-12
24,39,-15
16,10,6
13,55,-42
35,27,8
24,43,-19
17,21,-4
14,37,-23
28,24,4
6,17,-11
26,27,-1
34,10,24
21,17,4
14,29,-15
14,20,-6
14,36,-22
20,31,-11
35,31,4
14,34,-20
20,21,-1
21,23,-2
13,33,-20
14,27,-13
0,31,-31
28,38,-10
7,27,-20
7,30,-23
7,13,-6
14,24,-10
20,18,2
21,36,-15
14,32,-18
23,30,-7
7,19,-12
28,17,11
21,20,1
21,30,-9
21,33,-12
27,34,-7
28,33,-5
21,20,1
28,44,-16
21,40,-19
21,37,-16
14,37,-23
21,30,-9
14,23,-9
14,31,-17
14,22,-8
7,46,-39
21,36,-15
14,27,-13
21,30,-9
28,24,4
13,16,-3
21,20,1
7,14,-7
14,20,-6
14,26,-12
21,41,-20
9,12,-3
7,41,-34
14,26,-12
21,26,-5
21,27,-6
14,25,-11
7,16,-9
14,35,-21
28,16,12
14,23,-9
7,20,-13
14,40,-26
21,20,1
27,27,0
21,20,1
23,31,-8
7,22,-15
14,40,-26
21,29,-8
16,34,-18
21,38,-17
7,36,-29
14,43,-29
28,24,4
14,22,-8
14,14,0
14,30,-16
21,37,-16
20,20,0
14,29,-15
28,3,25
30,23,7
42,28,14
28,24,4
7,29,-22
28,41,-13
7,24,-17
21,13,8
21,31,-10
21,21,0
7,20,-13
26,34,-8
28,37,-9
14,41,-27
28,17,11
13,22,-9
7,43,-36
14,39,-25
14,13,1
21,29,-8
7,23,-16
7,33,-26
0,31,-31
7,31,-24
7,22,-15
28,48,-20
21,26,-5
35,26,9
7,37,-30
0,30,-30
28,26,2
7,34,-27
28,30,-2
28,24,4
35,19,16
24,17,7
35,27,8
28,28,0
14,31,-17
7,15,-8
27,34,-7
14,47,-33
14,50,-36
21,34,-13
14,27,-13
42,16,26
16,28,-12
13,23,-10
14,41,-27
21,28,-7
14,24,-10
20,24,-4
21,36,-15
21,38,-17
14,14,0
14,23,-9
21,35,-14
7,13,-6
7,29,-22
13,30,-17
28,13,15
28,26,2
16,35,-19
28,38,-10
14,22,-8
14,26,-12
14,33,-19
28,26,2
28,38,-10
9,37,-28
7,13,-6
20,20,0
21,38,-17
21,17,4
14,13,1
0,33,-33
14,16,-2
7,29,-22
21,17,4
28,20,8
14,27,-13
21,37,-16
14,30,-16
14,27,-13
0,30,-30
7,16,-9
14,23,-9
35,17,18
21,14,7
55,6,49
30,15,15
14,41,-27
28,21,7
21,27,-6
14,41,-27
17,23,-6
7,20,-13
14,20,-6
7,26,-19
21,45,-24
28,35,-7
21,26,-5
7,54,-47
28,7,21
13,34,-21
13,26,-13
28,0,28
16,14,2
7,25,-18
16,30,-14
20,26,-6
21,37,-16
14,37,-23
20,48,-28
21,17,4
14,27,-13
14,13,1
14,27,-13
20,10,10
14,33,-19
21,34,-13
35,15,20
28,33,-5
14,14,0
14,14,0
7,34,-27
28,24,4
23,20,3
7,33,-26
35,13,22
21,24,-3
20,20,0
7,27,-20
28,27,1
28,30,-2
16,24,-8
20,45,-25
7,40,-33
14,38,-24
7,25,-18
17,31,-14
35,34,1
9,17,-8
3,12,-9
27,27,0
9,54,-45
21,51,-30
28,35,-7
10,23,-13
21,37,-16
14,35,-21
7,31,-24
26,7,19
14,13,1
41,20,21
38,21,17
7,17,-10
21,31,-10
14,24,-10
28,30,-2
20,20,0
35,24,11
35,43,-8
0,41,-41
27,17,10
28,16,12
3,36,-33
21,31,-10
28,20,8
21,42,-21
14,9,5
24,16,8
7,26,-19
13,14,-1
14,28,-14
21,23,-2
7,34,-27
21,35,-14
14,30,-16
3,38,-35
35,29,6
20,20,0
10,17,-7
0,21,-21
23,25,-2
7,30,-23
14,27,-13
28,17,11
14,34,-20
28,30,-2
20,33,-13
21,9,12
29,19,10
21,31,-10
14,20,-6
7,31,-24
34,0,34
21,27,-6
27,14,13
14,28,-14
14,37,-23
7,20,-13
28,41,-13
7,7,0
9,40,-31
24,23,1
21,24,-3
23,41,-18
28,27,1
20,17,3
0,30,-30
7,29,-22
21,31,-10
30,24,6
14,10,4
19,38,-19
27,20,7
21,31,-10
14,19,-5
20,27,-7
14,27,-13
14,23,-9
21,36,-15
28,34,-6
21,31,-10
14,14,0
21,20,1
28,23,5
20,21,-1
34,13,21
37,23,14
14,10,4
35,28,7
14,34,-20
14,36,-22
21,22,-1
21,40,-19
21,51,-30
28,34,-6
17,41,-24
13,34,-21
21,37,-16
24,7,17
14,20,-6
21,59,-38
14,47,-33
21,38,-17
20,41,-21
9,34,-25
35,58,-23
31,26,5
7,37,-30
14,27,-13
20,30,-10
21,30,-9
20,20,0
21,22,-1
16,38,-22
14,31,-17
21,10,11
13,23,-10
7,37,-30
21,21,0
14,20,-6
14,17,-3
7,31,-24
35,27,8
28,24,4
14,35,-21
7,43,-36
21,25,-4
14,22,-8
28,28,0
27,10,17
30,21,9
14,24,-10
14,23,-9
21,39,-18
7,30,-23
21,23,-2
14,28,-14
14,34,-20
28,30,-2
14,24,-10
20,30,-10
21,27,-6
7,30,-23
21,24,-3
23,17,6
23,26,-3
33,10,23
7,6,1
14,47,-33
21,26,-5
21,28,-7
14,23,-9
21,0,21
7,20,-13
7,52,-45
27,29,-2
28,37,-9
6,17,-11
14,16,-2
7,10,-3
24,14,10
20,30,-10
21,27,-6
7,24,-17
27,30,-3
21,14,7
21,27,-6
17,37,-20
21,26,-5
7,36,-29
14,48,-34
7,32,-25
14,19,-5
21,24,-3
7,26,-19
21,34,-13
13,31,-18
10,27,-17
28,38,-10
20,20,0
21,20,1
14,39,-25
14,35,-21
21,21,0
26,35,-9
21,36,-15
14,45,-31
14,26,-12
7,17,-10
16,17,-1
30,31,-1
34,23,11
21,26,-5
14,27,-13
7,16,-9
20,28,-8
14,27,-13
28,63,-35
14,23,-9
7,12,-5
21,26,-5
35,17,18
20,16,4
21,35,-14
13,14,-1
7,16,-9
27,36,-9
14,37,-23
7,19,-12
28,7,21
14,38,-24
14,48,-34
7,17,-10
21,31,-10
20,36,-16
19,20,-1
56,20,36
20,21,-1
21,48,-27
13,33,-20
20,18,2
14,46,-32
21,27,-6
38,27,11
0,20,-20
7,30,-23
14,48,-34
28,17,11
42,24,18
14,24,-10
21,14,7
9,13,-4
7,34,-27
7,40,-33
21,23,-2
27,40,-13
14,19,-5
20,43,-23
31,30,1
21,14,7
35,34,1
24,27,-3
16,40,-24
35,23,12
7,34,-27
14,22,-8
14,26,-12
14,20,-6
14,45,-31
7,44,-37
0,38,-38
21,10,11
14,14,0
21,23,-2
7,36,-29
20,29,-9
14,23,-9
16,19,-3
28,23,5
13,30,-17
21,47,-26
7,19,-12
14,24,-10
16,15,1
14,43,-29
28,0,28
9,12,-3
21,30,-9
7,14,-7
27,24,3
21,10,11
14,67,-53
19,17,2
21,20,1
10,14,-4
0,35,-35
35,24,11
14,33,-19
34,23,11
21,41,-20
16,34,-18
14,40,-26
14,36,-22
13,31,-18
14,23,-9
14,24,-10
28,21,7
24,40,-16
14,13,1
21,42,-21
0,17,-17
14,22,-8
28,44,-16
14,55,-41
21,27,-6
7,41,-34
14,21,-7
28,22,6
26,20,6
10,14,-4
14,44,-30
24,19,5
7,35,-28
31,16,15
10,27,-17
28,37,-9
21,33,-12
7,37,-30
28,27,1
14,36,-22
28,34,-6
7,23,-16
14,26,-12
21,26,-5
7,26,-19
7,34,-27
14,24,-10
14,23,-9
21,24,-3
7,16,-9
34,28,6
21,27,-6
21,37,-16
0,47,-47
14,7,7
21,20,1
28,20,8
16,33,-17
7,30,-23
42,28,14
14,41,-27
14,34,-20
14,36,-22
21,16,5
21,27,-6
21,30,-9
14,31,-17
7,10,-3
34,15,19
7,16,-9
20,48,-28
22,27,-5
21,22,-1
21,43,-22
7,15,-8
21,27,-6
20,10,10
14,21,-7
41,23,18
28,28,0
35,33,2
0,44,-44
21,27,-6
28,30,-2
7,24,-17
21,21,0
22,37,-15
24,13,11
14,44,-30
7,25,-18
7,41,-34
28,33,-5
0,41,-41
21,17,4
7,24,-17
23,39,-16
28,36,-8
28,19,9
21,26,-5
28,23,5
23,37,-14
28,21,7
20,27,-7
21,31,-10
4,37,-33
16,19,-3
0,15,-15
7,28,-21
21,17,4
34,24,10
7,27,-20
7,59,-52
13,30,-17
7,10,-3
7,38,-31
28,27,1
9,22,-13
7,27,-20
34,23,11
14,41,-27
14,31,-17
27,42,-15
28,10,18
14,44,-30
17,34,-17
35,0,35
21,7,14
7,30,-23
28,27,1
13,37,-24
14,37,-23
21,31,-10
28,3,25
14,20,-6
21,33,-12
7,13,-6
7,13,-6
14,12,2
28,31,-3
7,41,-34
20,27,-7
21,30,-9
21,37,-16
21,24,-3
28,37,-9
28,32,-4
21,41,-20
21,43,-22
7,35,-28
21,24,-3
21,30,-9
0,20,-20
14,10,4
42,7,35
10,45,-35
7,17,-10
7,13,-6
28,23,5
28,24,4
0,32,-32
7,44,-37
14,29,-15
13,39,-26
7,20,-13
35,35,0
21,40,-19
7,10,-3
34,10,24
14,26,-12
20,6,14
21,31,-10
14,23,-9
7,40,-33
34,20,14
14,16,-2
14,26,-12
7,29,-22
16,22,-6
21,14,7
17,20,-3
14,33,-19
7,27,-20
14,28,-14
21,34,-13
13,24,-11
27,26,1
14,10,4
0,13,-13
21,17,4
14,24,-10
21,23,-2
13,34,-21
7,22,-15
22,27,-5
14,22,-8
14,33,-19
7,37,-30
21,13,8
17,35,-18
7,31,-24
31,27,4
10,38,-28
7,34,-27
38,28,10
28,33,-5
21,23,-2
20,18,2
7,20,-13
10,12,-2
28,13,15
21,28,-7
13,26,-13
23,20,3
13,23,-10
14,33,-19
21,17,4
7,42,-35
30,31,-1
14,16,-2
21,38,-17
31,30,1
14,44,-30
2,40,-38
21,37,-16
23,21,2
0,25,-25
28,37,-9
14,14,0
28,30,-2
7,27,-20
7,33,-26
28,16,12
21,14,7
28,26,2
13,40,-27
21,13,8
0,16,-16
14,33,-19
7,31,-24
6,44,-38
28,26,2
14,42,-28
17,27,-10
7,13,-6
27,38,-11
7,34,-27
7,22,-15
41,21,20
35,20,15
16,10,6
14,44,-30
14,27,-13
0,40,-40
14,21,-7
7,36,-29
23,38,-15
21,27,-6
7,33,-26
7,40,-33
28,12,16
7,37,-30
6,26,-20
27,31,-4
21,37,-16
14,20,-6
14,36,-22
34,27,7
28,36,-8
28,51,-23
21,31,-10
21,31,-10
30,17,13
7,26,-19
21,6,15
28,40,-12
14,17,-3
14,20,-6
28,23,5
7,16,-9
14,24,-10
16,28,-12
14,26,-12
28,9,19
7,34,-27
21,38,-17
34,24,10
28,20,8
14,14,0
21,23,-2
7,34,-27
27,38,-11
14,38,-24
21,13,8
28,20,8
28,17,11
17,16,1
28,40,-12
20,3,17
14,13,1
28,14,14
21,33,-12
26,40,-14
16,32,-16
28,16,12
7,42,-35
27,20,7
14,37,-23
7,34,-27
28,12,16
34,16,18
28,33,-5
37,17,20
26,41,-15
14,25,-11
21,20,1
21,32,-11
14,30,-16
0,28,-28
7,14,-7
14,23,-9
7,27,-20
13,44,-31
14,30,-16
28,35,-7
14,18,-4
7,30,-23
9,31,-22
21,38,-17
7,23,-16
21,17,4
35,27,8
13,23,-10
14,18,-4
28,30,-2
13,14,-1
21,24,-3
7,24,-17
7,6,1
14,37,-23
14,17,-3
7,33,-26
21,37,-16
21,24,-3
23,26,-3
21,45,-24
14,37,-23
35,14,21
28,37,-9
14,38,-24
21,34,-13
14,24,-10
0,27,-27
7,30,-23
21,0,21
7,30,-23
7,26,-19
13,20,-7
21,26,-5
14,40,-26
28,17,11
7,43,-36
0,30,-30
14,40,-26
7,30,-23
28,30,-2
13,10,3
14,23,-9
27,10,17
28,28,0
27,6,21
9,28,-19
27,21,6
7,53,-46
13,34,-21
35,14,21
14,13,1
7,23,-16
20,10,10
21,24,-3
21,41,-20
13,24,-11
14,27,-13
21,41,-20
7,34,-27
28,30,-2
7,23,-16
14,22,-8
21,31,-10
20,38,-18
42,17,25
21,37,-16
23,30,-7
28,31,-3
24,24,0
30,34,-4
7,27,-20
28,26,2
14,24,-10
28,30,-2
28,21,7
16,27,-11
7,16,-9
14,30,-16
28,17,11
28,16,12
24,16,8
13,21,-8
14,27,-13
24,27,-3
14,23,-9
14,19,-5
7,39,-32
17,44,-27
31,37,-6
14,19,-5
17,14,3
14,37,-23
28,17,11
14,26,-12
21,24,-3
28,29,-1
21,31,-10
21,31,-10
7,28,-21
16,16,0
34,45,-11
29,34,-5
28,17,11
21,37,-16
10,21,-11
7,38,-31
30,37,-7
37,24,13
10,31,-21
20,34,-14
17,43,-26
10,14,-4
14,40,-26
7,23,-16
35,17,18
21,30,-9
21,17,4
20,37,-17
34,34,0
31,3,28
28,15,13
27,36,-9
28,45,-17
14,38,-24
28,34,-6
7,33,-26
21,31,-10
28,30,-2
14,34,-20
23,10,13
7,23,-16
21,28,-7
14,58,-44
28,16,12
28,20,8
7,20,-13
21,25,-4
28,23,5
27,23,4
21,31,-10
12,27,-15
21,20,1
7,40,-33
21,31,-10
14,31,-17
14,27,-13
14,13,1
21,34,-13
28,30,-2
14,7,7
27,30,-3
26,34,-8
7,43,-36
20,22,-2
28,27,1
10,41,-31
21,31,-10
21,21,0
7,34,-27
17,33,-16
3,36,-33
31,24,7
14,29,-15
14,30,-16
3,23,-20
14,27,-13
20,36,-16
34,40,-6
34,16,18
27,30,-3
14,28,-14
27,48,-21
16,34,-18
14,31,-17
28,20,8
24,24,0
28,19,9
7,24,-17
20,23,-3
21,30,-9
10,37,-27
17,27,-10
7,34,-27
28,41,-13
13,30,-17
14,45,-31
10,16,-6
28,20,8
10,28,-18
10,25,-15
28,10,18
7,50,-43
14,18,-4
21,38,-17
23,13,10
10,30,-20
28,37,-9
27,7,20
22,45,-23
14,27,-13
26,20,6
3,29,-26
31,13,18
21,22,-1
28,34,-6
14,31,-17
34,40,-6
14,24,-10
7,20,-13
21,30,-9
24,26,-2
3,47,-44
28,30,-2
21,30,-9
6,8,-2
14,21,-7
20,16,4
21,37,-16
7,19,-12
21,28,-7
27,27,0
17,26,-9
14,24,-10
21,23,-2
21,23,-2
14,40,-26
42,14,28
20,32,-12
2,10,-8
7,30,-23
0,54,-54
3,29,-26
6,47,-41
21,38,-17
14,41,-27
28,24,4
21,43,-22
10,29,-19
14,20,-6
26,24,2
14,16,-2
21,38,-17
21,24,-3
7,47,-40
24,37,-13
10,44,-34
17,29,-12
14,23,-9
21,40,-19
24,6,18
21,34,-13
7,30,-23
14,31,-17
21,30,-9
21,14,7
27,24,3
14,24,-10
21,13,8
28,10,18
28,31,-3
21,27,-6
7,23,-16
28,48,-20
21,41,-20
14,23,-9
14,13,1
21,30,-9
34,23,11
7,40,-33
3,20,-17
0,17,-17
14,7,7
20,17,3
21,14,7
17,45,-28
14,29,-15
21,44,-23
7,36,-29
7,37,-30
3,21,-18
14,34,-20
28,27,1
12,41,-29
49,21,28
27,38,-11
14,9,5
28,31,-3
21,26,-5
31,37,-6
42,38,4
28,41,-13
14,28,-14
13,36,-23
2,30,-28
14,26,-12
35,10,25
3,31,-28
27,23,4
21,27,-6
34,21,13
20,20,0
20,13,7
21,16,5
14,40,-26
14,43,-29
17,33,-16
17,27,-10
20,27,-7
14,16,-2
9,24,-15
14,48,-34
21,34,-13
0,27,-27
9,34,-25
17,42,-25
45,10,35
23,40,-17
27,20,7
27,50,-23
28,17,11
34,28,6
21,37,-16
20,26,-6
41,10,31
24,27,-3
0,28,-28
27,37,-10
21,20,1
7,23,-16
10,43,-33
14,23,-9
21,6,15
7,57,-50
21,24,-3
10,26,-16
9,13,-4
7,41,-34
21,24,-3
49,17,32
21,27,-6
35,33,2
21,29,-8
21,27,-6
28,13,15
14,13,1
21,37,-16
14,26,-12
17,59,-42
31,28,3
20,27,-7
14,48,-34
20,34,-14
10,33,-23
7,16,-9
16,34,-18
10,37,-27
16,47,-31
0,40,-40
9,20,-11
9,40,-31
6,15,-9
3,27,-24
7,40,-33
7,53,-46
0,21,-21
16,28,-12
7,44,-37
38,35,3
17,40,-23
17,33,-16
6,27,-21
24,18,6
20,23,-3
16,30,-14
10,30,-20
29,34,-5
3,31,-28
20,23,-3
7,27,-20
30,18,12
14,10,4
9,29,-20
35,14,21
28,16,12
0,23,-23
28,38,-10
7,47,-40
3,27,-24
14,26,-12
27,27,0
7,26,-19
7,16,-9
14,38,-24
28,26,2
14,30,-16
14,7,7
14,37,-23
7,38,-31
14,17,-3
7,54,-47
17,19,-2
14,17,-3
23,29,-6
21,38,-17
28,30,-2
7,20,-13
14,17,-3
0,45,-45
28,30,-2
0,17,-17
28,38,-10
28,10,18
14,21,-7
26,38,-12
21,16,5
17,27,-10
21,47,-26
27,34,-7
7,32,-25
24,20,4
14,55,-41
10,30,-20
14,34,-20
35,16,19
37,20,17
31,45,-14
17,26,-9
27,33,-6
0,42,-42
21,21,0
28,34,-6
14,40,-26
7,10,-3
41,31,10
20,24,-4
17,27,-10
7,27,-20
0,37,-37
34,21,13
27,17,10
35,27,8
17,38,-21
19,20,-1
24,30,-6
40,31,9
34,17,17
20,27,-7
17,20,-3
3,27,-24
21,21,0
16,27,-11
20,27,-7
13,29,-16
17,14,3
24,34,-10
3,20,-17
27,23,4
21,30,-9
21,24,-3
24,19,5
17,37,-20
17,17,0
13,34,-21
13,27,-14
10,33,-23
17,33,-16
29,33,-4
10,23,-13
3,48,-45
7,30,-23
17,27,-10
23,20,3
20,15,5
6,37,-31
24,54,-30
19,31,-12
30,30,0
24,27,-3
10,36,-26
9,41,-32
21,7,14
19,31,-12
30,24,6
20,30,-10
23,23,0
6,24,-18
24,36,-12
16,56,-40
16,7,9
3,9,-6
34,23,11
17,23,-6
31,33,-2
6,6,0
7,30,-23
23,38,-15
10,24,-14
24,27,-3
13,45,-32
19,17,2
3,39,-36
21,27,-6
34,13,21
7,50,-43
17,30,-13
7,31,-24
17,22,-5
27,17,10
27,29,-2
19,20,-1
20,17,3
26,23,3
14,36,-22
16,34,-18
6,40,-34
14,17,-3
22,30,-8
21,23,-2
17,23,-6
6,30,-24
20,20,0
14,47,-33
6,44,-38
26,17,9
10,55,-45
20,31,-11
0,51,-51
14,24,-10
10,33,-23
20,22,-2
20,28,-8
19,30,-11
6,37,-31
3,51,-48
14,13,1
3,23,-20
38,23,15
7,7,0
13,29,-16
7,20,-13
14,16,-2
3,29,-26
21,48,-27
7,31,-24
7,19,-12
14,23,-9
17,30,-13
7,26,-19
30,15,15
14,23,-9
35,36,-1
16,36,-20
10,36,-26
20,19,1
24,37,-13
13,13,0
23,16,7
14,27,-13
23,15,8
23,26,-3
24,20,4
17,38,-21
26,16,10
13,39,-26
7,23,-16
10,16,-6
19,16,3
20,30,-10
21,17,4
17,26,-9
17,37,-20
13,29,-16
17,27,-10
34,30,4
0,33,-33
21,34,-13
17,27,-10
9,37,-28
6,34,-28
24,34,-10
9,31,-22
24,30,-6
17,44,-27
13,9,4
21,31,-10
17,14,3
0,24,-24
10,40,-30
0,37,-37
10,31,-21
3,37,-34
10,33,-23
6,33,-27
19,27,-8
21,41,-20
37,19,18
14,23,-9
16,38,-22
21,12,9
14,28,-14
3,33,-30
14,48,-34
7,46,-39
24,45,-21
17,34,-17
10,14,-4
14,27,-13
30,20,10
31,27,4
27,27,0
0,35,-35
10,18,-8
28,21,7
7,17,-10
20,27,-7
13,19,-6
10,23,-13
0,16,-16
24,26,-2
30,12,18
21,13,8
24,13,11
34,20,14
30,13,17
27,6,21
16,30,-14
38,28,10
21,16,5
24,6,18
22,10,12
21,33,-12
31,17,14
26,17,9
24,3,21
19,22,-3
38,28,10
27,20,7
27,42,-15
3,34,-31
3,15,-12
24,37,-13
21,35,-14
3,16,-13
19,24,-5
28,39,-11
23,23,0
7,34,-27
45,28,17
17,34,-17
24,27,-3
21,33,-12
13,20,-7
13,34,-21
12,42,-30
17,44,-27
13,34,-21
10,38,-28
27,40,-13
20,30,-10
50,6,44
10,28,-18
26,31,-5
44,38,6
17,3,14
6,24,-18
23,34,-11
16,34,-18
14,34,-20
19,24,-5
6,24,-18
31,23,8
21,27,-6
31,27,4
23,20,3
25,27,-2
3,34,-31
20,17,3
23,28,-5
36,22,14
7,50,-43
7,29,-22
27,13,14
16,17,-1
0,33,-33
3,26,-23
16,43,-27
17,42,-25
16,35,-19
21,33,-12
50,13,37
13,27,-14
17,33,-16
18,34,-16
20,30,-10
13,17,-4
6,25,-19
13,44,-31
19,28,-9
17,7,10
10,30,-20
19,44,-25
20,34,-14
10,26,-16
40,28,12
30,23,7
24,27,-3
16,13,3
3,48,-45
17,36,-19
20,28,-8
7,49,-42
9,30,-21
23,34,-11
13,28,-15
13,32,-19
7,48,-41
20,40,-20
40,9,31
10,47,-37
14,38,-24
24,10,14
24,27,-3
14,26,-12
21,26,-5
31,37,-6
14,20,-6
14,23,-9
17,19,-2
15,10,5
21,20,1
20,26,-6
14,16,-2
20,37,-17
17,13,4
7,20,-13
17,27,-10
24,31,-7
30,31,-1
19,17,2
10,38,-28
14,33,-19
12,47,-35
17,12,5
17,20,-3
13,30,-17
23,14,9
21,27,-6
27,42,-15
28,28,0
14,37,-23
24,16,8
33,42,-9
14,19,-5
37,49,-12
20,24,-4
17,29,-12
26,17,9
13,34,-21
20,9,11
23,16,7
13,21,-8
16,33,-17
17,22,-5
16,17,-1
28,30,-2
24,37,-13
10,14,-4
3,30,-27
23,43,-20
27,28,-1
17,57,-40
30,38,-8
17,27,-10
13,28,-15
19,6,13
30,30,0
28,28,0
3,30,-27
24,22,2
17,35,-18
7,47,-40
23,16,7
17,10,7
3,45,-42
34,13,21
21,34,-13
26,43,-17
24,44,-20
0,27,-27
10,34,-24
21,44,-23
28,23,5
17,34,-17
21,20,1
7,24,-17
14,37,-23
7,49,-42
14,26,-12
21,31,-10
7,33,-26
20,22,-2
24,22,2
14,9,5
20,34,-14
38,20,18
2,33,-31
21,23,-2
7,24,-17
10,22,-12
17,13,4
19,20,-1
21,34,-13
21,24,-3
16,17,-1
17,24,-7
21,39,-18
14,14,0
20,28,-8
21,20,1
28,22,6
14,34,-20
10,33,-23
10,20,-10
13,38,-25
27,24,3
7,27,-20
14,38,-24
13,16,-3
31,17,14
6,31,-25
10,34,-24
14,34,-20
0,28,-28
21,45,-24
7,40,-33
10,55,-45
6,30,-24
21,40,-19
21,33,-12
21,22,-1
35,48,-13
35,27,8
7,34,-27
21,16,5
7,27,-20
31,10,21
21,33,-12
38,13,25
14,24,-10
3,22,-19
21,24,-3
17,23,-6
14,30,-16
28,19,9
7,33,-26
14,8,6
0,10,-10
7,52,-45
27,17,10
7,27,-20
21,30,-9
21,19,2
27,24,3
17,23,-6
21,37,-16
34,23,11
20,23,-3
24,36,-12
13,24,-11
21,41,-20
7,31,-24
21,38,-17
21,23,-2
21,33,-12
21,24,-3
21,30,-9
10,38,-28
10,26,-16
10,3,7
24,27,-3
7,35,-28
23,39,-16
28,33,-5
16,34,-18
21,10,11
21,20,1
24,21,3
28,16,12
21,19,2
17,21,-4
14,34,-20
6,23,-17
31,27,4
14,38,-24
28,17,11
31,24,7
21,14,7
13,16,-3
28,19,9
0,31,-31
7,28,-21
10,13,-3
21,27,-6
20,28,-8
14,26,-12
7,24,-17
28,21,7
24,31,-7
28,24,4
13,27,-14
31,27,4
31,31,0
24,30,-6
10,49,-39
15,30,-15
9,24,-15
27,32,-5
16,27,-11
24,16,8
14,40,-26
12,13,-1
13,21,-8
6,40,-34
16,42,-26
17,30,-13
3,29,-26
20,24,-4
13,29,-16
41,28,13
19,27,-8
38,7,31
32,13,19
17,33,-16
3,41,-38
27,47,-20
28,41,-13
7,26,-19
14,37,-23
28,31,-3
6,17,-11
14,31,-17
14,24,-10
17,24,-7
9,41,-32
14,37,-23
17,41,-24
7,26,-19
28,42,-14
24,17,7
10,58,-48
23,28,-5
41,17,24
26,22,4
7,33,-26
13,35,-22
28,16,12
20,24,-4
10,31,-21
34,21,13
10,37,-27
21,27,-6
10,30,-20
13,17,-4
3,22,-19
3,38,-35
14,32,-18
10,13,-3
7,33,-26
34,7,27
21,30,-9
24,24,0
31,23,8
23,38,-15
10,13,-3
6,20,-14
14,19,-5
34,16,18
26,23,3
20,27,-7
16,26,-10
14,33,-19
20,30,-10
13,21,-8
27,31,-4
23,13,10
3,34,-31
14,40,-26
26,23,3
21,23,-2
26,35,-9
20,40,-20
6,60,-54
13,31,-18
53,21,32
21,15,6
31,37,-6
22,23,-1
8,23,-15
13,15,-2
12,14,-2
6,54,-48
12,39,-27
20,17,3
38,23,15
24,26,-2
17,41,-24
6,45,-39
16,37,-21
15,30,-15
20,33,-13
6,22,-16
17,26,-9
7,40,-33
6,45,-39
30,34,-4
20,35,-15
3,33,-30
10,59,-49
23,31,-8
10,17,-7
23,37,-14
20,27,-7
10,19,-9
13,31,-18
10,14,-4
10,13,-3
14,48,-34
24,17,7
9,24,-15
19,5,14
24,20,4
23,49,-26
7,22,-15
14,43,-29
28,37,-9
15,47,-32
33,24,9
14,51,-37
13,30,-17
17,23,-6
7,24,-17
17,41,-24
24,39,-15
3,22,-19
19,20,-1
24,10,14
28,43,-15
17,15,2
24,36,-12
6,55,-49
45,19,26
6,13,-7
19,30,-11
20,30,-10
16,27,-11
17,24,-7
26,20,6
24,27,-3
23,0,23
10,15,-5
7,29,-22
17,33,-16
40,10,30
23,17,6
16,27,-11
28,24,4
13,24,-11
37,15,22
23,17,6
12,24,-12
9,17,-8
20,21,-1
10,30,-20
19,21,-2
16,37,-21
36,31,5
20,40,-20
20,26,-6
15,10,5
13,34,-21
26,26,0
10,31,-21
23,35,-12
19,34,-15
26,35,-9
25,22,3
9,33,-24
10,27,-17
13,30,-17
27,13,14
22,31,-9
9,33,-24
22,34,-12
12,41,-29
36,17,19
20,23,-3
16,38,-22
22,41,-19
10,27,-17
16,23,-7
22,31,-9
13,13,0
16,20,-4
33,3,30
3,41,-38
22,23,-1
6,30,-24
28,17,11
3,44,-41
27,12,15
3,20,-17
6,42,-36
24,20,4
3,26,-23
3,45,-42
6,29,-23
24,19,5
14,28,-14
20,30,-10
28,27,1
34,20,14
12,58,-46
12,19,-7
6,26,-20
10,30,-20
27,26,1
28,17,11
16,17,-1
27,20,7
26,38,-12
24,24,0
37,26,11
31,10,21
30,10,20
9,33,-24
17,42,-25
21,23,-2
22,21,1
24,30,-6
9,40,-31
23,17,6
22,30,-8
26,35,-9
13,43,-30
16,35,-19
32,17,15
10,30,-20
28,30,-2
13,13,0
47,7,40
19,32,-13
14,36,-22
23,20,3
22,24,-2
20,27,-7
19,27,-8
19,20,-1
12,41,-29
13,43,-30
12,22,-10
7,39,-32
21,32,-11
7,17,-10
19,27,-8
19,23,-4
0,24,-24
17,38,-21
14,20,-6
17,16,1
35,34,1
28,13,15
24,21,3
7,22,-15
31,24,7
28,20,8
0,30,-30
35,17,18
17,35,-18
8,39,-31
17,13,4
34,34,0
14,30,-16
14,23,-9
0,20,-20
13,26,-13
21,30,-9
13,20,-7
26,20,6
21,33,-12
13,35,-22
6,35,-29
7,20,-13
7,21,-14
16,17,-1
17,24,-7
27,19,8
10,61,-51
21,10,11
10,31,-21
9,23,-14
10,34,-24
17,13,4
28,24,4
14,13,1
14,30,-16
13,26,-13
14,30,-16
10,45,-35
20,26,-6
24,31,-7
34,27,7
13,19,-6
10,29,-19
21,23,-2
17,30,-13
13,23,-10
20,34,-14
17,20,-3
14,47,-33
7,20,-13
3,31,-28
13,19,-6
17,24,-7
16,41,-25
28,6,22
24,24,0
24,36,-12
10,31,-21
10,19,-9
21,12,9
7,38,-31
17,12,5
19,28,-9
16,27,-11
34,24,10
38,13,25
24,13,11
13,34,-21
19,9,10
16,34,-18
20,31,-11
14,14,0
20,38,-18
0,26,-26
23,20,3
9,55,-46
23,24,-1
31,31,0
16,33,-17
27,37,-10
26,30,-4
13,19,-6
16,28,-12
23,43,-20
20,24,-4
20,24,-4
24,34,-10
13,42,-29
26,20,6
10,29,-19
14,22,-8
24,20,4
14,58,-44
24,13,11
16,21,-5
9,43,-34
3,29,-26
8,16,-8
27,10,17
20,6,14
13,33,-20
10,40,-30
16,34,-18
20,36,-16
17,15,2
9,47,-38
3,33,-30
23,40,-17
23,17,6
20,33,-13
23,20,3
24,30,-6
17,19,-2
27,29,-2
16,24,-8
13,33,-20
20,27,-7
14,9,5
20,13,7
16,20,-4
13,9,4
24,27,-3
23,31,-8
14,19,-5
0,33,-33
21,44,-23
35,27,8
46,10,36
7,27,-20
28,30,-2
7,29,-22
13,43,-30
21,14,7
21,30,-9
16,30,-14
44,6,38
22,17,5
14,17,-3
28,30,-2
23,24,-1
17,19,-2
16,41,-25
34,26,8
24,34,-10
7,20,-13
23,13,10
14,20,-6
16,38,-22
14,17,-3
24,20,4
27,36,-9
6,41,-35
13,38,-25
23,23,0
31,41,-10
3,30,-27
24,16,8
30,13,17
13,30,-17
13,26,-13
9,36,-27
27,18,9
14,38,-24
16,30,-14
17,30,-13
6,41,-35
17,17,0
24,38,-14
21,37,-16
16,23,-7
20,40,-20
27,30,-3
17,44,-27
23,23,0
19,14,5
14,37,-23
10,48,-38
10,22,-12
34,28,6
10,19,-9
14,36,-22
24,37,-13
13,34,-21
10,23,-13
33,28,5
15,43,-28
13,41,-28
17,33,-16
10,44,-34
12,28,-16
7,27,-20
27,17,10
27,34,-7
10,17,-7
14,15,-1
31,12,19
24,27,-3
35,19,16
13,31,-18
28,40,-12
17,14,3
24,22,2
35,31,4
40,17,23
7,39,-32
13,26,-13
17,31,-14
43,30,13
17,38,-21
3,23,-20
23,25,-2
20,26,-6
30,33,-3
17,40,-23
16,48,-32
24,42,-18
17,23,-6
14,40,-26
7,24,-17
13,29,-16
15,30,-15
16,23,-7
10,27,-17
20,24,-4
16,18,-2
24,24,0
13,6,7
13,30,-17
13,30,-17
6,17,-11
24,17,7
15,31,-16
29,41,-12
14,26,-12
16,34,-18
7,29,-22
17,36,-19
30,13,17
15,26,-11
42,28,14
16,22,-6
0,39,-39
23,23,0
13,23,-10
3,20,-17
3,29,-26
23,16,7
9,25,-16
18,27,-9
20,22,-2
10,33,-23
27,34,-7
24,16,8
23,33,-10
27,45,-18
9,27,-18
24,41,-17
27,10,17
31,22,9
20,19,1
30,37,-7
6,26,-20
26,21,5
10,17,-7
3,34,-31
14,41,-27
24,10,14
7,40,-33
14,41,-27
14,47,-33
33,40,-7
13,20,-7
21,13,8
14,37,-23
7,46,-39
20,19,1
26,19,7
30,23,7
17,26,-9
27,34,-7
20,24,-4
13,23,-10
10,34,-24
6,43,-37
21,41,-20
21,25,-4
13,48,-35
12,25,-13
14,22,-8
38,13,25
16,27,-11
14,26,-12
7,29,-22
37,19,18
27,23,4
7,20,-13
13,34,-21
13,24,-11
13,37,-24
30,20,10
14,17,-3
45,17,28
14,22,-8
20,30,-10
23,28,-5
31,17,14
3,33,-30
20,39,-19
3,33,-30
16,34,-18
13,26,-13
14,47,-33
24,35,-11
7,42,-35
24,32,-8
28,34,-6
14,19,-5
3,22,-19
13,37,-24
35,10,25
27,33,-6
13,29,-16
14,23,-9
3,53,-50
26,28,-2
6,43,-37
13,23,-10
28,23,5
13,26,-13
12,44,-32
17,23,-6
24,36,-12
19,40,-21
17,24,-7
28,24,4
16,34,-18
13,43,-30
16,27,-11
34,20,14
0,44,-44
14,19,-5
26,20,6
16,17,-1
17,31,-14
21,51,-30
14,16,-2
31,33,-2
24,20,4
30,17,13
17,45,-28
33,27,6
20,41,-21
9,19,-10
20,13,7
23,3,20
16,46,-30
16,12,4
7,24,-17
21,24,-3
6,17,-11
22,30,-8
14,46,-32
21,23,-2
20,41,-21
23,24,-1
13,17,-4
23,24,-1
17,16,1
19,7,12
9,45,-36
12,27,-15
21,31,-10
20,15,5
16,36,-20
42,31,11
20,17,3
37,19,18
26,24,2
23,40,-17
12,41,-29
30,13,17
23,41,-18
15,28,-13
30,40,-10
15,34,-19
22,27,-5
26,13,13
30,27,3
18,17,1
13,33,-20
29,23,6
13,29,-16
13,6,7
22,14,8
43,22,21
13,16,-3
28,23,5
16,14,2
30,21,9
20,52,-32
0,26,-26
7,34,-27
3,23,-20
29,27,2
6,40,-34
33,13,20
17,34,-17
17,47,-30
29,28,1
15,27,-12
7,37,-30
34,31,3
19,16,3
14,31,-17
30,47,-17
0,53,-53
27,24,3
17,34,-17
30,14,16
13,48,-35
17,41,-24
17,43,-26
30,31,-1
19,13,6
16,17,-1
13,10,3
3,43,-40
21,17,4
28,14,14
16,7,9
10,37,-27
33,13,20
14,26,-12
19,30,-11
20,23,-3
26,34,-8
12,28,-16
21,17,4
16,29,-13
20,30,-10
6,26,-20
22,30,-8
10,24,-14
34,20,14
25,34,-9
26,34,-8
12,37,-25
23,21,2
24,17,7
30,24,6
13,47,-34
20,30,-10
12,41,-29
20,27,-7
17,31,-14
26,35,-9
20,17,3
13,37,-24
27,16,11
16,27,-11
19,36,-17
14,35,-21
12,31,-19
7,24,-17
23,24,-1
9,20,-11
0,39,-39
17,12,5
12,30,-18
19,20,-1
33,28,5
37,20,17
14,30,-16
34,34,0
27,30,-3
23,10,13
17,13,4
7,44,-37
33,27,6
10,20,-10
27,0,27
24,33,-9
11,29,-18
7,36,-29
21,47,-26
23,26,-3
7,30,-23
31,26,5
24,20,4
22,30,-8
26,33,-7
13,16,-3
8,28,-20
14,37,-23
21,26,-5
6,41,-35
9,36,-27
13,47,-34
24,36,-12
24,23,1
7,33,-26
20,20,0
36,34,2
17,25,-8
14,16,-2
19,31,-12
12,42,-30
34,16,18
19,20,-1
20,13,7
7,27,-20
24,19,5
31,28,3
20,34,-14
3,44,-41
7,43,-36
16,19,-3
37,10,27
10,20,-10
14,40,-26
15,17,-2
23,37,-14
16,31,-15
34,30,4
6,6,0
16,20,-4
6,51,-45
13,19,-6
6,22,-16
16,21,-5
3,23,-20
25,34,-9
12,10,2
6,30,-24
30,34,-4
20,29,-9
20,34,-14
13,19,-6
20,33,-13
12,31,-19
10,47,-37
13,16,-3
16,26,-10
10,10,0
26,12,14
27,20,7
16,34,-18
26,35,-9
26,31,-5
19,38,-19
16,26,-10
23,34,-11
12,13,-1
3,41,-38
6,31,-25
20,26,-6
21,23,-2
17,23,-6
38,21,17
18,23,-5
28,20,8
16,24,-8
24,23,1
19,37,-18
26,34,-8
23,23,0
10,37,-27
20,35,-15
33,36,-3
41,17,24
19,9,10
7,40,-33
36,30,6
26,13,13
19,30,-11
26,17,9
23,21,2
10,31,-21
26,16,10
9,16,-7
24,29,-5
19,39,-20
27,38,-11
0,64,-64
6,23,-17
24,43,-19
19,13,6
17,58,-41
19,10,9
38,13,25
20,30,-10
3,32,-29
23,13,10
10,14,-4
39,7,32
26,30,-4
27,40,-13
29,14,15
15,31,-16
23,35,-12
15,57,-42
6,45,-39
6,28,-22
9,24,-15
19,41,-22
31,23,8
36,16,20
13,35,-22
17,51,-34
29,10,19
16,24,-8
13,32,-19
6,33,-27
16,30,-14
16,40,-24
27,36,-9
13,20,-7
47,28,19
22,23,-1
6,34,-28
20,13,7
17,47,-30
6,38,-32
6,29,-23
13,27,-14
22,30,-8
12,48,-36
16,62,-46
39,13,26
20,40,-20
26,23,3
7,61,-54
16,13,3
23,17,6
26,33,-7
2,16,-14
6,24,-18
9,50,-41
10,60,-50
33,9,24
3,13,-10
20,27,-7
7,33,-26
28,21,7
19,27,-8
3,27,-24
27,17,10
10,33,-23
6,44,-38
17,7,10
12,14,-2
13,24,-11
6,40,-34
10,30,-20
10,40,-30
23,10,13
17,37,-20
20,30,-10
23,33,-10
25,27,-2
23,37,-14
20,30,-10
33,28,5
9,41,-32
33,35,-2
13,44,-31
13,10,3
19,7,12
23,14,9
34,34,0
20,20,0
26,21,5
16,43,-27
30,34,-4
9,48,-39
10,33,-23
10,41,-31
34,27,7
23,31,-8
10,31,-21
13,14,-1
14,26,-12
29,31,-2
20,16,4
19,49,-30
33,14,19
7,26,-19
17,24,-7
17,37,-20
30,23,7
16,27,-11
14,17,-3
16,36,-20
16,39,-23
21,30,-9
16,16,0
3,44,-41
31,20,11
16,15,1
13,40,-27
5,36,-31
33,24,9
10,32,-22
19,30,-11
27,35,-8
12,54,-42
18,20,-2
16,13,3
10,45,-35
41,17,24
20,10,10
38,31,7
27,27,0
16,23,-7
24,49,-25
27,14,13
13,34,-21
10,31,-21
38,28,10
31,27,4
14,24,-10
12,30,-18
17,37,-20
27,10,17
20,38,-18
10,30,-20
24,21,3
6,40,-34
31,27,4
17,31,-14
17,17,0
17,42,-25
37,13,24
14,46,-32
27,27,0
36,14,22
31,19,12
13,44,-31
30,38,-8
10,27,-17
17,27,-10
14,29,-15
17,21,-4
9,16,-7
14,9,5
30,14,16
17,31,-14
37,10,27
14,19,-5
21,34,-13
10,19,-9
21,32,-11
31,14,17
21,43,-22
24,20,4
24,30,-6
30,16,14
28,14,14
21,10,11
16,13,3
41,17,24
0,12,-12
14,19,-5
6,13,-7
10,13,-3
17,27,-10
14,26,-12
42,34,8
6,35,-29
41,20,21
24,43,-19
17,34,-17
21,34,-13
24,32,-8
19,6,13
23,3,20
7,17,-10
28,23,5
10,19,-9
21,23,-2
38,24,14
17,31,-14
13,20,-7
14,44,-30
27,6,21
23,20,3
24,13,11
23,34,-11
0,38,-38
31,43,-12
9,26,-17
10,22,-12
20,30,-10
21,43,-22
13,34,-21
17,10,7
24,27,-3
40,20,20
24,24,0
9,20,-11
29,17,12
17,30,-13
24,21,3
16,44,-28
22,12,10
29,20,9
13,29,-16
7,33,-26
10,45,-35
9,27,-18
16,33,-17
16,40,-24
18,23,-5
16,10,6
19,12,7
23,31,-8
14,27,-13
24,13,11
26,20,6
27,20,7
20,17,3
27,38,-11
19,47,-28
27,17,10
20,9,11
10,30,-20
23,29,-6
27,23,4
24,21,3
16,37,-21
26,33,-7
9,37,-28
31,17,14
34,34,0
20,17,3
13,9,4
27,46,-19
14,54,-40
17,27,-10
10,16,-6
16,31,-15
39,10,29
22,27,-5
13,20,-7
23,30,-7
11,23,-12
14,35,-21
13,35,-22
26,37,-11
7,30,-23
20,31,-11
13,19,-6
23,33,-10
0,35,-35
27,31,-4
16,26,-10
34,17,17
30,41,-11
9,31,-22
9,20,-11
13,29,-16
34,40,-6
16,20,-4
13,27,-14
37,14,23
13,30,-17
10,33,-23
13,24,-11
20,19,1
19,31,-12
7,16,-9
24,27,-3
19,13,6
20,31,-11
20,23,-3
7,33,-26
10,29,-19
27,30,-3
33,20,13
40,19,21
6,31,-25
22,34,-12
23,30,-7
17,30,-13
38,21,17
3,23,-20
19,38,-19
17,20,-3
37,27,10
23,20,3
7,52,-45
23,30,-7
19,34,-15
21,20,1
34,14,20
16,30,-14
9,36,-27
7,37,-30
14,43,-29
25,41,-16
10,19,-9
20,23,-3
13,34,-21
16,23,-7
26,21,5
19,29,-10
28,20,8
17,16,1
20,24,-4
13,6,7
7,41,-34
29,34,-5
16,13,3
12,24,-12
3,66,-63
10,9,1
6,37,-31
3,38,-35
6,33,-27
16,13,3
26,30,-4
20,35,-15
19,34,-15
30,17,13
23,41,-18
6,30,-24
17,40,-23
35,35,0
26,20,6
16,26,-10
33,21,12
6,32,-26
3,33,-30
19,24,-5
29,24,5
26,36,-10
16,47,-31
10,33,-23
20,9,11
30,23,7
19,27,-8
13,37,-24
20,29,-9
9,34,-25
27,27,0
13,24,-11
31,27,4
13,33,-20
6,33,-27
19,27,-8
38,45,-7
17,37,-20
30,10,20
27,28,-1
25,33,-8
6,38,-32
16,19,-3
6,20,-14
23,27,-4
20,26,-6
23,21,2
22,30,-8
26,19,7
25,24,1
20,23,-3
9,30,-21
13,21,-8
27,24,3
20,38,-18
9,25,-16
16,23,-7
24,20,4
3,40,-37
19,27,-8
7,51,-44
22,17,5
26,17,9
9,20,-11
20,36,-16
19,27,-8
12,37,-25
29,10,19
23,20,3
17,29,-12
13,20,-7
23,30,-7
10,56,-46
27,49,-22
13,17,-4
30,27,3
30,48,-18
26,48,-22
10,30,-20
30,19,11
26,23,3
27,9,18
10,9,1
30,10,20
21,29,-8
13,20,-7
26,35,-9
19,16,3
29,22,7
13,34,-21
3,43,-40
13,27,-14
10,31,-21
20,37,-17
24,17,7
30,24,6
26,30,-4
44,31,13
16,51,-35
13,38,-25
24,31,-7
27,24,3
13,47,-34
7,34,-27
10,30,-20
16,44,-28
6,29,-23
14,58,-44
26,31,-5
20,34,-14
28,46,-18
17,31,-14
9,20,-11
22,20,2
13,41,-28
21,41,-20
3,33,-30
20,31,-11
23,20,3
38,26,12
20,21,-1
24,21,3
30,22,8
23,16,7
20,20,0
33,19,14
12,23,-11
10,32,-22
17,22,-5
27,43,-16
20,13,7
6,50,-44
37,24,13
7,33,-26
39,21,18
7,30,-23
13,33,-20
19,39,-20
24,31,-7
17,32,-15
26,0,26
27,34,-7
33,45,-12
17,31,-14
23,20,3
20,19,1
20,21,-1
16,44,-28
16,31,-15
6,34,-28
14,26,-12
13,57,-44
7,35,-28
38,19,19
19,31,-12
10,47,-37
17,31,-14
16,38,-22
13,48,-35
33,17,16
23,31,-8
30,26,4
10,40,-30
12,42,-30
16,18,-2
30,20,10
16,47,-31
26,14,12
17,48,-31
27,29,-2
29,19,10
30,17,13
13,20,-7
6,30,-24
10,16,-6
17,27,-10
15,20,-5
7,23,-16
3,50,-47
27,27,0
12,9,3
17,41,-24
17,34,-17
30,26,4
26,7,19
16,30,-14
24,24,0
22,17,5
9,23,-14
40,29,11
20,33,-13
13,25,-12
20,17,3
24,34,-10
24,16,8
18,0,18
25,27,-2
10,33,-23
6,44,-38
17,19,-2
13,43,-30
40,20,20
19,30,-11
30,16,14
16,20,-4
15,19,-4
9,6,3
26,10,16
30,6,24
37,30,7
9,25,-16
10,35,-25
9,17,-8
33,30,3
20,15,5
22,23,-1
25,17,8
21,24,-3
10,26,-16
6,40,-34
28,14,14
13,56,-43
23,19,4
12,24,-12
33,16,17
30,30,0
19,31,-12
3,16,-13
13,56,-43
24,24,0
12,19,-7
22,31,-9
17,10,7
12,54,-42
22,20,2
10,44,-34
16,27,-11
16,35,-19
18,39,-21
10,37,-27
15,26,-11
20,27,-7
12,39,-27
24,33,-9
27,19,8
10,33,-23
20,35,-15
12,17,-5
13,31,-18
39,35,4
10,30,-20
26,24,2
19,17,2
12,44,-32
13,16,-3
19,5,14
20,9,11
23,21,2
19,16,3
22,13,9
9,14,-5
7,30,-23
6,33,-27
26,35,-9
16,18,-2
20,24,-4
13,31,-18
10,37,-27
23,35,-12
21,21,0
7,41,-34
15,27,-12
23,26,-3
23,41,-18
24,7,17
15,20,-5
29,20,9
19,39,-20
16,20,-4
6,44,-38
27,31,-4
27,41,-14
34,40,-6
16,34,-18
25,27,-2
10,34,-24
14,29,-15
0,72,-72
12,30,-18
28,26,2
12,20,-8
19,48,-29
28,31,-3
10,36,-26
19,27,-8
27,10,17
19,40,-21
22,13,9
12,41,-29
10,30,-20
19,31,-12
12,38,-26
14,3,11
17,27,-10
10,26,-16
33,27,6
37,14,23
16,22,-6
30,6,24
22,21,1
25,13,12
18,24,-6
6,20,-14
16,20,-4
21,35,-14
19,45,-26
16,26,-10
19,30,-11
17,21,-4
13,51,-38
17,16,1
13,26,-13
24,26,-2
5,30,-25
13,31,-18
13,25,-12
30,13,17
27,45,-18
23,13,10
16,34,-18
30,34,-4
24,15,9
10,17,-7
12,45,-33
24,36,-12
13,40,-27
9,40,-31
6,27,-21
7,29,-22
19,16,3
24,45,-21
16,10,6
34,7,27
33,27,6
13,32,-19
13,23,-10
17,27,-10
20,24,-4
6,22,-16
31,27,4
6,50,-44
13,47,-34
12,40,-28
0,36,-36
9,26,-17
3,31,-28
20,10,10
47,7,40
23,17,6
6,32,-26
16,13,3
19,30,-11
24,50,-26
10,33,-23
16,26,-10
9,26,-17
13,41,-28
19,28,-9
23,34,-11
25,16,9
35,38,-3
12,27,-15
27,23,4
19,55,-36
23,30,-7
23,31,-8
35,10,25
13,34,-21
26,20,6
34,35,-1
26,27,-1
3,36,-33
16,36,-20
12,30,-18
34,35,-1
19,10,9
23,48,-25
10,31,-21
10,41,-31
12,31,-19
17,30,-13
0,26,-26
10,30,-20
9,37,-28
18,13,5
20,30,-10
24,17,7
0,48,-48
24,36,-12
6,20,-14
24,15,9
41,24,17
14,30,-16
21,27,-6
34,10,24
10,31,-21
15,41,-26
24,27,-3
6,37,-31
30,9,21
30,9,21
21,19,2
14,40,-26
13,47,-34
17,31,-14
13,23,-10
17,17,0
24,47,-23
20,36,-16
27,46,-19
28,14,14
9,13,-4
17,0,17
13,43,-30
35,17,18
31,35,-4
31,38,-7
19,13,6
16,47,-31
24,15,9
27,28,-1
21,34,-13
14,36,-22
20,26,-6
24,24,0
13,32,-19
10,17,-7
13,30,-17
27,26,1
27,23,4
8,24,-16
14,16,-2
20,33,-13
24,26,-2
35,28,7
6,31,-25
9,16,-7
23,40,-17
16,27,-11
26,21,5
27,13,14
17,38,-21
21,40,-19
19,20,-1
13,9,4
10,25,-15
27,48,-21
31,34,-3
54,31,23
10,16,-6
33,26,7
3,37,-34
22,45,-23
9,27,-18
21,26,-5
9,46,-37
5,20,-15
38,10,28
30,21,9
42,27,15
14,32,-18
16,34,-18
23,34,-11
9,28,-19
16,28,-12
13,19,-6
22,20,2
10,26,-16
10,43,-33
30,44,-14
20,14,6
19,17,2
9,28,-19
7,27,-20
17,25,-8
24,31,-7
27,37,-10
16,43,-27
10,41,-31
27,13,14
17,16,1
20,23,-3
23,16,7
13,31,-18
25,51,-26
7,39,-32
28,41,-13
24,13,11
18,9,9
21,27,-6
3,26,-23
6,30,-24
30,17,13
23,20,3
15,38,-23
19,9,10
6,38,-32
20,24,-4
23,20,3
30,20,10
26,20,6
9,31,-22
16,31,-15
16,20,-4
15,31,-16
20,23,-3
16,37,-21
13,28,-15
16,24,-8
42,24,18
9,26,-17
23,17,6
6,45,-39
24,19,5
17,24,-7
15,13,2
22,20,2
16,21,-5
22,27,-5
21,27,-6
20,34,-14
17,29,-12
3,38,-35
9,19,-10
17,57,-40
3,51,-48
3,37,-34
10,38,-28
33,23,10
23,21,2
25,31,-6
27,36,-9
27,6,21
22,26,-4
23,13,10
23,23,0
20,30,-10
12,30,-18
24,32,-8
9,33,-24
16,37,-21
10,48,-38
16,23,-7
19,33,-14
36,24,12
6,24,-18
37,10,27
27,22,5
19,37,-18
19,7,12
13,38,-25
3,50,-47
34,7,27
6,51,-45
23,17,6
23,16,7
21,33,-12
34,14,20
13,30,-17
10,40,-30
21,10,11
16,30,-14
19,52,-33
7,31,-24
16,27,-11
7,40,-33
26,37,-11
35,13,22
27,19,8
27,20,7
16,56,-40
14,22,-8
23,38,-15
17,36,-19
13,39,-26
13,34,-21
10,24,-14
3,27,-24
19,30,-11
13,26,-13
23,7,16
20,3,17
3,55,-52
17,48,-31
0,26,-26
18,30,-12
20,21,-1
15,3,12
10,16,-6
7,22,-15
21,14,7
14,16,-2
19,13,6
19,34,-15
6,30,-24
7,23,-16
14,34,-20
20,32,-12
26,27,-1
28,6,22
34,34,0
17,31,-14
23,24,-1
17,13,4
18,26,-8
0,58,-58
21,30,-9
31,14,17
6,29,-23
26,20,6
12,17,-5
15,42,-27
23,34,-11
14,26,-12
10,33,-23
21,30,-9
23,23,0
29,24,5
24,37,-13
10,30,-20
25,38,-13
13,36,-23
20,21,-1
30,24,6
20,33,-13
9,53,-44
27,16,11
0,41,-41
19,20,-1
16,23,-7
23,31,-8
10,21,-11
20,16,4
12,12,0
14,13,1
34,36,-2
12,24,-12
6,47,-41
20,34,-14
9,40,-31
16,13,3
7,40,-33
13,27,-14
13,18,-5
23,22,1
27,10,17
23,30,-7
27,7,20
23,6,17
24,54,-30
17,24,-7
6,65,-59
28,14,14
6,46,-40
16,20,-4
21,23,-2
30,31,-1
42,14,28
27,20,7
23,20,3
10,19,-9
26,40,-14
10,49,-39
43,35,8
17,40,-23
9,26,-17
10,43,-33
10,40,-30
20,13,7
22,38,-16
16,20,-4
13,19,-6
9,30,-21
20,38,-18
29,28,1
6,40,-34
23,27,-4
23,29,-6
13,55,-42
20,34,-14
27,34,-7
10,58,-48
19,20,-1
16,29,-13
39,24,15
6,6,0
23,3,20
20,17,3
28,38,-10
14,32,-18
6,20,-14
0,26,-26
20,48,-28
9,41,-32
0,36,-36
12,24,-12
21,23,-2
7,26,-19
9,28,-19
23,16,7
17,48,-31
10,26,-16
14,31,-17
6,31,-25
17,43,-26
10,20,-10
13,31,-18
23,34,-11
17,31,-14
10,23,-13
13,20,-7
10,20,-10
23,34,-11
27,33,-6
21,24,-3
12,20,-8
21,51,-30
30,28,2
7,32,-25
38,38,0
23,24,-1
24,20,4
19,17,2
23,37,-14
30,10,20
20,30,-10
10,34,-24
19,20,-1
10,31,-21
16,17,-1
10,20,-10
28,34,-6
34,24,10
3,3,0
14,30,-16
32,12,20
27,23,4
3,51,-48
30,20,10
16,10,6
33,30,3
19,21,-2
7,40,-33
16,16,0
21,23,-2
24,44,-20
24,34,-10
10,34,-24
19,17,2
3,23,-20
30,17,13
13,34,-21
13,41,-28
14,44,-30
19,25,-6
34,48,-14
10,31,-21
13,42,-29
23,24,-1
19,21,-2
19,7,12
23,14,9
23,30,-7
19,24,-5
26,35,-9
13,22,-9
16,36,-20
10,33,-23
16,28,-12
6,33,-27
20,33,-13
27,10,17
16,27,-11
19,37,-18
31,24,7
23,53,-30
28,34,-6
8,40,-32
20,17,3
29,13,16
20,31,-11
26,10,16
34,24,10
29,24,5
19,23,-4
20,24,-4
12,41,-29
9,58,-49
12,20,-8
12,33,-21
19,27,-8
13,29,-16
12,41,-29
9,20,-11
28,20,8
23,16,7
26,34,-8
9,44,-35
16,28,-12
20,16,4
15,26,-11
12,27,-15
16,13,3
30,30,0
30,17,13
22,23,-1
10,47,-37
12,17,-5
26,17,9
16,47,-31
16,19,-3
19,40,-21
21,26,-5
17,36,-19
13,47,-34
12,41,-29
27,34,-7
10,67,-57
27,17,10
16,30,-14
18,24,-6
15,20,-5
12,38,-26
19,34,-15
17,27,-10
16,31,-15
23,28,-5
25,26,-1
23,17,6
20,38,-18
13,16,-3
9,25,-16
14,27,-13
13,35,-22
12,13,-1
3,75,-72
33,31,2
16,59,-43
22,28,-6
17,38,-21
30,31,-1
32,24,8
9,51,-42
8,35,-27
19,32,-13
22,17,5
12,24,-12
14,37,-23
12,35,-23
9,40,-31
26,24,2
13,23,-10
18,33,-15
16,34,-18
30,47,-17
14,34,-20
7,16,-9
19,14,5
20,9,11
25,24,1
27,24,3
15,0,15
3,33,-30
17,23,-6
10,30,-20
14,20,-6
7,40,-33
43,20,23
13,23,-10
17,16,1
20,37,-17
7,33,-26
7,20,-13
6,19,-13
23,30,-7
21,44,-23
17,43,-26
28,31,-3
34,27,7
14,14,0
21,33,-12
12,37,-25
14,50,-36
19,24,-5
31,13,18
16,27,-11
21,23,-2
28,31,-3
10,16,-6
14,61,-47
33,15,18
16,20,-4
18,20,-2
10,30,-20
24,23,1
16,20,-4
27,21,6
13,34,-21
28,31,-3
19,40,-21
23,21,2
20,24,-4
17,20,-3
37,10,27
16,31,-15
33,38,-5
29,41,-12
13,30,-17
21,38,-17
10,20,-10
14,27,-13
17,23,-6
20,19,1
28,22,6
13,23,-10
13,40,-27
14,22,-8
27,33,-6
37,34,3
10,22,-12
17,23,-6
7,40,-33
6,27,-21
10,40,-30
0,27,-27
14,34,-20
3,51,-48
13,34,-21
14,22,-8
27,40,-13
10,32,-22
16,24,-8
27,42,-15
17,30,-13
19,17,2
36,24,12
6,34,-28
6,44,-38
21,40,-19
9,27,-18
7,25,-18
13,24,-11
10,44,-34
10,20,-10
16,22,-6
6,27,-21
34,23,11
34,19,15
27,33,-6
6,44,-38
7,32,-25
21,44,-23
10,27,-17
17,33,-16
25,16,9
26,14,12
10,53,-43
17,23,-6
19,13,6
29,44,-15
16,27,-11
19,40,-21
6,39,-33
23,33,-10
27,23,4
17,30,-13
22,27,-5
27,17,10
3,30,-27
34,20,14
30,19,11
20,35,-15
26,26,0
13,37,-24
22,34,-12
16,13,3
3,18,-15
6,40,-34
7,29,-22
27,30,-3
35,30,5
25,31,-6
17,44,-27
14,29,-15
21,27,-6
38,10,28
27,27,0
29,20,9
22,20,2
0,54,-54
37,26,11
38,24,14
19,19,0
40,24,16
21,17,4
0,28,-28
19,30,-11
13,27,-14
20,37,-17
10,14,-4
14,30,-16
23,34,-11
17,19,-2
17,40,-23
29,41,-12
34,30,4
16,33,-17
17,16,1
16,43,-27
29,31,-2
34,34,0
6,40,-34
16,2,14
33,30,3
21,28,-7
17,17,0
6,65,-59
16,13,3
3,34,-31
13,26,-13
14,33,-19
10,37,-27
7,57,-50
29,20,9
10,43,-33
3,57,-54
19,24,-5
12,31,-19
14,26,-12
16,10,6
16,34,-18
14,47,-33
7,34,-27
20,21,-1
26,6,20
13,24,-11
16,26,-10
10,6,4
10,43,-33
42,20,22
17,20,-3
23,21,2
7,43,-36
16,36,-20
13,23,-10
6,31,-25
17,30,-13
19,16,3
34,24,10
6,37,-31
27,14,13
27,13,14
12,20,-8
24,27,-3
15,39,-24
34,21,13
7,46,-39
6,50,-44
17,17,0
27,24,3
20,31,-11
6,29,-23
22,35,-13
26,14,12
3,38,-35
32,38,-6
3,32,-29
38,30,8
13,16,-3
10,30,-20
24,37,-13
16,33,-17
27,23,4
24,20,4
16,17,-1
13,49,-36
17,24,-7
16,23,-7
14,31,-17
23,20,3
16,16,0
26,24,2
16,26,-10
30,31,-1
31,28,3
6,22,-16
16,13,3
13,59,-46
33,28,5
6,33,-27
16,37,-21
9,29,-20
13,37,-24
24,13,11
22,24,-2
10,22,-12
31,13,18
3,38,-35
13,34,-21
16,27,-11
3,20,-17
9,26,-17
13,40,-27
19,21,-2
16,24,-8
10,46,-36
17,23,-6
24,34,-10
6,21,-15
26,40,-14
34,21,13
20,19,1
14,10,4
17,20,-3
9,20,-11
7,40,-33
3,30,-27
6,44,-38
26,14,12
22,31,-9
13,29,-16
13,46,-33
33,41,-8
16,16,0
19,23,-4
13,35,-22
26,13,13
34,13,21
7,41,-34
27,35,-8
23,29,-6
19,14,5
19,30,-11
15,21,-6
9,47,-38
0,37,-37
30,34,-4
16,24,-8
7,44,-37
23,31,-8
22,33,-11
16,29,-13
20,17,3
24,27,-3
17,28,-11
26,10,16
0,47,-47
12,27,-15
16,19,-3
9,34,-25
31,13,18
31,27,4
20,23,-3
13,24,-11
12,33,-21
19,63,-44
6,29,-23
26,23,3
10,41,-31
13,34,-21
32,28,4
30,10,20
16,20,-4
16,37,-21
17,21,-4
6,43,-37
16,47,-31
12,26,-14
6,34,-28
24,55,-31
16,37,-21
23,9,14
13,26,-13
20,27,-7
23,27,-4
22,36,-14
0,43,-43
13,34,-21
13,17,-4
28,16,12
14,34,-20
22,34,-12
0,41,-41
6,55,-49
25,9,16
14,15,-1
24,32,-8
28,12,16
21,23,-2
7,33,-26
16,35,-19
21,30,-9
27,27,0
23,24,-1
13,30,-17
31,31,0
23,41,-18
10,16,-6
13,28,-15
35,19,16
6,30,-24
3,29,-26
9,41,-32
20,37,-17
17,9,8
34,23,11
24,26,-2
14,46,-32
13,24,-11
17,41,-24
20,16,4
14,27,-13
3,27,-24
24,43,-19
27,9,18
6,52,-46
14,53,-39
0,29,-29
16,26,-10
6,27,-21
28,17,11
7,58,-51
16,38,-22
13,53,-40
21,41,-20
16,34,-18
19,19,0
17,20,-3
6,25,-19
6,13,-7
31,14,17
29,33,-4
9,27,-18
24,31,-7
14,28,-14
17,35,-18
10,33,-23
0,43,-43
17,33,-16
16,24,-8
21,28,-7
20,23,-3
6,24,-18
20,20,0
15,38,-23
10,20,-10
30,24,6
13,37,-24
24,16,8
20,37,-17
24,31,-7
23,28,-5
6,16,-10
13,58,-45
22,37,-15
19,34,-15
20,27,-7
18,31,-13
11,13,-2
19,50,-31
19,21,-2
13,36,-23
16,27,-11
18,57,-39
31,14,17
20,6,14
32,8,24
22,12,10
28,10,18
12,48,-36
26,24,2
14,58,-44
18,23,-5
7,44,-37
20,49,-29
29,15,14
13,7,6
15,18,-3
17,27,-10
6,34,-28
13,52,-39
19,20,-1
10,20,-10
24,33,-9
15,44,-29
19,30,-11
6,34,-28
39,28,11
12,34,-22
24,38,-14
19,27,-8
3,53,-50
7,21,-14
23,23,0
20,28,-8
19,23,-4
32,27,5
20,17,3
42,7,35
30,29,1
27,17,10
6,38,-32
20,31,-11
13,25,-12
16,20,-4
17,35,-18
39,5,34
6,36,-30
24,17,7
3,19,-16
20,24,-4
19,48,-29
13,31,-18
3,29,-26
10,34,-24
6,26,-20
10,28,-18
15,21,-6
22,37,-15
39,6,33
19,20,-1
14,37,-23
17,23,-6
17,40,-23
34,35,-1
24,27,-3
20,38,-18
20,31,-11
20,38,-18
20,13,7
19,31,-12
16,32,-16
19,32,-13
19,37,-18
9,26,-17
27,41,-14
15,25,-10
26,20,6
9,62,-53
7,47,-40
18,26,-8
20,51,-31
39,17,22
26,20,6
13,57,-44
7,54,-47
19,23,-4
35,23,12
19,26,-7
12,24,-12
16,23,-7
19,33,-14
19,23,-4
6,3,3
16,27,-11
17,34,-17
20,40,-20
12,17,-5
24,22,2
30,12,18
30,34,-4
16,13,3
10,27,-17
10,24,-14
9,45,-36
12,19,-7
36,17,19
16,6,10
27,10,17
23,17,6
14,40,-26
23,17,6
17,37,-20
19,33,-14
10,19,-9
17,33,-16
19,37,-18
13,51,-38
12,17,-5
36,31,5
9,26,-17
20,29,-9
33,34,-1
22,31,-9
6,45,-39
20,26,-6
26,28,-2
14,16,-2
15,38,-23
29,14,15
20,41,-21
3,27,-24
23,41,-18
35,20,15
7,45,-38
33,42,-9
17,22,-5
12,24,-12
6,24,-18
20,55,-35
26,20,6
3,27,-24
16,9,7
13,31,-18
36,23,13
12,16,-4
10,39,-29
12,10,2
6,27,-21
10,46,-36
19,13,6
16,42,-26
16,35,-19
14,40,-26
34,28,6
10,37,-27
9,36,-27
27,34,-7
7,27,-20
16,20,-4
43,16,27
9,29,-20
13,16,-3
23,20,3
22,32,-10
39,24,15
10,24,-14
8,33,-25
30,21,9
12,26,-14
16,21,-5
16,43,-27
14,37,-23
14,20,-6
11,40,-29
16,41,-25
31,42,-11
20,33,-13
28,23,5
6,24,-18
19,20,-1
19,26,-7
12,18,-6
28,24,4
26,30,-4
24,40,-16
25,35,-10
18,24,-6
27,27,0
20,37,-17
10,51,-41
20,15,5
34,27,7
9,17,-8
25,31,-6
12,32,-20
19,30,-11
9,40,-31
19,30,-11
9,24,-15
26,41,-15
16,26,-10
20,19,1
16,31,-15
32,10,22
20,27,-7
27,23,4
14,30,-16
13,23,-10
35,33,2
16,28,-12
23,26,-3
24,41,-17
28,13,15
12,23,-11
14,24,-10
41,10,31
23,17,6
3,20,-17
13,27,-14
33,21,12
13,33,-20
27,22,5
25,24,1
20,20,0
13,17,-4
28,7,21
26,37,-11
20,9,11
27,31,-4
13,29,-16
20,23,-3
7,27,-20
19,24,-5
13,13,0
24,18,6
24,20,4
6,26,-20
34,14,20
6,44,-38
28,21,7
17,32,-15
23,17,6
7,27,-20
9,42,-33
33,30,3
10,23,-13
30,23,7
6,40,-34
30,13,17
16,23,-7
23,16,7
29,20,9
20,34,-14
16,29,-13
13,27,-14
23,38,-15
24,34,-10
12,36,-24
20,10,10
18,27,-9
16,31,-15
6,23,-17
26,23,3
13,30,-17
6,40,-34
13,50,-37
19,37,-18
15,33,-18
19,16,3
19,33,-14
28,7,21
37,24,13
13,16,-3
13,24,-11
20,30,-10
20,34,-14
12,10,2
10,27,-17
22,17,5
26,20,6
29,12,17
20,35,-15
19,24,-5
19,27,-8
3,26,-23
15,30,-15
3,33,-30
27,17,10
12,10,2
26,17,9
13,30,-17
27,20,7
33,31,2
16,19,-3
21,17,4
20,27,-7
20,26,-6
17,24,-7
9,34,-25
9,33,-24
38,30,8
9,6,3
34,26,8
27,17,10
25,13,12
23,13,10
20,16,4
6,24,-18
23,20,3
21,41,-20
22,24,-2
9,21,-12
30,17,13
22,27,-5
25,28,-3
16,48,-32
27,13,14
16,29,-13
20,34,-14
18,37,-19
12,44,-32
12,38,-26
28,20,8
18,30,-12
13,23,-10
12,3,9
13,34,-21
19,31,-12
25,28,-3
10,34,-24
30,20,10
31,20,11
9,40,-31
16,37,-21
36,17,19
21,20,1
23,29,-6
17,9,8
27,19,8
27,38,-11
15,22,-7
23,48,-25
6,9,-3
13,22,-9
6,40,-34
12,13,-1
21,23,-2
22,26,-4
24,27,-3
13,27,-14
27,14,13
20,36,-16
23,23,0
25,41,-16
30,22,8
41,23,18
21,26,-5
16,44,-28
12,9,3
6,19,-13
36,45,-9
20,38,-18
13,20,-7
52,27,25
16,23,-7
13,37,-24
23,10,13
9,27,-18
16,16,0
9,3,6
13,34,-21
20,31,-11
25,21,4
9,35,-26
21,20,1
10,33,-23
31,23,8
20,55,-35
6,19,-13
29,21,8
18,30,-12
13,34,-21
20,25,-5
36,34,2
23,23,0
19,20,-1
16,27,-11
15,35,-20
37,12,25
16,27,-11
25,17,8
40,27,13
10,24,-14
10,40,-30
18,24,-6
12,45,-33
25,13,12
25,30,-5
29,21,8
3,41,-38
26,44,-18
13,16,-3
10,37,-27
16,26,-10
16,25,-9
13,38,-25
10,27,-17
9,24,-15
16,20,-4
16,31,-15
7,36,-29
16,38,-22
19,28,-9
19,16,3
10,26,-16
19,20,-1
23,33,-10
33,10,23
9,37,-28
9,30,-21
30,24,6
16,27,-11
10,24,-14
17,41,-24
10,42,-32
20,29,-9
23,37,-14
10,30,-20
41,30,11
27,33,-6
31,27,4
13,31,-18
24,33,-9
13,24,-11
3,41,-38
10,41,-31
22,41,-19
17,35,-18
27,14,13
15,20,-5
10,27,-17
10,25,-15
7,29,-22
17,29,-12
10,37,-27
30,31,-1
7,31,-24
6,36,-30
7,34,-27
22,31,-9
12,17,-5
21,51,-30
24,21,3
26,42,-16
40,31,9
20,14,6
10,20,-10
34,10,24
16,14,2
19,20,-1
26,14,12
14,41,-27
0,53,-53
11,28,-17
12,31,-19
13,13,0
6,40,-34
16,31,-15
35,21,14
27,36,-9
23,6,17
31,16,15
20,17,3
0,36,-36
39,20,19
26,28,-2
17,27,-10
23,29,-6
37,20,17
24,19,5
19,23,-4
22,20,2
26,10,16
16,22,-6
20,17,3
23,30,-7
13,40,-27
9,45,-36
6,34,-28
10,27,-17
27,29,-2
27,13,14
3,27,-24
3,30,-27
15,6,9
24,16,8
27,37,-10
20,24,-4
25,20,5
3,27,-24
25,9,16
7,44,-37
31,24,7
9,21,-12
9,26,-17
16,19,-3
6,31,-25
12,17,-5
16,27,-11
15,39,-24
28,19,9
26,40,-14
25,27,-2
23,24,-1
29,31,-2
28,10,18
19,10,9
25,27,-2
19,34,-15
12,10,2
0,62,-62
9,37,-28
12,39,-27
22,37,-15
27,34,-7
6,29,-23
6,19,-13
6,25,-19
13,42,-29
12,37,-25
16,33,-17
28,24,4
18,34,-16
19,23,-4
3,32,-29
12,26,-14
16,14,2
29,12,17
12,51,-39
10,33,-23
13,13,0
19,17,2
23,26,-3
27,31,-4
15,34,-19
22,14,8
17,14,3
23,28,-5
24,8,16
23,38,-15
20,34,-14
6,34,-28
17,9,8
15,33,-18
19,17,2
0,34,-34
15,34,-19
32,20,12
22,34,-12
20,31,-11
0,39,-39
26,19,7
9,33,-24
24,20,4
12,24,-12
24,30,-6
19,17,2
3,54,-51
30,30,0
0,38,-38
13,33,-20
3,16,-13
13,22,-9
0,50,-50
14,28,-14
16,22,-6
23,20,3
16,29,-13
13,19,-6
23,22,1
13,41,-28
20,27,-7
30,31,-1
9,34,-25
23,27,-4
26,13,13
33,27,6
14,50,-36
10,28,-18
16,20,-4
17,29,-12
27,41,-14
10,26,-16
17,27,-10
29,10,19
7,44,-37
22,10,12
16,19,-3
10,39,-29
17,28,-11
27,31,-4
7,23,-16
3,44,-41
24,41,-17
13,41,-28
19,34,-15
13,31,-18
25,16,9
19,37,-18
13,41,-28
22,27,-5
13,40,-27
16,28,-12
6,43,-37
27,34,-7
3,50,-47
20,41,-21
14,30,-16
29,27,2
28,30,-2
17,13,4
15,27,-12
16,26,-10
20,30,-10
19,6,13
6,17,-11
10,27,-17
24,12,12
17,29,-12
14,33,-19
16,17,-1
13,30,-17
22,24,-2
18,21,-3
31,24,7
29,24,5
13,51,-38
6,48,-42
3,19,-16
4,34,-30
10,17,-7
34,21,13
10,27,-17
31,31,0
9,29,-20
36,17,19
24,21,3
21,55,-34
17,20,-3
23,37,-14
19,6,13
30,20,10
17,20,-3
20,14,6
21,20,1
32,19,13
17,16,1
12,24,-12
29,7,22
6,37,-31
12,35,-23
26,23,3
26,45,-19
20,48,-28
20,37,-17
17,46,-29
24,44,-20
9,37,-28
3,30,-27
25,24,1
26,12,14
19,28,-9
12,20,-8
23,35,-12
20,27,-7
9,13,-4
25,38,-13
23,38,-15
26,16,10
25,19,6
27,35,-8
12,40,-28
9,45,-36
33,32,1
3,34,-31
15,23,-8
18,22,-4
30,31,-1
16,24,-8
26,25,1
25,29,-4
26,38,-12
13,51,-38
16,31,-15
35,6,29
28,31,-3
23,20,3
21,7,14
28,20,8
15,44,-29
12,16,-4
29,17,12
18,17,1
26,24,2
31,37,-6
33,24,9
26,20,6
20,24,-4
12,17,-5
23,38,-15
15,24,-9
28,7,21
23,26,-3
27,16,11
26,17,9
26,21,5
22,30,-8
12,31,-19
29,27,2
20,26,-6
12,22,-10
6,26,-20
20,26,-6
25,10,15
12,41,-29
20,31,-11
6,34,-28
32,17,15
12,36,-24
29,10,19
6,20,-14
23,16,7
23,16,7
12,20,-8
22,38,-16
19,28,-9
15,20,-5
15,25,-10
22,20,2
14,26,-12
28,14,14
27,10,17
15,7,8
41,16,25
26,10,16
16,22,-6
19,45,-26
19,40,-21
22,24,-2
16,23,-7
19,17,2
6,50,-44
27,27,0
22,10,12
27,37,-10
29,20,9
30,24,6
3,45,-42
34,26,8
29,23,6
17,15,2
16,29,-13
28,16,12
26,27,-1
12,40,-28
20,48,-28
19,30,-11
27,28,-1
27,42,-15
16,24,-8
20,20,0
20,21,-1
10,26,-16
16,51,-35
23,12,11
13,30,-17
16,16,0
15,28,-13
25,12,13
9,37,-28
12,23,-11
12,20,-8
13,44,-31
34,30,4
16,30,-14
22,3,19
23,31,-8
39,15,24
26,10,16
17,41,-24
24,27,-3
34,16,18
11,27,-16
16,34,-18
16,41,-25
26,24,2
13,40,-27
10,23,-13
19,20,-1
12,16,-4
22,27,-5
20,20,0
16,25,-9
21,23,-2
16,23,-7
17,14,3
36,17,19
16,37,-21
29,34,-5
12,17,-5
37,28,9
37,24,13
6,43,-37
24,38,-14
19,28,-9
16,19,-3
27,24,3
32,7,25
16,17,-1
16,24,-8
22,3,19
29,34,-5
19,37,-18
21,33,-12
19,47,-28
30,20,10
22,30,-8
14,33,-19
18,14,4
28,34,-6
24,20,4
19,13,6
35,17,18
42,7,35
10,27,-17
38,20,18
27,31,-4
18,30,-12
20,17,3
13,40,-27
23,0,23
31,27,4
16,22,-6
20,9,11
12,24,-12
15,14,1
16,41,-25
22,17,5
26,27,-1
6,35,-29
40,42,-2
9,23,-14
3,54,-51
12,20,-8
35,27,8
19,27,-8
21,27,-6
32,20,12
6,55,-49
12,24,-12
17,29,-12
12,26,-14
29,28,1
10,33,-23
22,10,12
16,23,-7
20,41,-21
3,49,-46
16,9,7
29,18,11
6,18,-12
16,20,-4
22,24,-2
39,27,12
37,41,-4
9,44,-35
20,24,-4
27,35,-8
10,32,-22
13,21,-8
29,24,5
27,37,-10
15,22,-7
9,16,-7
16,34,-18
18,6,12
10,30,-20
23,16,7
22,33,-11
25,19,6
9,33,-24
9,24,-15
17,51,-34
21,31,-10
0,10,-10
12,20,-8
32,31,1
17,30,-13
16,20,-4
16,20,-4
9,24,-15
26,7,19
25,44,-19
15,31,-16
27,31,-4
23,17,6
22,49,-27
16,27,-11
9,38,-29
37,24,13
16,26,-10
19,38,-19
18,27,-9
30,19,11
9,37,-28
15,40,-25
32,10,22
19,17,2
22,13,9
12,17,-5
12,20,-8
22,26,-4
20,59,-39
12,30,-18
9,35,-26
26,16,10
38,6,32
10,47,-37
20,47,-27
31,24,7
25,23,2
21,10,11
19,17,2
10,29,-19
13,15,-2
9,36,-27
22,23,-1
20,12,8
40,42,-2
6,33,-27
12,54,-42
13,40,-27
19,23,-4
25,34,-9
22,24,-2
19,26,-7
16,13,3
30,14,16
23,34,-11
26,26,0
19,30,-11
15,20,-5
25,28,-3
5,26,-21
7,57,-50
3,30,-27
0,42,-42
10,19,-9
20,29,-9
24,17,7
13,44,-31
6,37,-31
30,34,-4
17,30,-13
12,27,-15
12,12,0
10,18,-8
35,20,15
15,20,-5
0,33,-33
7,11,-4
6,44,-38
0,29,-29
14,40,-26
3,38,-35
27,13,14
28,37,-9
27,7,20
27,33,-6
17,20,-3
16,31,-15
7,45,-38
24,34,-10
30,24,6
26,20,6
23,17,6
14,34,-20
6,21,-15
16,27,-11
17,34,-17
24,30,-6
10,26,-16
10,24,-14
3,34,-31
20,16,4
17,12,5
32,7,25
13,31,-18
16,28,-12
16,13,3
13,20,-7
26,28,-2
30,20,10
14,29,-15
32,21,11
20,30,-10
16,36,-20
23,41,-18
19,23,-4
23,24,-1
19,22,-3
17,29,-12
9,28,-19
10,49,-39
16,23,-7
10,48,-38
0,54,-54
17,20,-3
30,21,9
26,14,12
30,27,3
30,14,16
3,29,-26
10,16,-6
23,0,23
23,20,3
3,56,-53
25,14,11
13,20,-7
35,17,18
22,33,-11
16,29,-13
21,47,-26
23,24,-1
6,32,-26
17,37,-20
6,29,-23
20,34,-14
19,12,7
7,23,-16
19,34,-15
13,39,-26
3,30,-27
10,45,-35
23,39,-16
19,23,-4
30,38,-8
28,43,-15
32,14,18
26,16,10
13,37,-24
9,34,-25
6,23,-17
30,28,2
27,13,14
15,16,-1
25,31,-6
13,51,-38
19,17,2
36,28,8
15,23,-8
36,27,9
39,19,20
22,29,-7
29,20,9
12,23,-11
0,50,-50
13,30,-17
9,37,-28
28,7,21
26,17,9
34,23,11
10,38,-28
12,38,-26
29,28,1
16,19,-3
3,48,-45
19,26,-7
9,47,-38
13,42,-29
25,16,9
16,22,-6
33,24,9
29,3,26
12,32,-20
13,37,-24
24,16,8
10,31,-21
13,30,-17
2,13,-11
16,35,-19
27,23,4
34,27,7
13,26,-13
10,30,-20
20,38,-18
10,17,-7
20,37,-17
29,23,6
7,33,-26
24,37,-13
14,28,-14
25,7,18
3,27,-24
13,20,-7
19,45,-26
17,34,-17
3,26,-23
13,27,-14
12,37,-25
24,37,-13
32,31,1
7,38,-31
19,24,-5
28,22,6
31,28,3
20,44,-24
18,22,-4
35,13,22
26,23,3
20,17,3
10,38,-28
19,19,0
3,25,-22
22,7,15
13,34,-21
24,20,4
25,33,-8
30,6,24
12,37,-25
22,16,6
22,34,-12
16,37,-21
10,25,-15
12,20,-8
29,21,8
10,33,-23
3,31,-28
20,24,-4
31,23,8
10,32,-22
6,23,-17
17,33,-16
21,56,-35
30,0,30
37,27,10
25,34,-9
24,20,4
19,23,-4
21,23,-2
28,40,-12
3,42,-39
3,44,-41
13,14,-1
20,24,-4
17,14,3
10,18,-8
20,30,-10
31,9,22
23,34,-11
7,42,-35
23,12,11
30,13,17
6,39,-33
27,21,6
10,36,-26
8,29,-21
23,37,-14
27,7,20
26,21,5
27,27,0
31,13,18
16,20,-4
28,7,21
24,19,5
7,47,-40
6,36,-30
9,31,-22
13,29,-16
27,22,5
10,57,-47
7,52,-45
24,28,-4
32,28,4
7,43,-36
17,9,8
19,24,-5
21,13,8
14,40,-26
19,17,2
23,41,-18
20,17,3
13,31,-18
13,20,-7
10,9,1
20,19,1
34,20,14
20,17,3
7,16,-9
21,20,1
23,27,-4
17,17,0
10,27,-17
10,47,-37
10,26,-16
13,30,-17
21,20,1
9,30,-21
3,25,-22
44,17,27
10,26,-16
27,38,-11
22,38,-16
36,34,2
14,34,-20
20,24,-4
16,26,-10
12,25,-13
13,54,-41
3,36,-33
19,28,-9
19,17,2
19,20,-1
26,20,6
3,33,-30
24,30,-6
13,27,-14
9,62,-53
10,37,-27
6,16,-10
6,30,-24
26,23,3
16,19,-3
9,43,-34
25,7,18
0,40,-40
0,34,-34
3,37,-34
19,28,-9
13,50,-37
13,33,-20
19,30,-11
33,34,-1
26,14,12
13,20,-7
26,9,17
13,20,-7
39,10,29
22,27,-5
9,24,-15
37,20,17
10,23,-13
13,31,-18
3,51,-48
19,23,-4
10,17,-7
26,10,16
23,23,0
23,27,-4
13,45,-32
14,17,-3
34,27,7
20,22,-2
30,27,3
19,29,-10
41,21,20
9,27,-18
24,41,-17
15,16,-1
29,19,10
22,31,-9
19,16,3
16,28,-12
23,34,-11
19,34,-15
13,38,-25
19,24,-5
3,37,-34
35,13,22
6,62,-56
29,21,8
13,36,-23
6,44,-38
20,20,0
22,27,-5
14,30,-16
15,40,-25
19,27,-8
23,33,-10
29,7,22
16,27,-11
29,27,2
15,24,-9
15,27,-12
33,29,4
19,20,-1
22,20,2
12,16,-4
23,36,-13
9,37,-28
13,34,-21
20,17,3
31,14,17
19,31,-12
30,33,-3
0,19,-19
3,29,-26
27,34,-7
18,32,-14
7,23,-16
16,24,-8
12,27,-15
19,9,10
30,13,17
13,22,-9
12,24,-12
19,17,2
22,27,-5
9,35,-26
12,28,-16
21,23,-2
33,10,23
19,30,-11
37,29,8
3,33,-30
19,27,-8
12,26,-14
10,26,-16
9,33,-24
6,46,-40
6,34,-28
16,27,-11
0,31,-31
10,29,-19
23,30,-7
29,20,9
22,30,-8
39,7,32
15,36,-21
6,53,-47
18,16,2
15,39,-24
9,41,-32
25,21,4
20,13,7
9,25,-16
12,26,-14
6,16,-10
25,31,-6
13,13,0
28,31,-3
16,36,-20
27,27,0
13,20,-7
19,22,-3
24,29,-5
19,23,-4
20,11,9
9,29,-20
19,17,2
6,20,-14
17,23,-6
23,27,-4
29,20,9
26,24,2
3,27,-24
37,17,20
16,32,-16
16,34,-18
15,30,-15
29,19,10
13,40,-27
24,21,3
10,39,-29
16,14,2
20,28,-8
29,27,2
12,33,-21
22,40,-18
15,48,-33
9,29,-20
13,33,-20
6,23,-17
23,37,-14
3,43,-40
11,23,-12
9,32,-23
19,26,-7
21,16,5
27,34,-7
6,45,-39
23,28,-5
3,58,-55
16,33,-17
20,31,-11
19,41,-22
12,17,-5
17,40,-23
7,37,-30
38,30,8
15,29,-14
28,33,-5
20,45,-25
22,51,-29
27,30,-3
9,30,-21
30,16,14
38,14,24
0,40,-40
14,23,-9
22,48,-26
14,23,-9
10,27,-17
10,25,-15
23,21,2
25,28,-3
34,41,-7
6,41,-35
23,31,-8
3,27,-24
10,27,-17
19,30,-11
13,17,-4
16,30,-14
20,40,-20
13,42,-29
21,40,-19
10,52,-42
30,30,0
23,14,9
13,30,-17
26,9,17
6,17,-11
33,16,17
25,27,-2
16,19,-3
17,14,3
22,30,-8
6,41,-35
10,58,-48
14,37,-23
13,26,-13
6,53,-47
13,23,-10
22,45,-23
17,16,1
28,30,-2
9,34,-25
22,17,5
37,17,20
17,43,-26
45,20,25
7,45,-38
19,20,-1
9,41,-32
26,6,20
20,31,-11
20,23,-3
16,45,-29
9,28,-19
16,13,3
26,27,-1
16,38,-22
6,37,-31
6,40,-34
19,30,-11
10,34,-24
6,27,-21
16,59,-43
6,33,-27
3,43,-40
20,19,1
29,27,2
38,26,12
20,7,13
7,16,-9
3,47,-44
6,18,-12
17,44,-27
18,20,-2
12,37,-25
19,33,-14
16,39,-23
10,35,-25
13,33,-20
9,29,-20
12,21,-9
9,34,-25
12,24,-12
20,10,10
19,27,-8
18,37,-19
0,40,-40
37,27,10
27,9,18
34,20,14
12,23,-11
32,27,5
25,21,4
16,41,-25
9,26,-17
19,31,-12
13,26,-13
15,31,-16
29,35,-6
27,24,3
25,33,-8
6,39,-33
17,40,-23
16,24,-8
22,35,-13
26,38,-12
27,27,0
32,23,9
3,26,-23
15,7,8
17,30,-13
20,44,-24
16,42,-26
23,20,3
27,9,18
28,28,0
23,41,-18
15,33,-18
10,32,-22
20,20,0
6,23,-17
54,3,51
19,24,-5
23,34,-11
9,27,-18
3,37,-34
6,58,-52
30,15,15
27,35,-8
20,40,-20
22,17,5
31,18,13
18,23,-5
16,7,9
27,24,3
24,31,-7
10,43,-33
20,17,3
17,26,-9
10,35,-25
22,20,2
27,33,-6
6,29,-23
31,37,-6
20,36,-16
3,22,-19
26,13,13
16,27,-11
29,35,-6
34,37,-3
20,34,-14
17,24,-7
3,34,-31
22,24,-2
17,10,7
16,31,-15
15,23,-8
15,34,-19
13,13,0
6,34,-28
25,38,-13
9,47,-38
20,37,-17
23,27,-4
16,29,-13
33,36,-3
32,17,15
31,14,17
18,10,8
13,26,-13
3,23,-20
22,34,-12
19,16,3
12,22,-10
15,31,-16
26,17,9
6,43,-37
7,40,-33
29,23,6
16,48,-32
12,26,-14
6,10,-4
29,20,9
19,17,2
16,32,-16
32,7,25
9,31,-22
18,13,5
10,23,-13
32,30,2
20,34,-14
28,23,5
2,19,-17
3,42,-39
3,23,-20
29,33,-4
15,20,-5
26,23,3
15,28,-13
22,16,6
40,27,13
6,32,-26
29,34,-5
20,13,7
20,17,3
13,41,-28
13,26,-13
20,10,10
16,17,-1
26,30,-4
23,29,-6
33,17,16
39,30,9
16,30,-14
17,29,-12
19,27,-8
19,41,-22
30,34,-4
31,16,15
13,33,-20
33,13,20
20,21,-1
10,31,-21
16,37,-21
27,20,7
33,17,16
29,21,8
3,15,-12
10,31,-21
7,28,-21
13,44,-31
29,10,19
19,33,-14
26,31,-5
12,28,-16
24,19,5
26,10,16
16,22,-6
24,27,-3
22,37,-15
17,28,-11
41,21,20
23,24,-1
24,23,1
13,24,-11
10,40,-30
10,41,-31
22,17,5
21,17,4
27,14,13
32,9,23
6,37,-31
15,27,-12
17,23,-6
31,3,28
19,13,6
40,34,6
16,30,-14
23,23,0
15,21,-6
12,41,-29
26,6,20
22,26,-4
29,27,2
13,15,-2
17,39,-22
16,20,-4
18,26,-8
38,12,26
39,10,29
20,27,-7
13,45,-32
25,31,-6
16,31,-15
31,21,10
9,34,-25
12,26,-14
27,23,4
22,21,1
22,42,-20
9,29,-20
15,17,-2
9,40,-31
19,23,-4
16,22,-6
19,34,-15
16,32,-16
26,10,16
28,21,7
33,23,10
26,26,0
36,31,5
29,20,9
32,24,8
28,17,11
9,43,-34
19,26,-7
12,45,-33
22,30,-8
6,16,-10
18,27,-9
15,34,-19
17,44,-27
9,26,-17
19,22,-3
16,33,-17
20,40,-20
12,23,-11
15,31,-16
17,13,4
12,17,-5
25,30,-5
6,40,-34
16,28,-12
12,34,-22
15,24,-9
15,23,-8
13,47,-34
45,0,45
16,25,-9
23,20,3
17,23,-6
23,37,-14
9,41,-32
17,31,-14
26,24,2
20,31,-11
7,41,-34
20,24,-4
23,23,0
14,37,-23
30,24,6
35,27,8
22,28,-6
19,21,-2
13,38,-25
26,40,-14
9,19,-10
38,21,17
30,28,2
29,20,9
22,40,-18
36,0,36
29,27,2
13,48,-35
33,34,-1
18,10,8
15,31,-16
0,36,-36
27,28,-1
16,13,3
16,38,-22
22,20,2
12,38,-26
19,30,-11
3,47,-44
16,36,-20
26,37,-11
23,3,20
12,24,-12
6,16,-10
9,47,-38
15,35,-20
16,38,-22
32,20,12
42,10,32
16,31,-15
29,17,12
17,38,-21
20,26,-6
19,20,-1
34,48,-14
6,45,-39
26,14,12
14,39,-25
9,23,-14
21,24,-3
13,39,-26
0,31,-31
28,7,21
25,27,-2
9,39,-30
19,34,-15
13,24,-11
19,31,-12
13,20,-7
16,19,-3
23,16,7
10,42,-32
6,36,-30
9,16,-7
32,19,13
33,17,16
3,15,-12
12,13,-1
6,47,-41
3,27,-24
12,33,-21
12,7,5
25,37,-12
18,32,-14
27,40,-13
7,20,-13
9,31,-22
3,57,-54
29,21,8
39,6,33
9,40,-31
20,31,-11
19,38,-19
29,7,22
12,22,-10
9,12,-3
12,31,-19
0,33,-33
10,31,-21
16,31,-15
34,30,4
20,25,-5
25,16,9
6,20,-14
17,33,-16
26,36,-10
20,19,1
28,30,-2
14,19,-5
16,29,-13
10,46,-36
29,20,9
19,41,-22
27,37,-10
13,28,-15
13,26,-13
39,24,15
20,23,-3
23,27,-4
13,23,-10
36,21,15
18,30,-12
13,27,-14
9,45,-36
9,27,-18
9,30,-21
24,16,8
23,23,0
20,37,-17
26,33,-7
31,17,14
13,24,-11
19,32,-13
33,23,10
30,33,-3
22,34,-12
25,0,25
29,33,-4
12,36,-24
3,34,-31
25,21,4
34,38,-4
30,27,3
6,26,-20
33,22,11
12,27,-15
12,23,-11
29,31,-2
12,29,-17
42,24,18
9,48,-39
26,20,6
22,27,-5
12,19,-7
22,22,0
22,23,-1
12,16,-4
9,38,-29
17,41,-24
22,30,-8
10,38,-28
16,20,-4
6,30,-24
21,40,-19
12,31,-19
34,16,18
13,25,-12
12,31,-19
26,28,-2
24,41,-17
13,23,-10
17,26,-9
32,21,11
10,33,-23
3,38,-35
19,27,-8
24,33,-9
28,15,13
16,31,-15
7,25,-18
17,29,-12
30,19,11
22,23,-1
27,23,4
29,26,3
20,21,-1
24,44,-20
24,16,8
16,14,2
10,25,-15
7,23,-16
26,23,3
10,31,-21
17,41,-24
26,7,19
6,19,-13
13,27,-14
25,24,1
26,30,-4
29,28,1
9,20,-11
19,17,2
33,24,9
13,31,-18
28,17,11
30,31,-1
3,19,-16
13,24,-11
6,48,-42
10,38,-28
10,26,-16
12,36,-24
13,37,-24
30,41,-11
19,17,2
10,27,-17
19,19,0
21,29,-8
26,31,-5
12,17,-5
15,42,-27
24,28,-4
20,24,-4
36,14,22
37,27,10
28,21,7
29,15,14
24,26,-2
6,25,-19
22,33,-11
12,44,-32
40,16,24
13,32,-19
26,31,-5
26,38,-12
23,23,0
6,33,-27
19,26,-7
15,36,-21
10,26,-16
13,31,-18
20,27,-7
13,26,-13
6,34,-28
16,38,-22
19,31,-12
24,24,0
13,44,-31
31,34,-3
9,34,-25
6,34,-28
17,34,-17
7,26,-19
19,17,2
32,20,12
9,34,-25
15,10,5
28,12,16
20,37,-17
29,43,-14
16,27,-11
32,12,20
23,13,10
10,44,-34
3,30,-27
10,44,-34
16,13,3
28,23,5
45,10,35
32,44,-12
16,30,-14
22,6,16
6,28,-22
22,23,-1
16,34,-18
3,37,-34
16,16,0
25,23,2
27,20,7
23,27,-4
6,37,-31
23,20,3
23,10,13
33,17,16
29,31,-2
23,10,13
26,42,-16
6,41,-35
16,20,-4
31,23,8
13,24,-11
21,16,5
19,14,5
17,51,-34
14,15,-1
32,34,-2
22,20,2
14,39,-25
19,20,-1
3,33,-30
7,36,-29
23,33,-10
3,39,-36
24,23,1
20,27,-7
39,21,18
14,28,-14
10,20,-10
16,24,-8
30,27,3
19,13,6
23,39,-16
33,45,-12
6,13,-7
20,10,10
26,12,14
19,19,0
3,26,-23
10,20,-10
27,24,3
13,29,-16
19,25,-6
6,23,-17
27,26,1
10,23,-13
16,27,-11
13,7,6
20,24,-4
6,38,-32
19,17,2
16,37,-21
25,14,11
33,21,12
14,16,-2
19,13,6
19,34,-15
29,33,-4
20,43,-23
40,12,28
27,54,-27
20,34,-14
23,21,2
23,37,-14
18,14,4
25,20,5
13,24,-11
13,23,-10
22,43,-21
40,29,11
25,27,-2
36,17,19
39,13,26
35,24,11
16,40,-24
19,34,-15
37,20,17
23,44,-21
21,16,5
22,20,2
30,24,6
23,25,-2
23,31,-8
20,44,-24
10,30,-20
24,13,11
32,17,15
10,44,-34
29,28,1
13,36,-23
20,41,-21
10,30,-20
24,20,4
3,28,-25
6,37,-31
19,34,-15
17,30,-13
20,33,-13
17,22,-5
0,36,-36
13,34,-21
10,34,-24
14,21,-7
13,34,-21
16,30,-14
29,39,-10
9,25,-16
44,13,31
24,26,-2
32,20,12
9,19,-10
29,14,15
6,36,-30
9,30,-21
10,5,5
14,14,0
29,13,16
23,45,-22
20,26,-6
26,29,-3
26,36,-10
25,37,-12
29,38,-9
13,27,-14
23,25,-2
30,43,-13
29,33,-4
20,24,-4
30,23,7
14,24,-10
16,10,6
23,16,7
14,30,-16
27,17,10
9,48,-39
3,49,-46
9,25,-16
6,22,-16
20,41,-21
20,41,-21
22,33,-11
22,14,8
36,30,6
7,37,-30
26,10,16
6,20,-14
20,51,-31
28,43,-15
19,40,-21
13,17,-4
19,17,2
18,10,8
10,40,-30
13,23,-10
20,13,7
19,26,-7
34,10,24
20,17,3
13,13,0
39,21,18
36,17,19
16,27,-11
28,6,22
37,17,20
35,35,0
17,30,-13
13,40,-27
30,16,14
16,32,-16
6,45,-39
12,34,-22
20,20,0
17,32,-15
12,37,-25
15,20,-5
16,37,-21
18,19,-1
6,42,-36
22,23,-1
26,41,-15
28,24,4
9,78,-69
23,27,-4
18,30,-12
27,33,-6
12,48,-36
16,20,-4
10,41,-31
16,13,3
33,17,16
12,41,-29
18,34,-16
13,23,-10
13,23,-10
24,34,-10
9,40,-31
16,34,-18
9,22,-13
18,23,-5
25,30,-5
17,14,3
18,24,-6
19,40,-21
24,20,4
16,44,-28
21,61,-40
13,32,-19
20,27,-7
20,27,-7
22,19,3
30,26,4
7,13,-6
23,24,-1
45,31,14
17,30,-13
51,13,38
20,24,-4
18,24,-6
16,53,-37
26,24,2
36,19,17
13,30,-17
10,33,-23
42,13,29
3,27,-24
31,20,11
24,21,3
16,30,-14
29,24,5
21,27,-6
22,14,8
15,20,-5
19,23,-4
25,33,-8
19,21,-2
16,20,-4
15,23,-8
28,20,8
25,27,-2
16,44,-28
35,41,-6
16,27,-11
39,17,22
10,30,-20
20,37,-17
30,30,0
22,17,5
22,20,2
9,12,-3
10,51,-41
36,28,8
32,27,5
25,30,-5
6,29,-23
16,34,-18
25,24,1
9,46,-37
30,3,27
25,13,12
22,31,-9
14,31,-17
19,24,-5
9,39,-30
13,27,-14
24,37,-13
18,19,-1
20,17,3
13,46,-33
29,24,5
23,23,0
17,23,-6
19,34,-15
15,20,-5
23,40,-17
30,12,18
6,17,-11
12,27,-15
31,47,-16
21,38,-17
17,27,-10
21,29,-8
19,45,-26
26,16,10
17,23,-6
10,16,-6
24,28,-4
10,6,4
17,38,-21
26,26,0
24,20,4
13,21,-8
13,45,-32
20,30,-10
27,7,20
7,30,-23
13,29,-16
14,20,-6
21,34,-13
16,19,-3
12,31,-19
24,19,5
10,29,-19
9,31,-22
9,31,-22
10,36,-26
13,20,-7
9,32,-23
17,24,-7
30,16,14
13,30,-17
20,19,1
17,12,5
20,13,7
14,20,-6
8,16,-8
16,10,6
6,27,-21
21,30,-9
33,13,20
7,30,-23
10,27,-17
12,20,-8
36,7,29
3,36,-33
12,41,-29
13,34,-21
26,27,-1
19,10,9
20,33,-13
25,7,18
12,15,-3
17,27,-10
20,12,8
13,34,-21
17,41,-24
16,23,-7
22,49,-27
30,33,-3
10,47,-37
23,13,10
51,16,35
23,23,0
27,20,7
7,30,-23
30,27,3
16,30,-14
28,14,14
19,0,19
22,27,-5
38,41,-3
20,40,-20
14,59,-45
13,51,-38
19,29,-10
6,58,-52
24,41,-17
17,30,-13
16,6,10
19,20,-1
26,20,6
22,26,-4
6,30,-24
29,7,22
28,38,-10
26,27,-1
29,20,9
32,17,15
23,10,13
26,41,-15
16,33,-17
26,27,-1
13,34,-21
37,26,11
40,10,30
28,21,7
22,20,2
16,13,3
15,38,-23
19,17,2
18,10,8
9,15,-6
33,17,16
22,38,-16
19,16,3
29,31,-2
9,30,-21
25,21,4
16,24,-8
9,38,-29
10,43,-33
23,17,6
10,36,-26
16,17,-1
32,10,22
9,34,-25
27,33,-6
26,13,13
26,31,-5
3,41,-38
16,17,-1
23,19,4
12,26,-14
33,28,5
25,13,12
20,41,-21
16,12,4
7,47,-40
18,14,4
16,27,-11
16,34,-18
18,16,2
8,26,-18
9,30,-21
6,30,-24
27,29,-2
9,26,-17
9,37,-28
22,14,8
9,19,-10
34,28,6
32,27,5
16,26,-10
10,30,-20
19,33,-14
17,23,-6
20,42,-22
20,14,6
23,10,13
18,27,-9
22,14,8
0,22,-22
6,38,-32
22,27,-5
13,27,-14
13,41,-28
18,38,-20
26,23,3
10,42,-32
29,30,-1
26,17,9
26,45,-19
26,44,-18
18,31,-13
23,41,-18
13,30,-17
9,38,-29
25,31,-6
7,41,-34
30,38,-8
22,18,4
20,30,-10
19,23,-4
26,24,2
20,31,-11
13,52,-39
21,34,-13
3,31,-28
29,31,-2
30,24,6
25,24,1
30,13,17
16,19,-3
0,22,-22
15,31,-16
26,26,0
26,27,-1
35,14,21
20,45,-25
12,38,-26
19,38,-19
26,35,-9
28,24,4
22,26,-4
19,23,-4
20,21,-1
42,17,25
13,19,-6
29,38,-9
23,14,9
16,28,-12
20,47,-27
37,41,-4
19,3,16
22,6,16
12,34,-22
